#Found quasiharmonic mode : None
#T(K), volume, F(eV), S(J/K), H(J/K), a(-6/K), Cp(J/mol), Cv, Cpion, Bt(GPa), T_ph-D(K), T-D(K), F_el_atom, S_el_atom, C_el_atom, M_el, Seebeck_coefficients(10**-6 V/K), Lorenz_number(WOK^{-2}), Q_el, Q_p, Q_e, C_mu, W_p, W_e, Y_p, Y_e
0.0 14.854692604328141 -4.615812708224551 0.0 -445358.2221567625 0.0 0.0 0.0 0.0 109.09266978950559 400.0 400.0 0.0 0.0 0.0 0.0 0.0 2.443004551768e-08 0.0 0.0 0.0 0.0 0.0 0.0 0.0 0.0 0.0 0
10.0 14.854693861439737 -4.615813148753641 0.0109844852835344 -445358.1548165052 1.635670543399997e-09 0.02076301993650612 0.020763019701518923 0.014520630666495882 109.09263121453847 511.5481049655003 400.0 -3.2349285234002593e-07 0.006242442974243606 0.006242389270010237 1.9835684789094264e-06 0.39689820474994464 2.4429821341085074e-08 0.0002282139296960875 0.00011419478324472861 0.00011400995098269908 0.006242429917821565 0.0001143287198194885 0.00011388520987659904 0.0001581860570090451 0.00015818605704138775 327.9782851782456 1.830145809710423
20.0 14.854710397090468 -4.6158162958529605 0.05744538327310933 -445357.41940261563 9.090234327186045e-08 0.1711180194700051 0.17111656792284524 0.15863032495926815 109.09212373495004 461.08823145072523 400.0 -1.2939795181207065e-06 0.012485335933559568 0.012487694510736957 7.96390684960556e-06 0.8013854314790683 2.4435302548272258e-08 0.00045643205605661036 0.00022857624132660857 0.00022784661929095597 0.01248802695458432 0.0002291067046362843 0.000227325351420326 0.00031637425372210855 0.00031637425375777105 163.98920343781714 1.6777319747759927
30.0 14.85480440250566 -4.615830208534647 0.21407180856655225 -445353.4885257373 3.7890080000314384e-07 0.7247894809754083 0.724751652872676 0.7060493213785448 109.08923873853101 420.2348202423338 400.0 -2.9116244775218574e-06 0.018730693094159 0.01874015959686358 1.8054918215801347e-05 1.218715501910644 2.4444397410099933e-08 0.0006847082209239494 0.00034317557402205844 0.00034152345148304836 0.018741314692761097 0.00034437474761727955 0.00034033347330666985 0.00047459279190793736 0.0004745927919435985 109.32636624178168 1.57121189048979
40.0 14.855088700059234 -4.615871717773855 0.5576212948022081 -445341.61086093326 9.401478568389079e-07 1.7948617257033068 1.794551221025989 1.7698599757993962 109.08051341783444 409.50779111981007 400.0 -5.176796500195778e-06 0.024979591999019075 0.025001749903910787 3.237580634174382e-05 1.6472296236247823 2.4455190834370854e-08 0.0009130844426400109 0.0004580202552780099 0.0004550549919029558 0.02500456265231463 0.0004601681694998252 0.00045291627314018564 0.0006328679244537945 0.0006328679244872177 81.99529776160279 1.5553496346398805
50.0 14.855674871910747 -4.615962167490041 1.1101237751500312 -445317.1365948742 1.7201860055882923e-06 3.26346955193328 3.26217033354431 3.23218885071484 109.06252204340794 410.26437206915443 400.0 -8.090069925812896e-06 0.031233843310556605 0.03128070121844041 5.10465933407475e-05 2.0889081646551655 2.4472324922715437e-08 0.0011415970627145753 0.0005731350486248281 0.0005684528184797796 0.03128634924725225 0.0005765198379513219 0.0005650772247632535 0.0007912247558123632 0.0007912247558468637 65.59710099247715 1.5584517714353128
60.0 14.856641939106417 -4.616122104730389 1.852596849930791 -445276.91857038916 2.6345003805072085e-06 4.955900014252128 4.952243905053692 4.918314115107317 109.03283601434426 414.18174441417494 400.0 -1.165233978015869e-05 0.03749619111113685 0.037585899144811294 7.421801776568659e-05 2.5471689030477025 2.4497310244666394e-08 0.0013703078150682805 0.0006885596599542414 0.0006817389592079944 0.03759596369354499 0.0006934796267455821 0.0006768281883226985 0.0009496999008286703 0.0009496999008623088 54.66543696989395 1.5687548647808074
70.0 14.858031470462473 -4.6163686419377745 2.749037610570252 -445219.42897297966 3.6038432072643067e-06 6.721599137365988 6.713619707825897 6.677675152911387 108.990173219687 418.5750488699397 400.0 -1.58648660815433e-05 0.04376952305091669 0.04392398445460131 0.00010206992650340365 3.0241619914331213 2.4529295854135165e-08 0.00159929375211913 0.0008043434347309191 0.0007949411210247615 0.04394051631833474 0.0008111089691134332 0.0007881847830056973 0.001108337114252797 0.0011083371142882753 46.85754959156398 1.5808135145580204
80.0 14.859854196748882 -4.616714824948307 3.760578574076057 -445144.416902539 4.569484421117298e-06 8.454463760825659 8.439808397904196 8.404164373596686 108.93419505667326 422.62079868118195 400.0 -2.072924310711552e-05 0.05005642396916699 0.050299387228971766 0.00013479456989101143 3.520340921842188 2.4566765333294927e-08 0.001828631976221716 0.0009205364814800127 0.0009080862977583372 0.05032496534617698 0.0009294708920951602 0.0008991610841265554 0.0012671804500662858 0.0012671804501010213 41.002032412841054 1.592874611172486
90.0 14.86209946249734 -4.6171699398987895 4.852074329399932 -445052.4884159692 5.493550820084535e-06 10.089955323555698 10.066136981965341 10.033240327732631 108.865216797109 426.10873654144865 400.0 -2.6247339950328824e-05 0.0563590488254248 0.0567149958230679 0.00017258163331252327 4.0349814468867296 2.4608295454012084e-08 0.0020583914290846707 0.0010371844951830701 0.0010211977361449496 0.05675277558707109 0.0010486238678242968 0.001009767561260374 0.0014262701931828453 0.0014262701932180265 36.44808656977061 1.6043000969945371
100.0 14.86474368985519 -4.617740139259886 5.994427401022716 -444944.7482402429 6.354946011047387e-06 11.595042217382753 11.559647423587215 11.53186957573719 108.7839486794753 429.0346516103701 400.0 -3.242123977537189e-05 0.06267913547127028 0.06317264164556331 0.00021560917042838426 4.5667185712993135 2.4652729343543903e-08 0.002288630192216718 0.001154326792720305 0.0011342942008283942 0.0632263933600648 0.0011686192566015851 0.001120010935615133 0.0015856412642417201 0.0015856412642761208 32.80522322299829 1.6148849067336248
110.0 14.86775670668836 -4.61842910260406 7.164790649795986 -444822.5388659488 7.144329036232666e-06 12.957848824027531 12.90867327336185 12.888175506124071 108.69130247497019 431.45909307258273 400.0 -3.925318743124699e-05 0.06901805453698254 0.06967331790346062 0.0002640390687387037 5.113873306030416 2.469913440186379e-08 0.0025193955153566864 0.0012719960719826588 0.0012473902436748554 0.06974745558404895 0.0012895007641031413 0.001229894751253545 0.0017453229958162 0.001745322995851974 29.824945057966882 1.6245857764043716
120.0 14.871105996136881 -4.619238622452413 8.345860502334633 -444687.2693685723 7.859899647650016e-06 14.17942089675339 14.114537315832745 14.103203648288066 108.5882617781577 433.4565322425293 400.0 -4.674554653191985e-05 0.07537685745516436 0.07621724846532438 0.0003180150022073479 5.674611539980366 2.4746723360452393e-08 0.0027507248796103437 0.0013902188836082397 0.0013604967951711825 0.07631684837961498 0.0014113047703462039 0.0013394201092641394 0.0019053395024485249 0.0019053395024832072 27.341585759520274 1.6334286498476926
130.0 14.874759318829916 -4.6201690853353545 9.524891323818142 -444540.312777042 8.504303322435959e-06 15.267948420873038 15.18572471159128 15.185144500816396 108.47580203646557 435.09746377917793 400.0 -5.490076435037627e-05 0.08175631443319249 0.08280392005664211 0.0003776615392298603 6.247015646407637 2.4794798999766292e-08 0.0029826472823118663 0.0015090162906905694 0.0014736217895767911 0.08293472811990302 0.001534060920877965 0.0014485863614339012 0.002065710233237009 0.00206571023327182 25.240453422194914 1.6414693252920636
140.0 14.878686192381213 -4.621219851094979 10.692724869870126 -444382.95065065427 9.082546773565156e-06 16.23502763619204 16.13411404663398 16.145595495266956 108.35484539128001 436.4429715929541 400.0 -6.372134260678923e-05 0.08815694501355475 0.08943214092508599 0.00044308377893880347 6.829123278527651 2.4842730682766173e-08 0.0032151844227629118 0.0016284044966962518 0.001586770722744308 0.08960056839379359 0.0016577927209211385 0.0015573917018417733 0.002226450528403252 0.0022264505284371908 23.439626183151564 1.6487758199397946
150.0 14.882858622787348 -4.6223895449015275 11.842950104627324 -444216.3479121455 9.60067425104157e-06 17.093393631652567 16.97269368993053 16.997293487102034 108.22623850578775 437.5440148397162 400.0 -7.320981284553942e-05 0.0945790456115417 0.09610014455053278 0.0005143673012776575 7.418959124008951 2.488995316303321e-08 0.0034483517075074325 0.0017483953812733686 0.0016999471215856114 0.09631325211387112 0.0017825180589909778 0.001665833648516454 0.002387572122010833 0.0023875721220446454 21.87902923427547 1.6554193267569863
160.0 14.887251372763311 -4.623676278673848 12.971221531652239 -444041.5459181476 1.0064971762753269e-05 17.855632061812152 17.714267176476863 17.75282633146001 108.09074436667609 438.4423806645736 400.0 -8.33687156516533e-05 0.10102271702487484 0.1028057303521421 0.0005915783914712586 8.01456756147658 2.493597573864405e-08 0.0036821590926248166 0.0018689969524660912 0.001813152934150214 0.10307120143396531 0.0019082496663394505 0.0017739094262853674 0.002549083585757493 0.0025490835857917707 20.513607741320783 1.661469413712907
170.0 14.891841959152236 -4.625077817203361 14.074726221308197 -443859.4658160886 1.0481517369541782e-05 18.533508035539366 18.37078169323004 18.42396161286654 107.9490424100447 439.17209086366137 400.0 -9.420058323425542e-05 0.10748789305358122 0.10954642267282576 0.000674764543681158 8.614045894546292 2.4980392840621098e-08 0.00391661180816578 0.0019902137437639027 0.001926388857011921 0.10987252734289422 0.0020349955410947787 0.001881616267071003 0.002710990725893315 0.002710990725926918 19.308909203447197 1.6669914656686906
180.0 14.896610502936566 -4.626591701771735 15.15177636458182 -443670.91718345723 1.0855949543981623e-05 19.137666951950465 18.95303164434294 19.021347323125564 107.80173299442926 439.7607955977728 400.0 -0.00010570792534886707 0.11397437000840885 0.1163196288249012 0.0007639552372591793 9.21557531399598 2.5022891058109203e-08 0.00415171100635811 0.0021120471822116227 0.002039654615364635 0.11671518009765791 0.002162759362846773 0.001988951643511337 0.0028732969466200515 0.0028732969466526304 18.238138299152236 1.672045456955512
190.0 14.901539508354956 -4.628215341467323 16.201502169334308 -443476.60893218033 1.1193367774799517e-05 19.677549551046823 19.47057779392644 19.55442676967196 107.64934423364954 440.2309945132584 400.0 -0.0001178932183164316 0.12048183618104935 0.12312278137486644 0.0008591629545606265 9.81744692823216 2.506325072133422e-08 0.004387454361787405 0.002234495944401542 0.0021529492072110807 0.12359708583829107 0.002291540912330162 0.0020959134494572445 0.0030360035892064035 0.0030360035892403312 17.28014175330971 1.6766855137955299
200.0 14.906613616615825 -4.629946080132793 17.223622498571775 -443277.16073959036 1.1498310201552083e-05 20.161423457539783 19.931783235271013 20.031470001953636 107.49233940877005 440.60105178063986 400.0 -0.0001307588970080793 0.12700990015714225 0.12995345558614604 0.0009603843899242219 10.418081304828751 2.510134213377741e-08 0.004623836638182415 0.0023575563076442515 0.0022662711189774375 0.13051626028483476 0.0024213365000223335 0.002202500138160082 0.0031991102512941095 0.0031991102513279487 16.41799773470884 1.6809599429469146
210.0 14.911819360164651 -4.631781245014346 18.21827462041375 -443073.1140621094 1.177477375009151e-05 20.596472569285737 20.34390699048918 20.459663111149553 107.33112446387675 440.88601550785046 400.0 -0.00014430734944984657 0.1335581169754362 0.13680945813618361 0.0010676017902352998 11.016041103245577 2.51371175414738e-08 0.004860850226381803 0.002481222496636272 0.00237961851681263 0.13747089548085673 0.0025521393998787067 0.0023087108265030967 0.003362615087316772 0.003362615087349354 15.638008283049933 1.6849115361544356
220.0 14.917144931232377 -4.63371818171565 19.185888392376878 -442864.9422669941 1.2026255586510135e-05 20.988910209340354 20.713220913275464 20.84522132220786 107.1660550156018 441.09827388103236 400.0 -0.00015854091399575908 0.14012601140354072 0.14368888713249267 0.001180784367073274 11.610037222516008 2.5170600259016712e-08 0.005098485651957652 0.002605487021872854 0.00249298941579916 0.144459419372904 0.0026839402803363393 0.002414545371621312 0.003526515088924966 0.003526515088956052 14.928966533358729 1.6885780062863276
230.0 14.922579971122909 -4.635754278927298 20.127093616735706 -442653.0596971623 1.2255803403647866e-05 21.34409702417784 21.04513079577291 21.193506858194475 106.99744278315345 441.2480750287876 400.0 -0.0001734618784884698 0.146713097902436 0.15059016598336883 0.0012998897266747148 12.198929385204119 2.5201872317967038e-08 0.0053367320481810775 0.0027303410043500796 0.0026063818282167574 0.15148053050635568 0.0028167276234348252 0.0025200044247462527 0.003690806343504763 0.0036908063435355334 14.281615105897258 1.6919924803161448
240.0 14.928115382390322 -4.6378869855408995 21.042652058367675 -442437.8296409311 1.2466067407598653e-05 21.66665363223269 21.344291691556027 21.50914157718889 106.8255612222933 441.3439402003179 400.0 -0.00018907248111724105 0.15331889712429367 0.1575120550438037 0.001424865273211879 12.78172229066765 2.5231061765997632e-08 0.005575577589464386 0.002855774481025408 0.0027197938915240944 0.1585332114760556 0.0029504881234549167 0.002625089466009468 0.003855484268937785 0.0038554842689697776 13.688239905631635 1.6951840005404086
250.0 14.933743163724975 -4.640113822105719 21.933407757683657 -442219.57126105204 1.2659350119508723e-05 21.960563304690425 21.614712787026715 21.796109659227334 106.65065058833262 441.3929854282209 400.0 -0.00020537491279562278 0.15994294900501915 0.16445364546308983 0.0015556495513175958 13.357558485343441 2.5258330451364667e-08 0.005815009881226469 0.0029817766863789535 0.002833223976663022 0.16561672529189037 0.003085207058053329 0.00272980282317314 0.004020543823293069 0.00402054382332395 13.142361416529132 1.6981780070629475
260.0 14.93945626606087 -4.642432388096295 22.8002508990328 -441998.56557636725 1.2837652040071539e-05 22.22926295560668 21.859850167623865 22.057848616010318 106.47292230972491 441.40119163270134 400.0 -0.00022237132045647458 0.16658482266647076 0.1714143395963628 0.001692173503877283 13.92570899566519 2.5283862846815017e-08 0.006055016303540155 0.003108336306697916 0.00294667077742158 0.1727305987848554 0.003220868626833147 0.002834147676707007 0.0041859796888470665 0.004185979688877564 12.638497241655653 1.700996777183966
270.0 14.94524846790168 -4.644840366092058 23.644091716707656 -441775.0606032636 1.300271253013374e-05 22.47572236004113 22.082687460024548 22.297328538094888 106.29256271119095 441.37360146097274 400.0 -0.0002400638111951867 0.1732441234412636 0.17839382194624112 0.0018343616297097221 14.485562610796254 2.5307856231810734e-08 0.006295584307546109 0.0032354417051168 0.0030601333818077716 0.17987459681947812 0.0033574562542844377 0.002938128053261671 0.0043517864306094655 0.004351786430640945 12.17197741739362 1.7036598285684166
280.0 14.951114267682733 -4.6473355236944 24.46584183031643 -441549.27576423966 1.3156045721758965e-05 22.702512339598474 22.285805155890824 22.517120315557182 106.10973631226835 441.314490314124 400.0 -0.000258454456850151 0.17992049738410315 0.18539202404129285 0.0019821330332914825 15.036614527483081 2.5330512371112683e-08 0.006536701665118652 0.003363081116710211 0.003173611326622647 0.18704869055718948 0.003494952855802905 0.003041748809315747 0.004517958630156784 0.004517958630186503 11.738799307675379 1.7061842751848868
290.0 14.957048791004643 -4.649915713800283 25.266401075714708 -441321.4056640699 1.3298971740281309e-05 22.911863026671913 22.471439781702237 22.71945394062154 105.92458862184338 441.2274986810107 400.0 -0.00027754529888259074 0.1866136336496883 0.1924090860503727 0.0021354023642649695 15.57845490196706 2.535203069869474e-08 0.006778356673523845 0.003491242814014727 0.00328710463659659 0.1942530224441266 0.0036333410669571724 0.0031450156065666716 0.004684490996102635 0.004684490996131848 11.335512523884816 1.708585139580133
300.0 14.9630477107611 -4.652578873696356 26.046648396917647 -441091.62332401326 1.3432643674368188e-05 23.105713428242854 22.641534179396096 22.906268110897365 105.73724857008126 441.1157398590739 400.0 -0.0002973383533198919 0.1933232651095253 0.19944531734549142 0.0022940806485372426 16.110757706126076 2.5372602930540857e-08 0.007020538317794065 0.003619915244217785 0.0034006138495750733 0.20148787004351645 0.0037726034373154185 0.003247934880478648 0.004851378452944898 0.0048513784529743585 10.959126863951662 1.7108756286598978
310.0 14.969107178361206 -4.655323023321144 26.807435733593028 -440860.0829536093 1.3558070720123466e-05 23.285753476294385 22.797780125832485 23.079252318597717 105.54783057930221 440.9818873623033 400.0 -0.0003178356155579781 0.20004916755571875 0.20650115769666663 0.00245807601604662 16.633270161481864 2.5392408978609154e-08 0.007263236394207632 0.0037490871398337252 0.0035141400293222753 0.20875361033207718 0.003912722590950496 0.0033505138032571364 0.005018616210222931 0.005018616210251916 10.607038072327892 1.713067369492391
320.0 14.975223764464413 -4.658146262955327 27.549584112055566 -440626.9223289238 1.3676138026790417e-05 23.453459663065516 22.94165441639817 23.239882522737314 105.35643639386424 440.8282461751886 400.0 -0.0003390390651209198 0.20679115780685822 0.21357714032820013 0.0026272943320209807 17.14580292575902 2.5411614012242656e-08 0.007506441598681057 0.0038787476051062738 0.0036276847675109016 0.2160506856495638 0.004053681356284746 0.0034527602423963127 0.0051861998140724066 0.0051861998141000745 10.276967522163467 1.7151706167512943
330.0 14.98139440786832 -4.6610467705340755 28.273881350292424 -440392.2648362372 1.3787623675575611e-05 23.610125231846474 23.07444940948034 23.389451374157826 105.16315659464881 440.656811104417 400.0 -0.00036095066992201165 0.21354909099388997 0.22067385768865097 0.0028016397397603236 17.648221130060232 2.5430366504841574e-08 0.007750145584083293 0.004008886180604115 0.003741250176440906 0.22337957213241066 0.004195462868250486 0.003554682715832807 0.005354125183289961 0.005354125183317565 9.966912866183455 1.717194431451139
340.0 14.987616371357188 -4.664022798725854 28.981080937885185 -440156.221231435 1.3893213170742643e-05 23.756885765873523 23.19729889597222 23.529093835391254 104.9680718850458 440.4693147811626 400.0 -0.0003835723903531351 0.2203228572653104 0.22779193048226642 0.002981015123504723 18.14043630732765 2.544879710679838e-08 0.007994340990494819 0.004139492888562981 0.003854838873956498 0.23074075117263165 0.004338050645869334 0.003656290344625484 0.0055223886319716135 0.005522388631999916 9.675107397745725 1.7191468320141354
350.0 14.993887203499211 -4.667072671884286 29.67190176359404 -439918.89115767326 1.399351184492058e-05 23.894740902693474 23.31120003270095 23.659808922423522 104.77125436274505 440.26726718320356 400.0 -0.0004069061828632671 0.22711237811403154 0.23493198026995118 0.003165322500102352 18.622399211173654 2.546701819597824e-08 0.008239021452328799 0.004270558261509957 0.003968453961943052 0.23813468421439288 0.004481428648350379 0.0037575928039784187 0.00569098688068797 0.005690986880715238 9.39998637982962 1.7210349293650347
360.0 15.000204705539561 -4.670194782951649 30.347028446784478 -439680.36445733876 1.4089055481787172e-05 24.024572785370005 23.41703196577906 23.782478179606755 104.57276843763321 440.0519891250298 400.0 -0.00043095400315107103 0.23391760249393648 0.24209460576325034 0.0033544633479255055 19.094093495196446 2.5485123971178357e-08 0.008484181586035642 0.004402073356619173 0.004082098999675987 0.24556179102381473 0.004625581312707595 0.0038586002733280475 0.005859917058037159 0.005859917058063727 9.140158986905234 1.7228650417779934
370.0 15.006566902651212 -4.673387590370891 31.007112091116557 -439440.72230870876 1.4180319393422461e-05 24.14716176666593 23.5155716710419 23.89788140386959 104.37267169863381 439.8246388074342 400.0 -0.00045571780894096154 0.24073850286285206 0.2492803627963377 0.003548338880979119 19.555530203758433 2.550319096988972e-08 0.008729816961844276 0.004534029758105692 0.004195777973168165 0.25302243143418235 0.004770493575723772 0.003959323386120503 0.006029176694270934 0.006029176694296755 8.894384797639672 1.7246427927487964
380.0 15.012972018910874 -4.676649615047079 31.652771325496662 -439200.03821299894 1.426772619129546e-05 24.26319980125959 23.607507453801436 24.006710053401015 104.17101574694739 439.58623536305805 400.0 -0.00048119956226041837 0.24757507126086262 0.2564897478585699 0.0037468502757328588 20.00674301342611 2.5521278907667606e-08 0.008975924062686711 0.0046664195697711216 0.00430949526154889 0.26051689046926074 0.004916150882870179 0.004059773179816534 0.006198763708501662 0.006198763708527639 8.661554000005339 1.7263731953737933
390.0 15.019418455478172 -4.679979437386898 32.2845935322522 -438958.3788534673 1.4351652517239845e-05 24.37330189510934 23.693450478063138 24.10957871010978 103.96784677186612 439.3376779846263 400.0 -0.0005074012314017984 0.25442731550919206 0.26372318499955855 0.00394989885741328 20.447784158152942 2.5539431751886477e-08 0.009222500233145352 0.004799235399633262 0.004423255601381554 0.26804536667813617 0.005062539186559314 0.004159961046586041 0.00636867639086099 0.0063686763908862645 8.440670642362825 1.7280607298240023
400.0 15.025904771544047 -4.683375694435702 32.90313618870939 -438715.8048448806 1.4432434771465908e-05 24.478015906914045 23.77394463466094 24.20703489104392 103.7632061685068 439.07976218044064 400.0 -0.0005343247923704616 0.2612952555943469 0.27098101587012363 0.004157386251945315 20.878720969096587 2.5557678956792217e-08 0.009469543620944052 0.004932470338359538 0.0045370640497213 0.27560796346646976 0.005209644935861317 0.004259898685082733 0.006538913380803898 0.0065389133808287925 8.230838397392718 1.7297094046595176
410.0 15.032429667623973 -4.686837077124726 33.50892826786996 -438472.3713888826 1.4510374086475023e-05 24.5778309647012 23.849475006926216 24.299567472069157 103.5571309871446 438.81319353318133 400.0 -0.000561972230043456 0.26817892028397533 0.27826349263204103 0.004369214508918659 21.299632960612886 2.557603679953744e-08 0.009717053113161745 0.005066117933014084 0.004650925946581583 0.2832046831776894 0.005357454942701597 0.004359598170460149 0.006709473642595596 0.006709473642619541 8.031248409776952 1.7313228130217944
420.0 15.03899197092493 -4.690362327635928 34.102471658921715 -438228.12884834164 1.4585740612893833e-05 24.673184708071833 23.920475150141527 24.387613934616557 103.34965450521528 438.5385993844447 400.0 -0.0005903455389182408 0.2750783440076883 0.2855707734552735 0.0045852862004218675 21.710609396659276 2.5594509768126105e-08 0.009965028269097892 0.005200172157449942 0.0047648468774073955 0.2908354236619818 0.005505956326697297 0.004459071942400597 0.006880356438893958 0.006880356438907278 7.841168880290349 1.7329041832478813
430.0 15.045590622452865 -4.693950236888103 34.68424257911635 -437983.12325188133 1.4658777222408271e-05 24.764469531701312 23.987333365686688 24.47156661138642 103.1408064559091 438.25653879433077 400.0 -0.000619446723558797 0.281993564022187 0.2929029203148903 0.00480550450024192 22.111747275616352 2.5613091961973295e-08 0.010213469251373297 0.005334627380435456 0.004878832636049731 0.29849997706245474 0.0056551368940421474 0.004558332357331146 0.007051561303122321 0.007051561303183186 7.659936103573814 1.7344564177016562
440.0 15.052224665676727 -4.697599642145186 35.25469295717258 -437737.3967380155 1.4729702730364494e-05 24.852037985653077 24.05039812146167 24.551778086847477 102.93061349990646 437.9675110564715 400.0 -0.0006492777987899025 0.28892461787305956 0.30025989880560316 0.005029773245373486 22.50314967641722 2.5631768474103567e-08 0.010462376756697141 0.005469478332628363 0.004992889188558546 0.3061980305515948 0.005804984868204695 0.004657391888492447 0.007223088011540942 0.007223088011559392 7.486946728290637 1.735982132550483
450.0 15.058893236499912 -4.701309424745479 35.814251774322145 -437490.98794700875 1.4798714690804133e-05 24.936207452793244 24.109982745721005 24.62856587309638 102.71909944636246 437.6719630034509 400.0 -0.0006798407895553005 0.2958715411526513 0.30764157969686295 0.00525799698711628 22.884924413376677 2.5650516731207952e-08 0.010711751947312827 0.0056047200728408875 0.005107022638363454 0.31392916875357335 0.005955488850450229 0.004756263096862598 0.007394936554920116 0.0073949365549441535 7.321651049476633 1.7374836886603184
460.0 15.065595554411535 -4.705078507949317 36.36332635403273 -437243.9323673088 1.4865991832240154e-05 25.017264212051277 24.16636950118587 24.702216470079815 102.50628554849654 437.37029529160145 400.0 -0.0007111377306321245 0.3028343655548913 0.3150477419714591 0.005490081027998874 23.257182953151684 2.566930777359735e-08 0.01096159638421207 0.005740347954792829 0.005221239192734816 0.3216928776063507 0.006106637773016952 0.004854958611195121 0.007567107111197752 0.007567107111220594 7.163547175990565 1.7389632205658954
470.0 15.072330914621087 -4.708905854901388 36.90230359463754 -436996.2626424933 1.4931696164802107e-05 25.095466973259654 24.219813129365342 24.772988896160125 102.29219075293659 437.0628678261399 400.0 -0.0007431706660986937 0.3098131172141166 0.322478077099525 0.005725931452865784 23.620039551316516 2.5688107462240533e-08 0.011211911962690137 0.005876357594366333 0.005335545131084153 0.32948854942368233 0.006258420867767248 0.0049534910949228916 0.007739600018556993 0.007739600018579966 7.012175942699983 1.7404226595690222
480.0 15.079098681093203 -4.712790466703541 37.43155114191859 -436748.0088437401 1.4995974868211851e-05 25.171049965978167 24.270543940971585 24.84111777165383 102.07683187639566 436.75000445560215 400.0 -0.0007759416486512183 0.31680781531874325 0.3299321943243325 0.005965455152146434 23.973610571773765 2.5706877604031606e-08 0.01146270085092812 0.006012744838112259 0.005449946775040089 0.3373154889402528 0.006410827687044331 0.005051873163883789 0.007912415749774276 0.007912415749797038 6.8671164587823315 1.7418637586425332
490.0 15.08589828034447 -4.716731380593288 37.95141850036004 -436499.1987121932 1.5058961884543008e-05 25.24422563399389 24.31877051654266 24.906816007242178 101.86022384598054 436.4319970464795 400.0 -0.0008094527387830152 0.3238184709835357 0.3374096267517143 0.006208559840239263 24.318013956364467 2.5725576989859986e-08 0.011713965431984923 0.0061495057332027125 0.005564450460487795 0.3451729201365288 0.006563848045193992 0.005150117386790931 0.008085554887822363 0.008085554887843986 6.727982201246946 1.7432881085900613
500.0 15.092729195912176 -4.720727668223046 38.462238083234354 -436249.85787495656 1.5120779369140899e-05 25.315187001784636 24.36468207158259 24.970277163728415 101.64237981846578 436.10910902920284 400.0 -0.0008437060038805436 0.33084508636402704 0.3449098380562208 0.006455154069885113 24.653368816510035 2.5744162342761975e-08 0.011965708249519775 0.006286636499100076 0.005679062511622481 0.35305999365978313 0.006717471992989099 0.005248236256530674 0.008259018102934989 0.008259018102955424 6.594417577333708 1.7446971568729652
510.0 15.099590963428714 -4.724778434035135 38.964326202678905 -436000.01003792725 1.518153894260348e-05 25.38410975009782 24.408450532315214 25.03167752046152 101.42331131471319 435.78157849122545 400.0 -0.0008787035171778372 0.3378876539954408 0.35243222963630233 0.006705147243512898 24.97979512261588 2.5762589175579205e-08 0.012217931957461594 0.006424133501115162 0.005793789217060604 0.36097579467558727 0.006871689883283896 0.005346242074177695 0.008432806131243939 0.008432806131264318 6.466094891423073 1.7460922218650476
520.0 15.106483166205173 -4.728882813727376 39.457984001475495 -435749.6771582787 1.5241342779911747e-05 25.45115404147092 24.450232361249924 25.09117789340168 101.20302843920392 435.44962088293704 400.0 -0.0009144473567091585 0.34494615633708725 0.3599761480692409 0.006958449622295674 25.29741347051144 2.5780812559277496e-08 0.012470639273726202 0.006561993225953745 0.005908636808010555 0.3689193510013673 0.007026492208401057 0.005444147065325142 0.008606919755044207 0.008606919755065065 6.3427116619904185 1.7474745055564354
530.0 15.113405431284278 -4.733039972804464 39.943498328825015 -435498.87959899724 1.530028462734192e-05 25.516466135202155 24.49017016598265 25.148925242466735 100.98153987896126 435.1134313896094 400.0 -0.0009509396041587018 0.3520205655039049 0.3675408927354227 0.007214972333492905 25.60634490744042 2.5798787804382896e-08 0.012723832938040355 0.006700212259316906 0.0060236114384963554 0.37688964139163494 0.007181869570902482 0.005541963367137873 0.008781359784730713 0.008781359784748444 6.223988242366771 1.7488451077903266
540.0 15.120357425908328 -4.7372491052102434 40.421142562629534 -435247.6362675632 1.5358450629879265e-05 25.580179807286854 24.52839411977864 25.2050540837885 100.75885314255181 434.7731870153095 400.0 -0.0009881823437603036 0.35911084316655867 0.3751257234983492 0.007474627376553819 25.906710802948336 2.5816471058993233e-08 0.0129775156738551 0.006838787265566464 0.006138719167605576 0.38488560386059234 0.0073378127276617355 0.005639702946193365 0.008956127042404212 0.008956127042422638 6.109665705916248 1.7502050347007445
550.0 15.127338854324668 -4.7415094320361275 40.89117738086942 -434995.9647406402 1.5415920101326757e-05 25.642417609312478 24.56502321836958 25.25968774097039 100.5349745068788 434.42904841942413 400.0 -0.0010261776611059574 0.3662169406014485 0.38272986834208694 0.007737327628074985 26.19863275252259 2.5833819827531175e-08 0.013231690154264116 0.006977714969440964 0.0062539659436916814 0.3929061439425643 0.007494312769169725 0.00573737738509439 0.009131222347142288 0.009131222347161783 5.999503961966759 1.751555205871436
560.0 15.134349454936501 -4.745820200301448 41.35385148495457 -434743.88137631555 1.5472766238636404e-05 25.703291992209987 24.600166393942978 25.312939461325872 100.30990924854842 434.0811615363057 400.0 -0.0010649276420620182 0.37333879887399324 0.3903525308841147 0.008002986846097264 26.482232504088657 2.5850793414913045e-08 0.013486358971849861 0.00711699213977256 0.006369357590503332 0.4009501428066792 0.007651361520327816 0.005834997451522047 0.009306646501883635 0.009306646501908532 5.8932800736508 1.7528964689820377
570.0 15.141388997728345 -4.750180681801264 41.809402277697565 -434491.4014153154 1.5529056688188428e-05 25.762906292477393 24.633923504343116 25.364913394783756 100.08366158473805 433.7296590082672 400.0 -0.0011044343715913203 0.3804763491380315 0.3979928976936419 0.008271519673530438 26.75763189935653 2.5867353301117274e-08 0.013741524612303256 0.007256615575150521 0.006484899795140504 0.4090164651540545 0.007808950422479485 0.005932574189823773 0.009482400281904448 0.009482400281921313 5.790786752851235 1.754229600367371
580.0 15.14845728193962 -4.754590172017702 42.25805649862377 -434238.53907241416 1.5584854107132153e-05 25.821355620616988 24.666386213016565 25.415705475259013 99.85623488078397 433.3746614557468 400.0 -0.0011446999327135992 0.3876295130353332 0.40565014535797617 0.008542841641263952 27.02495282363709 2.5883463451307723e-08 0.013997189431644987 0.007396582091407689 0.0066005980977894025 0.4171039668381322 0.007967070706914794 0.006030118724730193 0.00965848442475614 0.009658484424770892 5.691831010873946 1.7555553165172815
590.0 15.155554133976889 -4.759047989091051 42.70003081929352 -433985.307619085 1.5640216644457608e-05 25.878727648135985 24.69763877311626 25.46540420088441 99.62763160512424 433.01627860453755 400.0 -0.001185726405485605 0.39479820318142766 0.4133234472515718 0.008816869170191918 27.28431715928619 2.589909056669507e-08 0.014253355636905163 0.007536888510905567 0.006716457883116979 0.42521150216098896 0.008125713679342627 0.006127641957562536 0.00983489962171305 0.009834899621729266 5.596232946370066 1.7568742780385993
600.0 15.162679405517197 -4.7635534728469 43.13553240109534 -433731.7194583554 1.569519836282051e-05 25.935103310394165 24.727758727360868 25.514091330423824 99.39785340299613 432.6546102890616 400.0 -0.0012275158659488528 0.4019823237229908 0.4210119799703392 0.00909351957285202 27.535846738971102 2.5914204281290313e-08 0.01451002527003208 0.0076775316534435705 0.00683248437327047 0.43333793080630034 0.008284870711230812 0.006225154558801267 0.010011646510538093 0.010011646510554426 5.503824654489533 1.7581870942490143
610.0 15.169832971797565 -4.76810598387604 43.564759417967174 -433477.7861926791 1.5749849623520035e-05 25.990557437278696 24.756817533711295 25.561842507874367 99.16690123337541 432.28974734618527 400.0 -0.0012700703852498835 0.40918177095473207 0.42871492940433287 0.009372711054287657 27.779663296099834 2.592877730959037e-08 0.014767200194853223 0.007818508328717609 0.006948682622379805 0.4414821243804702 0.008444533232490892 0.006322666962362332 0.01018872566954254 0.010188725669557475 5.414449243353514 1.7594943293700993
620.0 15.177014730063073 -4.772704902663881 43.98790154630951 -433223.51868556486 1.5804217456031592e-05 26.045159319829526 24.784881125599046 25.608727823401342 98.93477529790353 431.92177241337635 400.0 -0.0013133920287763516 0.4163964339839335 0.4364314964281867 0.009654362712061259 28.015888410529577 2.594278555002695e-08 0.015024882086878487 0.007959815330211503 0.007065057512469432 0.44964297253982616 0.008604692725763455 0.006420189361115031 0.010366137612851947 0.010366137612865072 5.32795994572584 1.760796507349479
630.0 15.184224598173286 -4.777349628766492 44.40514042429935 -432968.92711758515 1.5858345836886445e-05 26.098973212224337 24.81201041431395 25.654812310027822 98.70147512383804 431.5507606416926 400.0 -0.0013574828553591677 0.423626195432432 0.44416090219651677 0.009938394535371273 28.2446434484034 2.595620814883189e-08 0.015283072425755481 0.00810144943041224 0.007181613750698339 0.4578193886899149 0.00876534072163552 0.006517731704119959 0.010543882786797429 0.01054388278681025 5.244219315305666 1.7620941128273437
640.0 15.191462513314349 -4.78203958003024 44.81665008253335 -432714.0210373817 1.5912275991676327e-05 26.152058791260888 24.83826174017552 25.700156398225552 98.4669996644661 431.1767803357388 400.0 -0.0014023449165433632 0.430870932165467 0.45190239303533614 0.010224727403163885 28.46604949546137 2.5969027528693866e-08 0.015541772490141402 0.008243407377220454 0.007298355867821461 0.46601031524693054 0.00892646879520717 0.006615303694934234 0.01072196156732968 0.010721961567341804 5.163098498379937 1.7633875981789886
650.0 15.198728430861621 -4.786774191852758 45.222597348075446 -432458.80940810894 1.5966046638597446e-05 26.204471563229724 24.863687278291877 25.744816318301368 98.23134721707828 430.79989352595555 400.0 -0.0014479802559785443 0.43813051604016395 0.45965524492835935 0.010513283081208073 28.680227283717198 2.5981229386347665e-08 0.01580098335484341 0.008385685891470237 0.0074152882178102515 0.47421472845956847 0.009088068563357608 0.006712914791485802 0.010900374258400607 0.010900374258412332 5.084476572724949 1.7646773835734815
660.0 15.206022323314583 -4.791552916482327 45.623142223508985 -432203.30064983596 1.6019694218312478e-05 26.256263235169154 24.888335403965907 25.788844467571398 97.99451557549058 430.4201564845344 400.0 -0.0014943909087955863 0.4454048146642367 0.4674187675977584 0.010803984217952341 28.8872971116415 2.5992802662943703e-08 0.016060705889976275 0.008528281665425321 0.0075324149785141415 0.4824316427903903 0.009250131683449733 0.006810574206526546 0.011079121091202147 0.011079121091213897 5.008239946615934 1.7659638621774636
670.0 15.2133441793651 -4.79637522235392 46.01843824286915 -431947.5026782346 1.6073253119455466e-05 26.307482050219686 24.91225102220732 25.832289742033584 97.75650195346229 430.0376201876326 400.0 -0.0015415789011892181 0.45269369215981703 0.47519230818610236 0.011096754339147658 29.08737875835755 2.6003739490775196e-08 0.016320940762015016 0.008671191362181913 0.007649740153310327 0.49066011486341576 0.009412649851624528 0.006908290910390492 0.011258202224223024 0.011258202224233073 4.934281811671268 1.7672474029563077
680.0 15.220694003018938 -4.8012405934591715 46.408632805814435 -431691.4229399802 1.6126755806081706e-05 26.358173079906052 24.935475865245692 25.875197825360846 97.51730309320686 429.6523307334202 400.0 -0.0015895462499621374 0.45999700992440246 0.4829752545452082 0.011391517841164192 29.280591392454895 2.601403511965955e-08 0.016581688436496354 0.008814411615841995 0.007767267573631942 0.49889924698373816 0.009575614804421591 0.007006073632074761 0.011437617743998959 0.01143761774400939 4.862501643980984 1.7685283479399747
690.0 15.228071812808535 -4.806148528748633 46.79386749162397 -431435.06844514067 1.618023306174054e-05 26.40837850890462 24.95804876148964 25.91761147076109 97.2769152334395 429.2643297185936 400.0 -0.001638294962206054 0.4673146273848407 0.490767038143523 0.011688199982847446 29.46705347625783 2.6023687826013585e-08 0.016842949182243695 0.008957939032397607 0.007885000902308772 0.5071481902412682 0.00973901832040622 0.007103930861837477 0.011617367666529549 0.011617367666539778 4.79280474862513 1.7698070215409214
700.0 15.235477641097166 -4.8110985415645375 47.17427835439641 -431178.4457968245 1.6233714112208503e-05 26.45813787685308 24.980005878963386 25.95957074024876 97.03533412395564 428.8736545773304 400.0 -0.0016878270350879985 0.47464640273980885 0.4985671366043182 0.011986726876012132 29.646882666426144 2.6032698807396238e-08 0.01710472307695749 0.00910177019123104 0.008002943637657375 0.515406147211559 0.009902852219959646 0.007201870856997846 0.011797451939277236 0.011797451939286153 4.725101843243004 1.7710837288711967
710.0 15.242911533417569 -4.816090159101806 47.549996200568025 -430921.5612183981 1.6287226740947055e-05 26.507488299168447 25.00138094588863 26.001113223281738 96.79255511891124 428.48033888931116 400.0 -0.0017381444556151602 0.481992193685388 0.5063750758867069 0.012287025474405662 29.82019571179393 2.6041072065026912e-08 0.017367010013970095 0.009245901647131346 0.00812109911821947 0.5236723742665185 0.010067108355601043 0.007299901658369061 0.011977870443665103 0.011977870443673402 4.659308676797344 1.7723587561231933
720.0 15.250373547887385 -4.821122921896137 47.9211468500598 -430664.4205784506 1.6340797456738373e-05 26.5564646760223 25.022205450785442 26.042274243896777 96.54857306948914 428.084412657663 400.0 -0.0017892492006030586 0.48935185812159376 0.5141904321255232 0.012589023561144101 29.987108349421618 2.60488142765561e-08 0.017629809710067314 0.009390329932775787 0.008239470528102004 0.5319461835121903 0.010231778642875604 0.007398031067191712 0.012158622998041897 0.012158622998050669 4.595345680115994 1.7736323742183007
730.0 15.257863754677842 -4.826196383337445 48.28785138209148 -430407.02941372944 1.6394451580492488e-05 26.60509987472103 25.042508824186005 26.08308704157539 96.30338250460578 427.6859025607856 400.0 -0.0018411432365837716 0.4967252548364246 0.5220128331456404 0.012892649734615654 30.147735199795925 2.605593466117013e-08 0.017893121714222002 0.009535051561594152 0.008358060902846463 0.5402269443704144 0.010396855049135689 0.007496266665086313 0.012339709361041359 0.012339709361049304 4.533137645161544 1.7749048399932077
740.0 15.265382235524292 -4.831310109207129 48.650226366656916 -430149.3929502372 1.6448213371938413e-05 26.653424899287113 25.06231860381981 26.123582939620736 96.05697746642767 427.2848321811359 400.0 -0.0018938285199421598 0.50411224416474 0.529841959666378 0.013197833392855688 30.302189662070916 2.606244483885508e-08 0.01815694541710505 0.009680063030945502 0.008476873135763114 0.5485140848213623 0.010562329531914223 0.007594615885190824 0.012521129235274257 0.012521129235281018 4.472613430310306 1.7761763963952004
750.0 15.27292908329774 -4.836463677238067 49.008384082669345 -429891.51612262934 1.6502106125865524e-05 26.70146904591587 25.081660584926368 26.16379149970228 95.80935164171393 426.88122221212575 400.0 -0.0019473069969239195 0.51151268862072 0.5376775462135893 0.013504504716344403 30.45058381022901 2.6068358685478016e-08 0.018421280061281783 0.009825360825566103 0.008595909984679418 0.5568070923261219 0.01072819420463164 0.007693085856650139 0.012702882271328179 0.012702882271335144 4.413705689214919 1.7774472756646278
760.0 15.280504401601462 -4.841656676695776 49.36243272355977 -429633.40359210205 1.655615223896358e-05 26.74926003848518 25.10055895716144 26.20374065673028 95.56049834868081 426.4750906468195 400.0 -0.0020015806039095294 0.518926453501302 0.5455193817549026 0.01381259464923948 30.593028290941195 2.6073692185133857e-08 0.01868612475194922 0.009970941421213964 0.008715174079032823 0.5651055144463405 0.010894441128502795 0.007791683623446419 0.012884968072002935 0.012884968072007194 4.356350621074994 1.7787176974980812
770.0 15.28810830441305 -4.846888707979724 49.712476591209445 -429375.0597628701 1.6610373320567e-05 26.796824161656776 25.119036429411295 26.24345685158044 95.31041051224871 426.06645294920224 400.0 -0.0020566512675928316 0.5263534074599963 0.5533673100763379 0.014122034879158987 30.72963222387505 2.60784632810887e-08 0.018951478468134636 0.010116801288465552 0.00883466792727256 0.5734089591808785 0.011061062506497151 0.007890415961637485 0.013067386196741235 0.01306738619674456 4.300487740371504 1.7799878724335072
780.0 15.295740915766872 -4.852159382243764 50.05861627896765 -429116.48879736883 1.666479025615076e-05 26.84418637696768 25.13711434368425 26.282965147050902 95.05908074203776 425.65532220959693 400.0 -0.002112520905334519 0.5337934230502568 0.5612212299167793 0.014432757815354042 30.86050310511605 2.608269172643815e-08 0.019217340074266242 0.01026293689663545 0.008954393924510666 0.5817170950377054 0.011228050561201533 0.007989289513064712 0.013250136166242026 0.013250136166243699 4.2460596643177055 1.7812580026842155
790.0 15.303402369461166 -4.857468321034433 50.40094884441918 -428857.6946302949 1.671942327843662e-05 26.891370427822412 25.154812779123027 26.322289332946106 94.80650119411685 425.2417092866224 400.0 -0.0021691914254717815 0.5412463772371747 0.5690810948763042 0.014744696565498747 30.985746714272373 2.6086398935481432e-08 0.019483708332008094 0.010409344717751632 0.009074354360381646 0.5900296508587713 0.011395397552974617 0.008088310779033478 0.01343321746717871 0.013433217467178963 4.193011916455326 1.7825282803331324
800.0 15.311092808799565 -4.862815155946339 50.739567972590926 -428598.68098157935 1.67742920144173e-05 26.938398938211957 25.172150647076137 26.361452025096263 94.55266380261023 424.8256229360675 400.0 -0.00222666472781269 0.5487121518776424 0.5769469131156973 0.015057784910985413 31.105467025794702 2.6089607836701026e-08 0.01975058191229913 0.010556021230570894 0.009194551427066065 0.5983464154170128 0.011563095881741307 0.008187486030557821 0.013616629557021108 0.013616629557018355 4.141292744984174 1.783798890398774
810.0 15.3188123863539 -4.86819952829353 51.074564130173115 -428339.4513683885 1.6829415598121483e-05 26.985293509755124 25.189145778064173 26.40047476289325 94.29756004793677 424.4070731958163 400.0 -0.002284942703979442 0.5561906341683455 0.5848187468618717 0.015371957280878833 31.219766124926334 2.6092342728063166e-08 0.020017959407507238 0.010702962924583963 0.00931498722743949 0.6066672368019691 0.011731137905443776 0.008286821502063457 0.013800371868903937 0.013800371868902131 4.090852954550751 1.785070012677841
820.0 15.326561263771044 -4.873621088796395 51.406024711392305 -428080.0091162145 1.6884812606092075e-05 27.032074782856224 25.205815001398413 26.439378071119116 94.04118116130995 423.98605826014716 400.0 -0.0023440272380356978 0.5636817170626487 0.5926967117371095 0.01568714872442613 31.32874412868198 2.6094629135342796e-08 0.020285839343667643 0.010850166304011265 0.00943566378331515 0.6149920216137639 0.011899516173291751 0.008386323170375892 0.013984443816557742 0.013984443816555194 4.041645750348909 1.7863418133573623
830.0 15.334339611582802 -4.879079497282703 51.734034175949155 -427820.35736916645 1.6940501515703183e-05 27.07876259822153 25.222174218120696 26.478181622297733 93.78351798481363 423.5625846809201 400.0 -0.0024039202070013864 0.5711852996550113 0.600580975923795 0.01600329488238206 31.43249911209751 2.6096493673935193e-08 0.020554220192691475 0.010997627891717304 0.009556583043738043 0.6233207339787543 0.012068223190933654 0.008485997001757823 0.014168844799210658 0.014168844799206312 3.9936265934906254 1.7876144858791323
840.0 15.342147609042435 -4.8845744224024195 52.05867417958331 -427560.49909950467 1.6996499135586827e-05 27.12537571383761 25.23823846787819 26.51690395465521 93.52456104703943 423.13665387733755 400.0 -0.0024646234814122625 0.5787012875343668 0.6084717591824003 0.01632033195703688 31.531127040030373 2.6097963914707377e-08 0.02082310038452586 0.01114534423305244 0.009677746893303342 0.6316533944064053 0.012237251622802066 0.008585848761723788 0.014353574206484329 0.014353574206488069 3.946753066709753 1.7888880821065127
850.0 15.349985444002312 -4.890105541355783 52.38002369776751 -427300.4371164627 1.7052826868999034e-05 27.17193324989053 25.254021990281466 26.555563918154707 93.26430056648081 422.70826565695626 400.0 -0.0025261389260192143 0.5862295931075889 0.6163693317358176 0.01663819668090889 31.624721704650437 2.609906825419154e-08 0.021092478319241298 0.01129331189962221 0.00979915716047441 0.6399900785021321 0.012406594169561351 0.008685884149679949 0.014538631423292628 0.014538631423296946 3.9009847495489867 1.7901631673693683
860.0 15.357853312778206 -4.895672539633275 52.69815914280232 -427040.1740744705 1.710948742494761e-05 27.218450310710104 25.26953828123326 26.5941762976782 93.00276494115931 422.2774182902911 400.0 -0.00258846840041171 0.593770135891426 0.624274013031904 0.016956826284578383 31.713374668712657 2.609983578946075e-08 0.021362352378920757 0.011441527492888914 0.009920815625870287 0.6483309155494391 0.012576243590465587 0.008786108788455165 0.014724015834609576 0.01472401583461177 3.85628310225363 1.7914391126744238
870.0 15.365751420065079 -4.901275110767748 53.0131544748983 -426779.7124807545 1.7166551919955273e-05 27.264983053696703 25.284800144683615 26.632796883295796 92.74119711617377 421.84410857689 400.0 -0.002651613759739365 0.6013228427764672 0.6321861704009076 0.017276158463195076 31.797175214708957 2.6100296197959584e-08 0.02163272093941378 0.01158998764768691 0.010042724030504524 0.6566760869797338 0.012746192793317441 0.008886528146096345 0.014909726830232745 0.014909726830233385 3.8126113576769405 1.7927459653194533
880.0 15.373679850435721 -4.906912954179121 53.32508093698715 -426519.0548433541 1.72230000905244e-05 27.311484963962563 25.29981972515748 26.671378751821106 92.4877441752496 421.40833907560574 400.0 -0.0027155768349605043 0.6088876434622558 0.6401062121414572 0.017596131317589907 31.87621033638369 2.610047960166885e-08 0.021903582211905668 0.011738688944485133 0.010164884005091884 0.6650258191343095 0.012916434564807247 0.00898714764709842 0.015095763694689806 0.015095763694688943 3.76993441005876 1.794134319972507
890.0 15.381637459336249 -4.912516583995203 53.63407919883056 -426251.4636648259 1.7274064640703032e-05 27.357194593679647 25.31457877411754 26.709160055624462 92.25961136290213 420.99290525403023 400.0 -0.002780359250304904 0.6164644285265023 0.6480345380551863 0.01791668318743481 31.950565163942503 2.610041628656675e-08 0.022174932759714692 0.011887627114540852 0.01028729638169222 0.6733803326764389 0.0130869608987519 0.009087971860962787 0.015282124601902656 0.015282124601900312 3.7282186321052118 1.7954469595258031
900.0 15.389620999507741 -4.918001831006453 53.94029624419696 -425968.7734116485 1.7318192484729845e-05 27.40181428423487 25.32905462730988 26.74584277529969 92.06190909894855 420.62567524398054 400.0 -0.002845962256622947 0.6240530191639946 0.6559715089351783 0.018237755160966394 32.02032665445533 2.610013680244702e-08 0.022446766353883266 0.012036796507870285 0.010409960581331798 0.6817398164735526 0.013257762308417395 0.009189004045465871 0.015468805784553834 0.015468805784550312 3.6874317232502714 1.7966322822094873
910.0 15.39762833233302 -4.923520718440139 54.243623992541416 -425685.8338851852 1.735996084651061e-05 27.44614453220085 25.34332409463422 26.782226942340724 91.87895987865062 420.25680001376946 400.0 -0.0029123872443724123 0.6316532916215797 0.6639175898601253 0.018559293573674748 32.08558478888165 2.6099672562629833e-08 0.022719078334658232 0.012186192485080344 0.010532876583651077 0.6901045778872312 0.013428830669280516 0.009290247665377718 0.01565580443822984 0.015655804438224702 3.64754289062606 1.7978609083129475
920.0 15.405659162938267 -4.929072969590179 54.54412412955301 -425402.64831543434 1.740185353751902e-05 27.490510327456118 25.357396999001107 26.818636961477978 91.69832162408055 419.88629796041266 400.0 -0.002979635893272815 0.6392652008410035 0.6718733659781396 0.01888124637690544 32.14642746090315 2.609905531545765e-08 0.022991866566166436 0.01233581181024941 0.010656045488698472 0.6984750518313718 0.013600159478242198 0.009391707087924245 0.01584311944412987 0.015843119444123734 3.6085228243694085 1.7991484300995617
930.0 15.413713587999675 -4.934658309272068 54.841857561845714 -425119.2183363167 1.7443897769516083e-05 27.53486267707278 25.371282753655578 26.855023199350146 91.51709626960734 419.5141686883705 400.0 -0.0030477099493512304 0.6468887263228026 0.6798394777226348 0.0192035624184817 32.20294033462959 2.6098316759909102e-08 0.02326512953884886 0.01248565161845894 0.010779468651833359 0.7068517335323891 0.013771742627628219 0.009493386911220638 0.016030750093732626 0.016030750093725475 3.570343505517673 1.8004403211812834
940.0 15.42179171399694 -4.940276468452034 55.1368833812007 -424835.5454448866 1.748610733145656e-05 27.5792098648679 25.384990350865436 26.891393262506632 91.33509709583345 419.140410879953 400.0 -0.0031166111640808358 0.6545238577911934 0.6878166023612657 0.019526191358348072 32.255206996698654 2.609748839688731e-08 0.0235388658689447 0.012635709146035273 0.010903147452968456 0.7152351596027833 0.013943574255510531 0.00959529161343417 0.016218695748457686 0.016218695748449263 3.5329781081403304 1.801733559453649
950.0 15.429893652099159 -4.94592718413185 55.429258923422786 -424551.6310250464 1.7528490561975186e-05 27.6235626975811 25.39852838762949 26.927757245845292 91.1523194325586 418.7650225588059 400.0 -0.00318634129491357 0.6621705950627501 0.695805451735811 0.01984908364754478 32.3033089840067 2.6096601446063032e-08 0.023813074301631293 0.012785981730447215 0.011027083299812173 0.7236259056649115 0.01411564855402028 0.009697425747611019 0.016406955839515756 0.016406955839506313 3.4964009361601973 1.8030281433737996
960.0 15.438019518070238 -4.951610199179158 55.71903983824548 -424267.4763518648 1.7571057015787336e-05 27.667931993817085 25.41190508987427 26.96412522361972 90.96875856070409 418.3880011169026 400.0 -0.003256902106607749 0.6698289480828218 0.7038067701973656 0.020172190508308166 32.34732581287635 2.6095686768877234e-08 0.02408775372050773 0.012936466813668961 0.011151277633989308 0.7320245841778529 0.01428795994881823 0.0097997937716895 0.016595529872158985 0.016595529872148688 3.4605873644991783 1.8043242160918926
970.0 15.446169432214763 -4.957325262164094 56.00628015596121 -423983.0825954863 1.7613815700397502e-05 27.71232816305768 25.42512833479568 27.000506830527858 90.78440959960415 418.0093433376965 400.0 -0.00332829537255342 0.6774989369405177 0.7118213325298203 0.02049546391464492 32.38733501142148 2.6094774796893736e-08 0.02436290315666484 0.013087161945397337 0.011275731936893768 0.7404318422564846 0.014460502995621044 0.009902400161043792 0.016784417429769705 0.016784417429757875 3.425513783867487 1.8056218795623642
980.0 15.454343519294168 -4.96307212720284 56.291032350761704 -423698.45082493447 1.765677553788679e-05 27.756761339974776 25.43820567149121 27.0369113981095 90.59926754135954 417.6290454193254 400.0 -0.003400522876200644 0.6851805918605749 0.7198499418652761 0.02081885657342016 32.42341215487759 2.6093895465352865e-08 0.024638521797234577 0.013238064786066444 0.011400447735223335 0.7488483594866912 0.014633272388751136 0.010005249408483434 0.01697361817771636 0.016973618177704035 3.391157548930946 1.8069212412287339
990.0 15.462541908472366 -4.968850553806984 56.57334740114006 -423413.5820115842 1.7699945280789104e-05 27.801241379989243 25.45114434003146 27.07334795238598 90.41332727124629 417.2471029948277 400.0 -0.0034735864123577476 0.6928739531757703 0.7278934276032664 0.021142321905947163 32.45563090362715 2.6093078151882536e-08 0.0249146089935019 0.01338917310970724 0.01152542660623196 0.7572748457489554 0.014806263042704 0.010108345950797896 0.017163131867039355 0.01716313186702656 3.3574969296218122 1.808222404296404
1000.0 15.470764733260593 -4.97466030673888 56.85327484743319 -423128.47703244875 1.7743333574167806e-05 27.845777890191247 25.46395128909578 27.109825246852555 90.22658355021674 416.8635111511483 400.0 -0.0035474877886329794 0.7005790712797652 0.7359526433386905 0.021465814030167462 32.48406304367286 2.6092351620211992e-08 0.025191164268531668 0.01354048480662225 0.011650670182681932 0.7657120390554176 0.014979469940462323 0.010211694328069336 0.01735295833792744 0.017352958337914483 3.324511065370892 1.8095254723512448
1010.0 15.479012131484325 -4.98050115587241 57.13086284672806 -422843.13667319814 1.7786948930369055e-05 27.890380236787898 25.47663319229232 27.146351771981518 90.03903101682221 416.47826444584274 400.0 -0.0036222288267942033 0.7082960065625907 0.7440284648063783 0.02178928774338694 32.50877852929969 2.609174396876321e-08 0.025468187324347465 0.01369199788589886 0.011776180157509447 0.7741607034085328 0.015152888334994001 0.010315298989353463 0.017543097523017016 0.01754309752300317 3.292179922060118 1.8108305455022584
1020.0 15.487284245224384 -4.986372876059407 57.40615822513885 -422557.5616311099 1.7830799744839262e-05 27.935057561813103 25.489196463265998 27.182935773966754 89.85066417737745 416.09135692383626 400.0 -0.0036978113640901192 0.7160248293278845 0.7521217878463498 0.022112698505635946 32.52984552773856 2.6091282583979215e-08 0.025745678048590792 0.013843710477720343 0.011901958288172676 0.7826216266855305 0.015326513621131202 0.010419164427459588 0.0177335494504604 0.017733549450444693 3.2604842515055137 1.8121377205701399
1030.0 15.495581220796494 -4.992275247000888 57.67920652778117 -422271.75251772115 1.7874894340712563e-05 27.97981880827909 25.50164726969925 27.219585281880597 89.66147744464861 415.7027821313441 400.0 -0.003774237254749886 0.7237656196957841 0.7602335263984896 0.022436002423649296 32.547330465537115 2.609099409824444e-08 0.02602363652076181 0.013995620835528409 0.012028006400730113 0.7910956185574909 0.015500341337912591 0.010523295182849224 0.017924314246832468 0.01792431424681784 3.2294055533030503 1.813447095238881
1040.0 15.503903208720399 -4.998208053123319 57.95005206642964 -421985.7098613753 1.791924095598194e-05 28.024672726160386 25.513991546290782 27.25630811563141 89.47146507284421 415.31253312934007 400.0 -0.0038515083712359287 0.7315184674905825 0.7683646105289796 0.022759156235429585 32.561298076459195 2.6090904352211646e-08 0.0263020630179758 0.01414772733800637 0.012154326393613708 0.7995835084454264 0.015674367239508272 0.010627695778467523 0.018115392139837996 0.01811539213982216 3.1989260388749843 1.8147587643263732
1050.0 15.51225036369618 -5.004171083459503 58.21873796503247 -421699.4341096063 1.796384772964762e-05 28.069627881459784 25.526235006798313 27.293111896964504 89.28062125847185 414.92060250561383 400.0 -0.003929626605704011 0.7392834721149197 0.7765159844952846 0.02308211729556507 32.57181145069519 2.609103836142148e-08 0.026580958020262276 0.014300028490884745 0.01228092024112252 0.8080861435202056 0.015848587163115855 0.010732370857146421 0.018306783460815306 0.018306783460798753 3.1690285975711863 1.8160728193843316
1060.0 15.520622844575712 -5.010164131534073 58.485306203161926 -421412.92563142476 1.8008722785437968e-05 28.11469268515525 25.538383155218373 27.3300040803034 89.08893999371593 414.52698238646445 400.0 -0.00400859387129188 0.74706074241119 0.7846886048518504 0.023404843561112214 32.57893208517958 2.6091420286984192e-08 0.02686032221540313 0.01445252292858173 0.012407789996620268 0.8166043867484364 0.01602299719846698 0.010837325016936157 0.01849848864705902 0.018498488647040217 3.1396967646889293 1.8173893532076455
1070.0 15.529020814379939 -5.016186995252898 58.74979765765727 -421126.18471930746 1.805387417456944e-05 28.159875390117474 25.550441296179045 27.36699195151348 88.89641520677064 414.13166444511154 400.0 -0.0040884121035604125 0.754850396513411 0.7928834386039918 0.023727293578219295 32.58271993475779 2.6092073410200884e-08 0.02714015650339353 0.014605209415707546 0.012534937795491972 0.8251391149917097 0.016197593512225484 0.01094256299116805 0.01869050824399199 0.01869050824397434 3.110914691289025 1.8187084559351774
1080.0 15.537444440251212 -5.022239476797165 59.01225214223613 -420839.21159133455 1.8099309897314455e-05 28.205184103491842 25.562414544598894 27.40408264208397 88.70304069649045 413.734639912917 400.0 -0.00416908326178525 0.7626525616856936 0.8011014614078711 0.02404942646943109 32.58323346417238 2.6093020110934715e-08 0.027420462000361245 0.014758086848354085 0.01266236585777355 0.8336912171571205 0.016372372473475987 0.011048089526885262 0.018882842907087284 0.01888284290709076 3.082667115684536 1.8200302150111534
1090.0 15.545893893482559 -5.028321382520824 59.27270844558634 -420552.00639293017 1.814503795098702e-05 28.25062680800786 25.574307834683864 27.441283152181683 88.50881011999348 413.3358995856999 400.0 -0.004250609330318641 0.7704673741548798 0.8093436558261724 0.02437120192145917 32.580529700493386 2.60942818495466e-08 0.027701240042190493 0.014911154255309665 0.012790076490561002 0.8422615924084556 0.01654733063514264 0.01115390940704786 0.01907549340372589 0.019075493403747187 3.0549393365039648 1.8213547188989494
1100.0 15.554369349497023 -5.03443252285219 59.53120436765509 -420264.5691987024 1.819106628946504e-05 28.296211357721763 25.586125928304128 27.47860034808574 88.31371700078863 412.93543383224943 400.0 -0.004332992319901347 0.7782949789320354 0.8176110096360155 0.024692580174065504 32.57466428598175 2.6095879152238802e-08 0.027982492187633542 0.015064410799040218 0.012918072090140757 0.8508511484344966 0.016722464662017215 0.011260027525616322 0.01926846061476301 0.01926846061480143 3.02771718722047 1.8226820523372356
1110.0 15.562870987865395 -5.040572712198978 59.787776754479616 -419976.90001405525 1.823740286194103e-05 28.341945498062493 25.59787342280943 27.516040983866045 88.11775479293456 412.5332326001525 400.0 -0.004416234269034415 0.7861355296284779 0.8259045141964473 0.02501352200929332 32.56569153113702 2.6097831599631566e-08 0.028264220221094417 0.015217855776586605 0.013046355143876082 0.8594607997816563 0.01689777147044977 0.011366448750644652 0.01946174553602036 0.01946174553607363 3.0009870120603557 1.8240123007723261
1120.0 15.571398992304239 -5.046741768856883 60.0424615314685 -419688.99877678795 1.8284055617506487e-05 28.38783686979469 25.609554758322137 27.55361170692078 87.92091675500458 412.1292854221751 400.0 -0.004500337245222911 0.7939891882641273 0.8342251628739099 0.02533398874153281 32.55366446784001 2.6100157818391927e-08 0.02854642615498387 0.01537148862028986 0.0131749282318368 0.8680914662491522 0.017073248086577005 0.011473178068406862 0.01965534927957321 0.019655349279640986 2.9747356432009116 1.8253455474482085
1130.0 15.579953550703367 -5.052939514921403 60.295293735352615 -419400.8653585148 1.8331032509381425e-05 28.43389302029291 25.621174224554718 27.59131907076281 87.72319607933598 411.7235814205789 400.0 -0.004585303346318837 0.8018561250715605 0.842573949530095 0.02565394220821065 32.53863490238039 2.6102875475748756e-08 0.02882911223174861 0.015525308898410308 0.013303794028209432 0.8767440713509111 0.01724889174071109 0.011580220491037517 0.019849273074922347 0.01984927307500209 2.948950379180844 1.8266818757639465
1140.0 15.588534855125642 -5.059165776203021 60.546307544709315 -419112.4995661175 1.837834148333653e-05 28.48012140194793 25.632735967185134 27.62916953487693 87.52458577764284 411.31610931230216 400.0 -0.0046711347017714434 0.8097365182938009 0.8509518670709988 0.025973344761242332 32.52065346833676 2.6106001276739586e-08 0.029112280925487 0.015679316315585716 0.013432955302454716 0.8854195408429035 0.01742469983375553 0.011687581091731469 0.020043518269974442 0.02004351827006546 2.923618964445264 1.8280213650426758
1150.0 15.597143101836393 -5.065420382145323 60.79553630929455 -418823.9011430201 1.84259905306758e-05 28.526529396469495 25.644243993830134 27.66716949040878 87.32507876826739 410.906857412269 400.0 -0.00475783347393137 0.8176305539794874 0.8593599060607091 0.026292159259108792 32.49976967908427 2.610955096400842e-08 0.029395934943267067 0.015833510713194717 0.013562414920262191 0.8941188013191261 0.01760066990780809 0.011795265035458979 0.020238086331918904 0.020238086332020656 2.8987295699597198 1.8293640969375318
1160.0 15.605778491330362 -5.071703165746075 61.04301257815271 -418535.0697704083 1.847398766037712e-05 28.5731243098427 25.6557021796463 27.705325256443142 87.1246678259209 410.4958136364362 400.0 -0.004845401859283169 0.8255384257754476 0.8677990533995579 0.02661034905875541 32.47603197991115 2.6113539319979166e-08 0.029680077226138264 0.015987892069681046 0.013692175844237733 0.9028427788758229 0.017776799717891877 0.011903277508246388 0.020432978848099165 0.020432978847951668 2.874270774826802 1.8307101509383512
1170.0 15.614441228352812 -5.078013963481265 61.288768126548945 -418246.0050684252 1.8522340901939442e-05 28.619913378266805 25.667114272588673 27.74364308719972 86.92334559650739 410.08296550463996 400.0 -0.004933842089673412 0.8334603347123287 0.8762702910670817 0.026927878012602855 32.44948779942441 2.6117980171430538e-08 0.029964710949639654 0.01614246050033648 0.013822241134628785 0.9115923978434399 0.017953087145155616 0.012011623804484032 0.020628197526045437 0.020628197525908182 2.850231548845112 1.8320596043235258
1180.0 15.623131521930484 -5.084352615231777 61.5328339818385 -417956.70659725915 1.8571058345488602e-05 28.666903784902267 25.678483898354802 27.782129189971972 86.72110458497241 409.66830014252054 400.0 -0.0050231564335884975 0.84139648899708 0.8847745949302941 0.02724471045735599 32.4201836006772 2.6122886395846563e-08 0.03024983952436176 0.016297216257831672 0.013952613949355448 0.9203685795883737 0.01812953026290798 0.012120309261453781 0.020823744194792073 0.020823744194664436 2.8266012359556623 1.8334125352467028
1190.0 15.631849585415447 -5.0907189642127095 61.77524044831915 -417667.1738581459 1.8620148122300522e-05 28.714102657549603 25.68981456504137 27.820789723930535 86.51793714086509 409.25180428271 400.0 -0.005113347197339171 0.8493471037967439 0.8933129336190672 0.027560811212339355 32.3881649311795 2.6128269930046514e-08 0.030535466595896392 0.016452159731811307 0.014083297544364985 0.9291722413836367 0.01830612731350033 0.012229339282396064 0.021019620804690654 0.021019620804571922 2.803369538523667 1.834769019876895
1200.0 15.640595636511483 -5.0971128569053 62.016017131039405 -417377.40629438264 1.86696184102941e-05 28.761517077051987 25.70110966753187 27.85963080958698 86.3138355352684 408.83346426614304 400.0 -0.005204416726236368 0.8573124010249286 0.901886267465007 0.027876145574067798 32.35347647232403 2.613414178043802e-08 0.030821596044648653 0.016607291448801683 0.014214295273536423 0.9380042953464542 0.018482876685800252 0.012338719358848395 0.02121582942778827 0.02121582942767728 2.7805265024052006 1.8361291339713068
1210.0 15.649369897322662 -5.1035341429912275 62.255192958722375 -417087.40329221415 1.871947745912984e-05 28.80915408560697 25.712372491641908 27.898658538099347 86.1087918532627 408.41326604231847 400.0 -0.005296367405841819 0.8652926091287099 0.9104955475076213 0.02819067931234064 32.316162087863574 2.614051203499568e-08 0.031108231985392195 0.016762612071964906 0.01434561058848153 0.9468656474455667 0.018659776969768508 0.012448455015623682 0.021412372257984653 0.02141237225788074 2.758062502755652 1.8374929524808634
1220.0 15.658172594396111 -5.109982675289319 62.49279620576823 -416797.16418169887 1.8769733586573865e-05 28.85702069070305 25.723606218038313 27.93787897613827 85.90279803320972 407.9911951692579 400.0 -0.005389201663087949 0.8732879628759334 0.9191417145647776 0.028504378666967298 32.276264871460405 2.6147389876768483e-08 0.031395378766566506 0.016918122400766462 0.014477247038174526 0.9557571965751461 0.01883682688998422 0.012558551876582282 0.021609251611083506 0.02160925161098467 2.73596823053577 1.8388605494276262
1230.0 15.667003958773725 -5.116458309694505 62.72885451342165 -416506.68823749956 1.8820395184790907e-05 28.90512387201251 25.734813925951435 27.97729817364463 85.69584590068813 407.5672368129941 400.0 -0.005482921967458528 0.8812987031441846 0.9278256983678821 0.02881721034513776 32.233827193215994 2.615478359879579e-08 0.03168304096935656 0.017073823370573043 0.014609208268433947 0.9646798336954904 0.019014025348012262 0.012669015621344305 0.021806469924757373 0.0218064699246609 2.7142346796764656 1.840231998673361
1240.0 15.675864226038929 -5.12296090511902 62.96339491010326 -416215.97467965644 1.8871470721077432e-05 28.95347058296756 25.74599859669636 28.016922166206825 85.48792711139936 407.1413757466587 400.0 -0.005577530832137209 0.889325076711266 0.9365484167607354 0.02912914151941954 32.18889074516973 2.6162700620320236e-08 0.031971223406544534 0.017229716052174885 0.014741498021251938 0.9736344410392604 0.01919137141684131 0.012779851989703219 0.02200402975841725 0.022004029758324356 2.692853134864366 1.841607372203738
1250.0 15.684753636373141 -5.129490323435674 63.196443830986574 -415925.02267428406 1.892296875552558e-05 29.002067760693276 25.757163117018994 28.05675698573167 85.27903317108894 406.71359634921305 400.0 -0.005673030815160927 0.8973673360484533 0.9453107749616046 0.029440139826308064 32.14149658568096 2.617114750416653e-08 0.03225993112117695 0.01738580165125791 0.014874120133989392 0.9826218913825215 0.019368864309369634 0.012891066811807309 0.022201933793020497 0.02220193379292962 2.6718151599142175 1.8429867417146386
1260.0 15.693672434615397 -5.13604642942323 63.42802713683733 -415633.8313342254 1.8974897948269924e-05 29.050922333348105 25.76831028228076 28.096808668460685 85.06915547702764 406.28388260346685 400.0 -0.005769424520488292 0.9054257391165568 0.9541136648874199 0.029750173365449044 32.091685182668364 2.618012997518304e-08 0.03254916938504538 0.017542081507813403 0.015007078538446848 0.991643047379263 0.01954650343093721 0.013002665954108176 0.022400184830795256 0.02240018483070593 2.6511125866951386 1.844370179651899
1270.0 15.702620870326285 -5.142629090713725 63.65817013215277 -415342.3997196534 1.9027267056923873e-05 29.100041217911794 25.77944279949475 28.137083253372506 84.8582852009393 405.85221809382904 400.0 -0.005866714599186438 0.9135005491653994 0.9629579645392891 0.03005921069939316 32.03949645567686 2.618965293963982e-08 0.03283894369700167 0.017698557095504556 0.015140377259813216 1.0006987609584008 0.01972428832466583 0.01311465537233583 0.022598785794909298 0.022598785794821157 2.6307375045802783 1.8457577558694505
1280.0 15.711599197849822 -5.1492381777417515 63.88689758261481 -415050.72683864954 1.908008494958888e-05 29.149431332719903 25.790563290224586 28.177586795272333 84.64641342080982 405.4185860037446 400.0 -0.005964903750480745 0.9215920345366883 0.9718445374475715 0.030367220853957516 31.984969816754766 2.619972050547621e-08 0.033129259781106146 0.01785523002098191 0.015274020415498604 1.0097898727812664 0.01990221870060807 0.013227041080498067 0.022797739729068508 0.022797739728982646 2.610682250390891 1.847149541187623
1290.0 15.720607676385312 -5.155873563695569 64.11423373192302 -414758.81164771435 1.913336060194657e-05 29.199099596725887 25.801674293357657 28.218325364549695 84.43353105089521 404.98296911258865 400.0 -0.00606399472286067 0.9297004684713703 0.9807742321761908 0.030674173319113648 31.92814421009165 2.6210336003304466e-08 0.0334201235846485 0.018012102023170683 0.015408012213867757 1.0189172117590515 0.020080294442411127 0.01333982914223736 0.022997049797076136 0.022997049796989286 2.5909393988086684 1.848545605044345
1300.0 15.72964657005365 -5.162535124470073 64.34020231799117 -414466.65305227204 1.9187103119810726e-05 29.24905293844123 25.812778267761576 28.25930505655729 84.21962879646628 404.54534979244283 400.0 -0.0061639903151763245 0.9378261289208523 0.9897478818839374 0.030980038050524735 31.869058150434768 2.6221502008078972e-08 0.033711541276019344 0.018169174972509007 0.015542356952873485 1.028081594627769 0.02025851552742535 0.013453025748593988 0.023196719282319297 0.02319671928223581 2.571501753230263 1.8499460161235317
1310.0 15.738716147984425 -5.1692227386214435 64.5648265886126 -414174.2499070635 1.9241321744328016e-05 29.299298304911233 25.823877594835015 28.300532000968314 84.00469725835329 404.10571000363956 400.0 -0.006264893377692689 0.9459692983639776 0.9987663039429232 0.031284785471615055 31.807749760199755 2.623322036133944e-08 0.03400351924250226 0.01832645087017685 0.015677059018619703 1.0372838255806032 0.02043688214982133 0.013566637092680913 0.02339675158723715 0.023396751587200067 2.5523623370417976 1.8513508445761846
1320.0 15.747816684385699 -5.175936287323555 64.78812931650891 -413881.6010165813 1.9296025825889617e-05 29.349842650073516 25.83497458095794 28.34201235046295 83.78872681067492 403.664031291251 400.0 -0.006366706813180221 0.9541302636284691 1.0078302996105668 0.03158838647556087 31.7442568053981 2.6245492193928027e-08 0.03429606408794593 0.018483931847340856 0.01581212288378879 1.0465246959541048 0.020615394598839792 0.013680669489106139 0.023597150232821072 0.023597150232784907 2.533514385289047 1.8527601562631648
1330.0 15.756948458626507 -5.182675654326011 65.01013281387385 -413588.70513543126 1.9351224889106616e-05 29.400692965209018 25.84607145985189 28.3837523114534 83.57170770620009 403.22029478021733 400.0 -0.006469433577955493 0.9623093157169287 1.0169406537556174 0.03189081242928976 31.678616730218216 2.625831794916803e-08 0.03458918263031015 0.01864162016425601 0.015947553106085876 1.0558049839681303 0.020794053369665815 0.01379512926064434 0.023797918857871327 0.0237979188578356 2.514951336724062 1.854174020755828
1340.0 15.766111755338056 -5.189440725913784 65.23085894645645 -413295.56096859375 1.940692859371731e-05 29.45185626550954 25.857170394857317 28.425758130872666 83.35363002496021 402.77448116968867 400.0 -0.006573076682962602 0.9705067496407471 1.0260981346368772 0.032192035176401186 31.610866690340945 2.6271697406334153e-08 0.03488288189922647 0.018799518209515878 0.016083354326549306 1.065125454518389 0.020972859129959404 0.013910022769267066 0.02399906121848776 0.023999061218452515 2.4966668262088887 1.855592505869603
1350.0 15.775306864483682 -5.196231390868415 65.45032914705624 -413002.16717178264 1.946314674069804e-05 29.503339592644384 25.868273481130288 28.46803609891434 83.13448362653139 402.3265707288385 400.0 -0.0066776391947917305 0.978722864257144 1.0353034937300427 0.0324920270414373 31.541043585067186 2.6285629704413803e-08 0.035177169133392736 0.018957628499189142 0.016219531267808618 1.074486859016795 0.021151812672556995 0.014025356460835746 0.02420058118737312 0.024200581187338758 2.4786546774552476 1.8570156766145063
1360.0 15.784534081468466 -5.203047540430748 65.66856442866269 -412708.5223516286 1.951988933487777e-05 29.555150043216262 25.879382747770688 28.510592577610492 82.91425821039998 401.876543289987 400.0 -0.006783124236747375 0.9869579621145612 1.0445574656057748 0.03279076083442644 31.46918408807584 2.6300113366072655e-08 0.03547205177799783 0.01911595367600797 0.01635608873232088 1.0838899352823506 0.021330914995304207 0.014141136782693615 0.024402482753198135 0.024402482753164388 2.460908896086565 1.85844360192377
1370.0 15.79379370723976 -5.209889068265131 65.88558539711475 -412414.62506587134 1.9577166516488605e-05 29.60729474640258 25.890500159883192 28.55343397854824 82.69294332532596 401.4243782427201 400.0 -0.006889534989916326 0.9952123493036233 1.0538607678543375 0.03308820985593236 31.395324676967906 2.631514632176466e-08 0.03576753748208032 0.01927449650854777 0.016493031600549643 1.093335407477988 0.0215101671941815 0.01425737028789882 0.024604770019940523 0.024604770019905943 2.443423663003374 1.8598763477332116
1380.0 15.803086048372428 -5.216755870425049 66.10141226328165 -412120.47382359195 1.9634988611635937e-05 29.659780881950837 25.901627620574523 28.59656678089661 82.47052829523233 400.97005452778706 400.0 -0.006996874694166119 1.003486335313394 1.063214101054227 0.033384347902629244 31.31950166162539 2.6330725933914772e-08 0.036063634095816775 0.019433259890394485 0.016630364829085947 1.1028239860906832 0.021689570569931635 0.014374063525885139 0.02480744720619074 0.024807447206157584 2.4261933280363794 1.8613139795355476
1390.0 15.812411417194564 -5.223647845320193 66.31606485494841 -411826.06708526297 1.9693366152455526e-05 29.71261569205772 25.912766972897778 28.639997543269832 82.24700225408297 400.51355062938444 400.0 -0.007105146649219081 1.0117802328965897 1.0726181487878916 0.03367914927321403 31.241751211228923 2.6346849021145336e-08 0.0363603496678755 0.019592246839371295 0.0167680934487753 1.112356367957541 0.021869126542442725 0.01449122312543278 0.02501051864452327 0.025010518644489846 2.4092124038755207 1.86275656444163
1400.0 15.82177013189007 -5.230564893684907 66.5295626282354 -411531.4032628712 1.9752309849174428e-05 29.765806472631663 25.923920001741315 28.683732894933602 82.0223541321103 400.0548445682004 400.0 -0.007214354215732788 1.0200943579398913 1.0820735776980626 0.03397258877491585 31.162109380148113 2.636351188247883e-08 0.03665769244270227 0.019751460496746694 0.016906222562795396 1.1219332363315866 0.02204883669482223 0.01460885574788003 0.025213988780821844 0.02521398878078908 2.392475560258044 1.8642041675821126
1410.0 15.831162516614802 -5.237506918547932 66.74192467867731 -411236.48071996 1.9811830613982387e-05 29.81936058695304 25.935088435669307 28.727779549367533 81.79657270050328 399.5939138935429 400.0 -0.007324500816267785 1.0284290293418998 1.091581037585505 0.034264641730311456 31.080612132607754 2.6380710321464177e-08 0.03695567085783704 0.019910904126487758 0.01704475734471957 1.1315552609877675 0.022228702777581367 0.014726968080255665 0.025417862173649483 0.025417862173607846 2.3759776184045442 1.8656568547477126
1420.0 15.840588901614565 -5.244473825203528 66.95316975194264 -410941.2977716507 1.9871939584463445e-05 29.873285474256058 25.946273948716748 28.772144312709816 81.56964650392823 399.13073567531126 400.0 -0.007435589936432587 1.0367845688978468 1.1011411615462419 0.03455528398482459 30.99729536618579 2.6398439670201985e-08 0.03725429354123242 0.020070581114518496 0.017183703036576854 1.141223098367193 0.02240872665995633 0.01484556688127609 0.025622143493599387 0.025622143493557265 2.3597135456901777 1.8671146924082735
1430.0 15.850049623358277 -5.251465521183869 67.16331625424871 -410645.85268457886 1.9932648106027245e-05 29.927588644401272 25.95747816214325 28.81683407825368 81.34156384157757 398.6652864947479 400.0 -0.007547625125893041 1.0451613011925562 1.1107545661475893 0.034844491914264614 30.912194934135325 2.641669481321069e-08 0.03755356930863727 0.020230494968054985 0.01732306494690049 1.1509373917588115 0.0225889104082235 0.014964658900413768 0.02582683752273712 0.02582683752269454 2.34367845054019 1.8685777449370693
1440.0 15.859545024653864 -5.258481916232664 67.37238226239008 -410350.1436768809 1.9993967757599846e-05 29.982277695104287 25.968702646144923 28.861855843465587 81.11231286399612 398.19754243636504 400.0 -0.007660609999460303 1.0535595534990252 1.1204218516386983 0.035132242433183976 30.825346666645032 2.643547021110108e-08 0.037853507160954404 0.020390649314923504 0.017462848448767457 1.1606987715142991 0.022769256204521814 0.015084250956432593 0.026031949153988113 0.026031949153945636 2.3278675775372624 1.870046078555103
1450.0 15.869075454798129 -5.265522922280099 67.58038553354626 -410054.1689180263 2.0055910364379604e-05 30.037360314401827 25.979948921532337 28.907216712203557 80.88188146484833 397.72747907744895 400.0 -0.00777454823816926 1.0619796556864909 1.1301436021982723 0.03541851300342584 30.736786390901067 2.6454759924027574e-08 0.038154116281718504 0.020551047902967464 0.01760305897786953 1.170507855298467 0.022949766416128933 0.015204349865589571 0.026237483390626468 0.026237483390584324 2.312276302732944 1.8715197593361086
1460.0 15.878641269703435 -5.272588453418922 67.78734351471267 -409757.92652872135 2.011848798077085e-05 30.092844278236306 25.991218461371368 28.952923892022746 80.65025732243822 397.2550714787651 400.0 -0.00788944359037029 1.070421940134169 1.1399203862135623 0.03570328164318708 30.646549950177313 2.6474557634877066e-08 0.03845540603456446 0.02071169459946538 0.017743702030563573 1.1803652483696132 0.02313044353924209 0.015324962495322367 0.026443445345752076 0.02644344534570919 2.296900129150623 1.8729988518318914
1470.0 15.888242832046926 -5.279678425881758 67.99327335190233 -409461.41458070383 2.018171293328304e-05 30.148737469460976 26.002512692593278 28.998984712868488 80.41742788414794 396.78029417423096 400.0 -0.008005299872821482 1.0788867416537273 1.149752756592489 0.03598652693646917 30.55467322181686 2.6494856672169752e-08 0.03875738596080147 0.020872593390616857 0.017884783161959683 1.1902715438912987 0.023311290219622024 0.015446095741179451 0.026649840241834095 0.02664984024179057 2.2817346824731106 1.8744834219740814
1480.0 15.89788051142268 -5.286792758019649 68.19819189907273 -409164.631096509 2.024559781761863e-05 30.20504787997115 26.013832997574433 29.04540662886489 80.18338037925481 396.30312115958236 400.0 -0.008122120971821883 1.0873743974193228 1.1596412511062646 0.036268228042919744 30.461192134209575 2.6515650032647116e-08 0.03906006577705833 0.021033748381082476 0.01802630798402661 1.2002273232730278 0.02349230924858883 0.015567756528469512 0.026856673410300916 0.026856673410256444 2.2667757069051615 1.8759735363220642
1490.0 15.907554684497063 -5.293931370281716 68.40211572678969 -408867.5740492015 2.0310155496798062e-05 30.261783608925118 26.0251807156872 29.092197216164465 79.94810175234052 395.82352588124235 400.0 -0.00823991084432443 1.0958852469052165 1.1695863927606558 0.03654836470811231 30.366142682790656 2.6536930403512896e-08 0.03936345537300681 0.02119516379357636 0.01816828216372249 1.2102331565379356 0.023673503560180005 0.015689951812826806 0.027063950291172954 0.027063950291128635 2.252019061202742 1.8774692595426716
1500.0 15.917265735164573 -5.301094185195971 68.60506113063133 -408570.2413620871 2.0375399125363413e-05 30.318952880696376 26.03655714482355 29.13936419050169 79.71157876860522 395.34148122480025 400.0 -0.008358673519118353 1.104419631830871 1.1795886901946835 0.03682691727422033 30.26956094510994 2.655869018431215e-08 0.039667564809166556 0.021356843968517152 0.0183107114211489 1.220289602716292 0.023854876242445294 0.01581268856672126 0.027271676432745955 0.027271676432701696 2.237460714861116 1.8789706583035541
1510.0 15.927014054722928 -5.308281127351298 68.80704413939802 -408272.6309083271 2.0441342168621012e-05 30.376564049230815 26.04796354289464 29.186915411124154 79.47379789377995 394.85695950221 400.0 -0.008478413097949918 1.112977896114806 1.1896486381066615 0.03710386669108868 30.171483094927996 2.6580921508426676e-08 0.039972404314843585 0.021518793363757897 0.0184536015277594 1.230397210264558 0.02403643053062241 0.015935973784221173 0.027479857491351102 0.027479857491305985 2.223096744455272 1.880477799390996
1520.0 15.936800042044501 -5.3154921233805945 69.00808052307032 -407974.7405105539 2.050799838888845e-05 30.43462559913543 26.05940112930561 29.234858881430906 79.23474537554011 394.3699324390995 400.0 -0.00859913375679514 1.1215603858357273 1.19976671770452 0.037379194527728615 30.07194541546262 2.6603616264165325e-08 0.04027798428615616 0.021681016554374887 0.01859695830459648 1.2405565175071234 0.024218169831961935 0.016059814454194226 0.027688499231163923 0.02768849923111787 2.2089233301246143 1.8819907494825763
1530.0 15.946624103750844 -5.322727101944908 69.2081858005445 -407676.5679404465 2.0575381867314762e-05 30.493146151343588 26.070871086407035 29.283202754164172 78.99440713440212 393.8803711616579 400.0 -0.008720839746979646 1.1301674492013716 1.2099433971794147 0.03765288298421889 29.9709843117939 2.6626766115428878e-08 0.040584315284171266 0.021843518232527084 0.018740787620568803 1.2507680530996643 0.02440009771746639 0.016184217566704878 0.02789760752407709 0.027897607524030574 2.1949367521956176 1.8835095736829994
1540.0 15.956486654403657 -5.329985993718813 69.40737524719448 -407378.11091822846 2.0643507041793326e-05 30.55213448957765 26.08237456092627 29.33195535737474 78.75276890246676 393.38824618234713 400.0 -0.008843535396484577 1.1387994365260783 1.22017913220291 0.03792491490399878 29.868636322413593 2.6650362521946642e-08 0.04089140803319283 0.02200630320740387 0.01888509539079149 1.2610323365143472 0.024582217912532015 0.016309190120660812 0.02810718834966027 0.028107188349614624 2.181133387936796 1.885034341359869
1550.0 15.966388116705845 -5.337268731376917 69.60566390224957 -407079.3671121061 2.0712388688281035e-05 30.611599547654524 26.093912665378443 29.38112518120888 78.50981608974496 392.89352738524815 400.0 -0.008967225111211577 1.1474567002166671 1.2304743664456415 0.03819527378654252 29.764938129973533 2.66743967590612e-08 0.04119927341919489 0.022169376405260302 0.019029887574984174 1.2713498785448152 0.02476453429966003 0.01643473911953486 0.028317247795205544 0.028317247795157992 2.167509708439708 1.886565120289119
1560.0 15.976328921685523 -5.34457524958126 69.80306657591629 -406780.3341377504 2.0782041901926097e-05 30.67155040426877 26.10548647945529 29.430720872154847 78.26553379998668 392.3961840115972 400.0 -0.009091913376262941 1.1561395947646118 1.240829532113924 0.038463943800581844 29.659926571379007 2.6698859937046174e-08 0.041507922488333786 0.022332742869501588 0.019175170175898586 1.281721181827701 0.02494705091688993 0.016560871571443855 0.028527792055801644 0.02852779205575491 2.1540622756191286 1.8881019743221674
1570.0 15.986309508922012 -5.351905484970101 69.99959785642721 -406481.00955759914 2.085248233512534e-05 30.73199639416591 26.117097051399305 29.480751343657303 78.01990689931863 391.8961846432266 400.0 -0.009217604757289038 1.1648484767489646 1.2512450505086083 0.03873090979754305 29.553638647032702 2.6723743019962614e-08 0.041817366445704725 0.022496407760909817 0.01932094923784851 1.2921467413845107 0.025129771918187233 0.01668759452751748 0.028738827434570326 0.028738827434523054 2.1407877393297063 1.8896449856374136
1580.0 15.996330326747197 -5.359259376147522 70.19527211682643 -406181.39088023186 2.0923725359948293e-05 30.792946735307538 26.128745399356216 29.53122540270883 77.77291993193336 391.39349718683576 400.0 -0.009344303901850304 1.173583704844993 1.2617213325987076 0.038996157325611625 29.446111529522305 2.6749036844023232e-08 0.042127616654169926 0.02266037635791295 0.019467230845268895 1.3026270451769888 0.02531270163358139 0.016814915020588548 0.02895036034291839 0.02895036034287049 2.1276828345909955 1.8911941757354083
1590.0 16.006391832480407 -5.366636863674364 70.39010352167219 -405881.4755595974 2.0995789221069914e-05 30.854411937838407 26.140432512713534 29.58215315822384 77.5245571446126 390.88808885665793 400.0 -0.009472015540821185 1.1823456398429941 1.2722587796145648 0.039259672644092025 29.33738257156582 2.677473213548152e-08 0.04243868463342303 0.022824654056988983 0.01961402112137603 1.313162574680312 0.025495844532429143 0.01694284010099387 0.029162397300938524 0.029162397300890673 2.1147443789186418 1.8927497899495151
1600.0 16.016494492658353 -5.374037890060113 70.5841060335489 -405581.2609942358 2.1068683433040946e-05 30.91639859576073 26.152159353421027 29.633540812105245 77.27480243583598 390.3799261565587 400.0 -0.009600744489834964 1.1911346446743731 1.282857783655481 0.039521442738264655 29.227489313398344 2.6800819528018596e-08 0.042750582059192944 0.022989246373152868 0.01976132622688463 1.3237538054693943 0.02567920526741538 0.017071376791777563 0.029374944937882324 0.029374944937835382 2.101969269755402 1.8943112489190468
