#T volume alpha alpha_xx alpha_yy alpha_zz alpha_yz alpha_zy alpha_xz alpha_zx alpha_xy alpha_yx
0.0  14.854693   0.0000e+00   2.1200e-08   2.3400e-08   2.2400e-08   0.0000e+00   0.0000e+00   0.0000e+00   0.0000e+00   0.0000e+00   0.0000e+00
10.0  14.854694   1.6357e-09   1.5526e-09   1.7138e-09   1.6405e-09   0.0000e+00   0.0000e+00   0.0000e+00   0.0000e+00   0.0000e+00   0.0000e+00
20.0  14.854710   9.0902e-08   8.6289e-08   9.5244e-08   9.1172e-08   0.0000e+00   0.0000e+00   0.0000e+00   0.0000e+00   0.0000e+00   0.0000e+00
30.0  14.854804   3.7890e-07   3.5966e-07   3.9700e-07   3.8004e-07   0.0000e+00   0.0000e+00   0.0000e+00   0.0000e+00   0.0000e+00   0.0000e+00
40.0  14.855089   9.4015e-07   8.9234e-07   9.8504e-07   9.4304e-07   0.0000e+00   0.0000e+00   0.0000e+00   0.0000e+00   0.0000e+00   0.0000e+00
50.0  14.855675   1.7202e-06   1.6324e-06   1.8023e-06   1.7258e-06   0.0000e+00   0.0000e+00   0.0000e+00   0.0000e+00   0.0000e+00   0.0000e+00
60.0  14.856642   2.6345e-06   2.4994e-06   2.7602e-06   2.6438e-06   0.0000e+00   0.0000e+00   0.0000e+00   0.0000e+00   0.0000e+00   0.0000e+00
70.0  14.858031   3.6038e-06   3.4178e-06   3.7757e-06   3.6179e-06   0.0000e+00   0.0000e+00   0.0000e+00   0.0000e+00   0.0000e+00   0.0000e+00
80.0  14.859854   4.5695e-06   4.3314e-06   4.7873e-06   4.5896e-06   0.0000e+00   0.0000e+00   0.0000e+00   0.0000e+00   0.0000e+00   0.0000e+00
90.0  14.862099   5.4936e-06   5.2042e-06   5.7551e-06   5.5212e-06   0.0000e+00   0.0000e+00   0.0000e+00   0.0000e+00   0.0000e+00   0.0000e+00
100.0  14.864744   6.3549e-06   6.0160e-06   6.6572e-06   6.3915e-06   0.0000e+00   0.0000e+00   0.0000e+00   0.0000e+00   0.0000e+00   0.0000e+00
110.0  14.867757   7.1443e-06   6.7579e-06   7.4837e-06   7.1912e-06   0.0000e+00   0.0000e+00   0.0000e+00   0.0000e+00   0.0000e+00   0.0000e+00
120.0  14.871106   7.8599e-06   7.4284e-06   8.2327e-06   7.9184e-06   0.0000e+00   0.0000e+00   0.0000e+00   0.0000e+00   0.0000e+00   0.0000e+00
130.0  14.874759   8.5043e-06   8.0300e-06   8.9071e-06   8.5757e-06   0.0000e+00   0.0000e+00   0.0000e+00   0.0000e+00   0.0000e+00   0.0000e+00
140.0  14.878686   9.0825e-06   8.5676e-06   9.5119e-06   9.1679e-06   0.0000e+00   0.0000e+00   0.0000e+00   0.0000e+00   0.0000e+00   0.0000e+00
150.0  14.882859   9.6007e-06   9.0472e-06   1.0054e-05   9.7009e-06   0.0000e+00   0.0000e+00   0.0000e+00   0.0000e+00   0.0000e+00   0.0000e+00
160.0  14.887251   1.0065e-05   9.4750e-06   1.0539e-05   1.0181e-05   0.0000e+00   0.0000e+00   0.0000e+00   0.0000e+00   0.0000e+00   0.0000e+00
170.0  14.891842   1.0482e-05   9.8567e-06   1.0974e-05   1.0614e-05   0.0000e+00   0.0000e+00   0.0000e+00   0.0000e+00   0.0000e+00   0.0000e+00
180.0  14.896611   1.0856e-05   1.0198e-05   1.1365e-05   1.1005e-05   0.0000e+00   0.0000e+00   0.0000e+00   0.0000e+00   0.0000e+00   0.0000e+00
190.0  14.901540   1.1193e-05   1.0504e-05   1.1717e-05   1.1359e-05   0.0000e+00   0.0000e+00   0.0000e+00   0.0000e+00   0.0000e+00   0.0000e+00
200.0  14.906614   1.1498e-05   1.0778e-05   1.2035e-05   1.1682e-05   0.0000e+00   0.0000e+00   0.0000e+00   0.0000e+00   0.0000e+00   0.0000e+00
210.0  14.911819   1.1775e-05   1.1026e-05   1.2322e-05   1.1976e-05   0.0000e+00   0.0000e+00   0.0000e+00   0.0000e+00   0.0000e+00   0.0000e+00
220.0  14.917145   1.2026e-05   1.1250e-05   1.2584e-05   1.2245e-05   0.0000e+00   0.0000e+00   0.0000e+00   0.0000e+00   0.0000e+00   0.0000e+00
230.0  14.922580   1.2256e-05   1.1453e-05   1.2823e-05   1.2492e-05   0.0000e+00   0.0000e+00   0.0000e+00   0.0000e+00   0.0000e+00   0.0000e+00
240.0  14.928115   1.2466e-05   1.1638e-05   1.3041e-05   1.2719e-05   0.0000e+00   0.0000e+00   0.0000e+00   0.0000e+00   0.0000e+00   0.0000e+00
250.0  14.933743   1.2659e-05   1.1807e-05   1.3241e-05   1.2930e-05   0.0000e+00   0.0000e+00   0.0000e+00   0.0000e+00   0.0000e+00   0.0000e+00
260.0  14.939456   1.2838e-05   1.1963e-05   1.3426e-05   1.3125e-05   0.0000e+00   0.0000e+00   0.0000e+00   0.0000e+00   0.0000e+00   0.0000e+00
270.0  14.945248   1.3003e-05   1.2106e-05   1.3596e-05   1.3306e-05   0.0000e+00   0.0000e+00   0.0000e+00   0.0000e+00   0.0000e+00   0.0000e+00
280.0  14.951114   1.3156e-05   1.2238e-05   1.3754e-05   1.3476e-05   0.0000e+00   0.0000e+00   0.0000e+00   0.0000e+00   0.0000e+00   0.0000e+00
290.0  14.957049   1.3299e-05   1.2361e-05   1.3901e-05   1.3635e-05   0.0000e+00   0.0000e+00   0.0000e+00   0.0000e+00   0.0000e+00   0.0000e+00
300.0  14.963048   1.3433e-05   1.2476e-05   1.4039e-05   1.3784e-05   0.0000e+00   0.0000e+00   0.0000e+00   0.0000e+00   0.0000e+00   0.0000e+00
310.0  14.969107   1.3558e-05   1.2583e-05   1.4167e-05   1.3924e-05   0.0000e+00   0.0000e+00   0.0000e+00   0.0000e+00   0.0000e+00   0.0000e+00
320.0  14.975224   1.3676e-05   1.2684e-05   1.4288e-05   1.4056e-05   0.0000e+00   0.0000e+00   0.0000e+00   0.0000e+00   0.0000e+00   0.0000e+00
330.0  14.981394   1.3788e-05   1.2780e-05   1.4402e-05   1.4181e-05   0.0000e+00   0.0000e+00   0.0000e+00   0.0000e+00   0.0000e+00   0.0000e+00
340.0  14.987616   1.3893e-05   1.2871e-05   1.4510e-05   1.4300e-05   0.0000e+00   0.0000e+00   0.0000e+00   0.0000e+00   0.0000e+00   0.0000e+00
350.0  14.993887   1.3994e-05   1.2957e-05   1.4611e-05   1.4412e-05   0.0000e+00   0.0000e+00   0.0000e+00   0.0000e+00   0.0000e+00   0.0000e+00
360.0  15.000205   1.4089e-05   1.3040e-05   1.4708e-05   1.4520e-05   0.0000e+00   0.0000e+00   0.0000e+00   0.0000e+00   0.0000e+00   0.0000e+00
370.0  15.006567   1.4180e-05   1.3119e-05   1.4801e-05   1.4622e-05   0.0000e+00   0.0000e+00   0.0000e+00   0.0000e+00   0.0000e+00   0.0000e+00
380.0  15.012972   1.4268e-05   1.3195e-05   1.4889e-05   1.4719e-05   0.0000e+00   0.0000e+00   0.0000e+00   0.0000e+00   0.0000e+00   0.0000e+00
390.0  15.019418   1.4352e-05   1.3270e-05   1.4973e-05   1.4813e-05   0.0000e+00   0.0000e+00   0.0000e+00   0.0000e+00   0.0000e+00   0.0000e+00
400.0  15.025905   1.4432e-05   1.3341e-05   1.5054e-05   1.4902e-05   0.0000e+00   0.0000e+00   0.0000e+00   0.0000e+00   0.0000e+00   0.0000e+00
410.0  15.032430   1.4510e-05   1.3412e-05   1.5132e-05   1.4988e-05   0.0000e+00   0.0000e+00   0.0000e+00   0.0000e+00   0.0000e+00   0.0000e+00
420.0  15.038992   1.4586e-05   1.3480e-05   1.5207e-05   1.5071e-05   0.0000e+00   0.0000e+00   0.0000e+00   0.0000e+00   0.0000e+00   0.0000e+00
430.0  15.045591   1.4659e-05   1.3547e-05   1.5279e-05   1.5150e-05   0.0000e+00   0.0000e+00   0.0000e+00   0.0000e+00   0.0000e+00   0.0000e+00
440.0  15.052225   1.4730e-05   1.3614e-05   1.5350e-05   1.5226e-05   0.0000e+00   0.0000e+00   0.0000e+00   0.0000e+00   0.0000e+00   0.0000e+00
450.0  15.058893   1.4799e-05   1.3679e-05   1.5418e-05   1.5300e-05   0.0000e+00   0.0000e+00   0.0000e+00   0.0000e+00   0.0000e+00   0.0000e+00
460.0  15.065596   1.4866e-05   1.3744e-05   1.5484e-05   1.5371e-05   0.0000e+00   0.0000e+00   0.0000e+00   0.0000e+00   0.0000e+00   0.0000e+00
470.0  15.072331   1.4932e-05   1.3808e-05   1.5548e-05   1.5439e-05   0.0000e+00   0.0000e+00   0.0000e+00   0.0000e+00   0.0000e+00   0.0000e+00
480.0  15.079099   1.4996e-05   1.3872e-05   1.5611e-05   1.5505e-05   0.0000e+00   0.0000e+00   0.0000e+00   0.0000e+00   0.0000e+00   0.0000e+00
490.0  15.085898   1.5059e-05   1.3936e-05   1.5672e-05   1.5569e-05   0.0000e+00   0.0000e+00   0.0000e+00   0.0000e+00   0.0000e+00   0.0000e+00
500.0  15.092729   1.5121e-05   1.4000e-05   1.5732e-05   1.5631e-05   0.0000e+00   0.0000e+00   0.0000e+00   0.0000e+00   0.0000e+00   0.0000e+00
510.0  15.099591   1.5182e-05   1.4064e-05   1.5791e-05   1.5690e-05   0.0000e+00   0.0000e+00   0.0000e+00   0.0000e+00   0.0000e+00   0.0000e+00
520.0  15.106483   1.5241e-05   1.4128e-05   1.5849e-05   1.5748e-05   0.0000e+00   0.0000e+00   0.0000e+00   0.0000e+00   0.0000e+00   0.0000e+00
530.0  15.113405   1.5300e-05   1.4193e-05   1.5905e-05   1.5804e-05   0.0000e+00   0.0000e+00   0.0000e+00   0.0000e+00   0.0000e+00   0.0000e+00
540.0  15.120357   1.5358e-05   1.4258e-05   1.5961e-05   1.5857e-05   0.0000e+00   0.0000e+00   0.0000e+00   0.0000e+00   0.0000e+00   0.0000e+00
550.0  15.127339   1.5416e-05   1.4323e-05   1.6016e-05   1.5909e-05   0.0000e+00   0.0000e+00   0.0000e+00   0.0000e+00   0.0000e+00   0.0000e+00
560.0  15.134349   1.5473e-05   1.4390e-05   1.6070e-05   1.5960e-05   0.0000e+00   0.0000e+00   0.0000e+00   0.0000e+00   0.0000e+00   0.0000e+00
570.0  15.141389   1.5529e-05   1.4457e-05   1.6123e-05   1.6008e-05   0.0000e+00   0.0000e+00   0.0000e+00   0.0000e+00   0.0000e+00   0.0000e+00
580.0  15.148457   1.5585e-05   1.4524e-05   1.6176e-05   1.6055e-05   0.0000e+00   0.0000e+00   0.0000e+00   0.0000e+00   0.0000e+00   0.0000e+00
590.0  15.155554   1.5640e-05   1.4593e-05   1.6228e-05   1.6101e-05   0.0000e+00   0.0000e+00   0.0000e+00   0.0000e+00   0.0000e+00   0.0000e+00
600.0  15.162679   1.5695e-05   1.4663e-05   1.6279e-05   1.6145e-05   0.0000e+00   0.0000e+00   0.0000e+00   0.0000e+00   0.0000e+00   0.0000e+00
610.0  15.169833   1.5750e-05   1.4733e-05   1.6330e-05   1.6187e-05   0.0000e+00   0.0000e+00   0.0000e+00   0.0000e+00   0.0000e+00   0.0000e+00
620.0  15.177015   1.5804e-05   1.4805e-05   1.6381e-05   1.6228e-05   0.0000e+00   0.0000e+00   0.0000e+00   0.0000e+00   0.0000e+00   0.0000e+00
630.0  15.184225   1.5858e-05   1.4878e-05   1.6431e-05   1.6267e-05   0.0000e+00   0.0000e+00   0.0000e+00   0.0000e+00   0.0000e+00   0.0000e+00
640.0  15.191463   1.5912e-05   1.4952e-05   1.6481e-05   1.6304e-05   0.0000e+00   0.0000e+00   0.0000e+00   0.0000e+00   0.0000e+00   0.0000e+00
650.0  15.198728   1.5966e-05   1.5028e-05   1.6530e-05   1.6341e-05   0.0000e+00   0.0000e+00   0.0000e+00   0.0000e+00   0.0000e+00   0.0000e+00
660.0  15.206022   1.6020e-05   1.5105e-05   1.6580e-05   1.6375e-05   0.0000e+00   0.0000e+00   0.0000e+00   0.0000e+00   0.0000e+00   0.0000e+00
670.0  15.213344   1.6073e-05   1.5183e-05   1.6629e-05   1.6409e-05   0.0000e+00   0.0000e+00   0.0000e+00   0.0000e+00   0.0000e+00   0.0000e+00
680.0  15.220694   1.6127e-05   1.5263e-05   1.6677e-05   1.6441e-05   0.0000e+00   0.0000e+00   0.0000e+00   0.0000e+00   0.0000e+00   0.0000e+00
690.0  15.228072   1.6180e-05   1.5344e-05   1.6726e-05   1.6471e-05   0.0000e+00   0.0000e+00   0.0000e+00   0.0000e+00   0.0000e+00   0.0000e+00
700.0  15.235478   1.6234e-05   1.5427e-05   1.6775e-05   1.6500e-05   0.0000e+00   0.0000e+00   0.0000e+00   0.0000e+00   0.0000e+00   0.0000e+00
710.0  15.242912   1.6287e-05   1.5512e-05   1.6823e-05   1.6528e-05   0.0000e+00   0.0000e+00   0.0000e+00   0.0000e+00   0.0000e+00   0.0000e+00
720.0  15.250374   1.6341e-05   1.5598e-05   1.6871e-05   1.6554e-05   0.0000e+00   0.0000e+00   0.0000e+00   0.0000e+00   0.0000e+00   0.0000e+00
730.0  15.257864   1.6394e-05   1.5687e-05   1.6919e-05   1.6579e-05   0.0000e+00   0.0000e+00   0.0000e+00   0.0000e+00   0.0000e+00   0.0000e+00
740.0  15.265382   1.6448e-05   1.5777e-05   1.6967e-05   1.6602e-05   0.0000e+00   0.0000e+00   0.0000e+00   0.0000e+00   0.0000e+00   0.0000e+00
750.0  15.272929   1.6502e-05   1.5868e-05   1.7015e-05   1.6624e-05   0.0000e+00   0.0000e+00   0.0000e+00   0.0000e+00   0.0000e+00   0.0000e+00
760.0  15.280504   1.6556e-05   1.5962e-05   1.7063e-05   1.6644e-05   0.0000e+00   0.0000e+00   0.0000e+00   0.0000e+00   0.0000e+00   0.0000e+00
770.0  15.288108   1.6610e-05   1.6058e-05   1.7112e-05   1.6663e-05   0.0000e+00   0.0000e+00   0.0000e+00   0.0000e+00   0.0000e+00   0.0000e+00
780.0  15.295741   1.6665e-05   1.6156e-05   1.7160e-05   1.6680e-05   0.0000e+00   0.0000e+00   0.0000e+00   0.0000e+00   0.0000e+00   0.0000e+00
790.0  15.303402   1.6719e-05   1.6256e-05   1.7208e-05   1.6696e-05   0.0000e+00   0.0000e+00   0.0000e+00   0.0000e+00   0.0000e+00   0.0000e+00
800.0  15.311093   1.6774e-05   1.6358e-05   1.7256e-05   1.6711e-05   0.0000e+00   0.0000e+00   0.0000e+00   0.0000e+00   0.0000e+00   0.0000e+00
810.0  15.318812   1.6829e-05   1.6462e-05   1.7304e-05   1.6723e-05   0.0000e+00   0.0000e+00   0.0000e+00   0.0000e+00   0.0000e+00   0.0000e+00
820.0  15.326561   1.6885e-05   1.6569e-05   1.7352e-05   1.6735e-05   0.0000e+00   0.0000e+00   0.0000e+00   0.0000e+00   0.0000e+00   0.0000e+00
830.0  15.334340   1.6941e-05   1.6678e-05   1.7401e-05   1.6745e-05   0.0000e+00   0.0000e+00   0.0000e+00   0.0000e+00   0.0000e+00   0.0000e+00
840.0  15.342148   1.6996e-05   1.6789e-05   1.7449e-05   1.6753e-05   0.0000e+00   0.0000e+00   0.0000e+00   0.0000e+00   0.0000e+00   0.0000e+00
850.0  15.349985   1.7053e-05   1.6903e-05   1.7498e-05   1.6760e-05   0.0000e+00   0.0000e+00   0.0000e+00   0.0000e+00   0.0000e+00   0.0000e+00
860.0  15.357853   1.7109e-05   1.7019e-05   1.7547e-05   1.6765e-05   0.0000e+00   0.0000e+00   0.0000e+00   0.0000e+00   0.0000e+00   0.0000e+00
870.0  15.365751   1.7167e-05   1.7138e-05   1.7596e-05   1.6768e-05   0.0000e+00   0.0000e+00   0.0000e+00   0.0000e+00   0.0000e+00   0.0000e+00
880.0  15.373680   1.7223e-05   1.7258e-05   1.7644e-05   1.6769e-05   0.0000e+00   0.0000e+00   0.0000e+00   0.0000e+00   0.0000e+00   0.0000e+00
890.0  15.381637   1.7274e-05   1.7375e-05   1.7687e-05   1.6763e-05   0.0000e+00   0.0000e+00   0.0000e+00   0.0000e+00   0.0000e+00   0.0000e+00
900.0  15.389621   1.7318e-05   1.7486e-05   1.7722e-05   1.6749e-05   0.0000e+00   0.0000e+00   0.0000e+00   0.0000e+00   0.0000e+00   0.0000e+00
910.0  15.397628   1.7360e-05   1.7594e-05   1.7754e-05   1.6734e-05   0.0000e+00   0.0000e+00   0.0000e+00   0.0000e+00   0.0000e+00   0.0000e+00
920.0  15.405659   1.7402e-05   1.7702e-05   1.7787e-05   1.6719e-05   0.0000e+00   0.0000e+00   0.0000e+00   0.0000e+00   0.0000e+00   0.0000e+00
930.0  15.413714   1.7444e-05   1.7810e-05   1.7820e-05   1.6704e-05   0.0000e+00   0.0000e+00   0.0000e+00   0.0000e+00   0.0000e+00   0.0000e+00
940.0  15.421792   1.7486e-05   1.7918e-05   1.7853e-05   1.6690e-05   0.0000e+00   0.0000e+00   0.0000e+00   0.0000e+00   0.0000e+00   0.0000e+00
950.0  15.429894   1.7528e-05   1.8026e-05   1.7885e-05   1.6677e-05   0.0000e+00   0.0000e+00   0.0000e+00   0.0000e+00   0.0000e+00   0.0000e+00
960.0  15.438020   1.7571e-05   1.8134e-05   1.7918e-05   1.6664e-05   0.0000e+00   0.0000e+00   0.0000e+00   0.0000e+00   0.0000e+00   0.0000e+00
970.0  15.446169   1.7614e-05   1.8242e-05   1.7951e-05   1.6651e-05   0.0000e+00   0.0000e+00   0.0000e+00   0.0000e+00   0.0000e+00   0.0000e+00
980.0  15.454344   1.7657e-05   1.8350e-05   1.7984e-05   1.6639e-05   0.0000e+00   0.0000e+00   0.0000e+00   0.0000e+00   0.0000e+00   0.0000e+00
990.0  15.462542   1.7700e-05   1.8458e-05   1.8017e-05   1.6628e-05   0.0000e+00   0.0000e+00   0.0000e+00   0.0000e+00   0.0000e+00   0.0000e+00
1000.0  15.470765   1.7743e-05   1.8566e-05   1.8050e-05   1.6617e-05   0.0000e+00   0.0000e+00   0.0000e+00   0.0000e+00   0.0000e+00   0.0000e+00
1010.0  15.479012   1.7787e-05   1.8673e-05   1.8083e-05   1.6606e-05   0.0000e+00   0.0000e+00   0.0000e+00   0.0000e+00   0.0000e+00   0.0000e+00
1020.0  15.487284   1.7831e-05   1.8781e-05   1.8117e-05   1.6597e-05   0.0000e+00   0.0000e+00   0.0000e+00   0.0000e+00   0.0000e+00   0.0000e+00
1030.0  15.495581   1.7875e-05   1.8889e-05   1.8150e-05   1.6588e-05   0.0000e+00   0.0000e+00   0.0000e+00   0.0000e+00   0.0000e+00   0.0000e+00
1040.0  15.503903   1.7919e-05   1.8997e-05   1.8184e-05   1.6579e-05   0.0000e+00   0.0000e+00   0.0000e+00   0.0000e+00   0.0000e+00   0.0000e+00
1050.0  15.512250   1.7964e-05   1.9105e-05   1.8217e-05   1.6572e-05   0.0000e+00   0.0000e+00   0.0000e+00   0.0000e+00   0.0000e+00   0.0000e+00
1060.0  15.520623   1.8009e-05   1.9213e-05   1.8251e-05   1.6565e-05   0.0000e+00   0.0000e+00   0.0000e+00   0.0000e+00   0.0000e+00   0.0000e+00
1070.0  15.529021   1.8054e-05   1.9321e-05   1.8285e-05   1.6558e-05   0.0000e+00   0.0000e+00   0.0000e+00   0.0000e+00   0.0000e+00   0.0000e+00
1080.0  15.537444   1.8099e-05   1.9429e-05   1.8319e-05   1.6553e-05   0.0000e+00   0.0000e+00   0.0000e+00   0.0000e+00   0.0000e+00   0.0000e+00
1090.0  15.545894   1.8145e-05   1.9537e-05   1.8353e-05   1.6548e-05   0.0000e+00   0.0000e+00   0.0000e+00   0.0000e+00   0.0000e+00   0.0000e+00
1100.0  15.554369   1.8191e-05   1.9644e-05   1.8388e-05   1.6544e-05   0.0000e+00   0.0000e+00   0.0000e+00   0.0000e+00   0.0000e+00   0.0000e+00
1110.0  15.562871   1.8237e-05   1.9752e-05   1.8422e-05   1.6540e-05   0.0000e+00   0.0000e+00   0.0000e+00   0.0000e+00   0.0000e+00   0.0000e+00
1120.0  15.571399   1.8284e-05   1.9860e-05   1.8457e-05   1.6538e-05   0.0000e+00   0.0000e+00   0.0000e+00   0.0000e+00   0.0000e+00   0.0000e+00
1130.0  15.579954   1.8331e-05   1.9968e-05   1.8492e-05   1.6536e-05   0.0000e+00   0.0000e+00   0.0000e+00   0.0000e+00   0.0000e+00   0.0000e+00
1140.0  15.588535   1.8378e-05   2.0076e-05   1.8527e-05   1.6535e-05   0.0000e+00   0.0000e+00   0.0000e+00   0.0000e+00   0.0000e+00   0.0000e+00
1150.0  15.597143   1.8426e-05   2.0184e-05   1.8562e-05   1.6535e-05   0.0000e+00   0.0000e+00   0.0000e+00   0.0000e+00   0.0000e+00   0.0000e+00
1160.0  15.605778   1.8474e-05   2.0291e-05   1.8597e-05   1.6536e-05   0.0000e+00   0.0000e+00   0.0000e+00   0.0000e+00   0.0000e+00   0.0000e+00
1170.0  15.614441   1.8522e-05   2.0399e-05   1.8633e-05   1.6538e-05   0.0000e+00   0.0000e+00   0.0000e+00   0.0000e+00   0.0000e+00   0.0000e+00
1180.0  15.623132   1.8571e-05   2.0507e-05   1.8668e-05   1.6540e-05   0.0000e+00   0.0000e+00   0.0000e+00   0.0000e+00   0.0000e+00   0.0000e+00
1190.0  15.631850   1.8620e-05   2.0615e-05   1.8704e-05   1.6544e-05   0.0000e+00   0.0000e+00   0.0000e+00   0.0000e+00   0.0000e+00   0.0000e+00
1200.0  15.640596   1.8670e-05   2.0723e-05   1.8740e-05   1.6548e-05   0.0000e+00   0.0000e+00   0.0000e+00   0.0000e+00   0.0000e+00   0.0000e+00
1210.0  15.649370   1.8719e-05   2.0830e-05   1.8777e-05   1.6553e-05   0.0000e+00   0.0000e+00   0.0000e+00   0.0000e+00   0.0000e+00   0.0000e+00
1220.0  15.658173   1.8770e-05   2.0938e-05   1.8813e-05   1.6560e-05   0.0000e+00   0.0000e+00   0.0000e+00   0.0000e+00   0.0000e+00   0.0000e+00
1230.0  15.667004   1.8820e-05   2.1046e-05   1.8850e-05   1.6567e-05   0.0000e+00   0.0000e+00   0.0000e+00   0.0000e+00   0.0000e+00   0.0000e+00
1240.0  15.675864   1.8871e-05   2.1154e-05   1.8887e-05   1.6576e-05   0.0000e+00   0.0000e+00   0.0000e+00   0.0000e+00   0.0000e+00   0.0000e+00
1250.0  15.684754   1.8923e-05   2.1261e-05   1.8924e-05   1.6585e-05   0.0000e+00   0.0000e+00   0.0000e+00   0.0000e+00   0.0000e+00   0.0000e+00
1260.0  15.693672   1.8975e-05   2.1369e-05   1.8962e-05   1.6596e-05   0.0000e+00   0.0000e+00   0.0000e+00   0.0000e+00   0.0000e+00   0.0000e+00
1270.0  15.702621   1.9027e-05   2.1477e-05   1.9000e-05   1.6607e-05   0.0000e+00   0.0000e+00   0.0000e+00   0.0000e+00   0.0000e+00   0.0000e+00
1280.0  15.711599   1.9080e-05   2.1584e-05   1.9038e-05   1.6620e-05   0.0000e+00   0.0000e+00   0.0000e+00   0.0000e+00   0.0000e+00   0.0000e+00
1290.0  15.720608   1.9133e-05   2.1692e-05   1.9076e-05   1.6634e-05   0.0000e+00   0.0000e+00   0.0000e+00   0.0000e+00   0.0000e+00   0.0000e+00
1300.0  15.729647   1.9187e-05   2.1799e-05   1.9114e-05   1.6649e-05   0.0000e+00   0.0000e+00   0.0000e+00   0.0000e+00   0.0000e+00   0.0000e+00
1310.0  15.738716   1.9241e-05   2.1907e-05   1.9153e-05   1.6665e-05   0.0000e+00   0.0000e+00   0.0000e+00   0.0000e+00   0.0000e+00   0.0000e+00
1320.0  15.747817   1.9296e-05   2.2014e-05   1.9192e-05   1.6683e-05   0.0000e+00   0.0000e+00   0.0000e+00   0.0000e+00   0.0000e+00   0.0000e+00
1330.0  15.756948   1.9351e-05   2.2122e-05   1.9231e-05   1.6701e-05   0.0000e+00   0.0000e+00   0.0000e+00   0.0000e+00   0.0000e+00   0.0000e+00
1340.0  15.766112   1.9407e-05   2.2229e-05   1.9271e-05   1.6721e-05   0.0000e+00   0.0000e+00   0.0000e+00   0.0000e+00   0.0000e+00   0.0000e+00
1350.0  15.775307   1.9463e-05   2.2336e-05   1.9311e-05   1.6743e-05   0.0000e+00   0.0000e+00   0.0000e+00   0.0000e+00   0.0000e+00   0.0000e+00
1360.0  15.784534   1.9520e-05   2.2444e-05   1.9351e-05   1.6765e-05   0.0000e+00   0.0000e+00   0.0000e+00   0.0000e+00   0.0000e+00   0.0000e+00
1370.0  15.793794   1.9577e-05   2.2551e-05   1.9392e-05   1.6789e-05   0.0000e+00   0.0000e+00   0.0000e+00   0.0000e+00   0.0000e+00   0.0000e+00
1380.0  15.803086   1.9635e-05   2.2658e-05   1.9432e-05   1.6815e-05   0.0000e+00   0.0000e+00   0.0000e+00   0.0000e+00   0.0000e+00   0.0000e+00
1390.0  15.812411   1.9693e-05   2.2765e-05   1.9473e-05   1.6841e-05   0.0000e+00   0.0000e+00   0.0000e+00   0.0000e+00   0.0000e+00   0.0000e+00
1400.0  15.821770   1.9752e-05   2.2872e-05   1.9515e-05   1.6869e-05   0.0000e+00   0.0000e+00   0.0000e+00   0.0000e+00   0.0000e+00   0.0000e+00
1410.0  15.831163   1.9812e-05   2.2979e-05   1.9557e-05   1.6899e-05   0.0000e+00   0.0000e+00   0.0000e+00   0.0000e+00   0.0000e+00   0.0000e+00
1420.0  15.840589   1.9872e-05   2.3086e-05   1.9599e-05   1.6930e-05   0.0000e+00   0.0000e+00   0.0000e+00   0.0000e+00   0.0000e+00   0.0000e+00
1430.0  15.850050   1.9933e-05   2.3193e-05   1.9641e-05   1.6963e-05   0.0000e+00   0.0000e+00   0.0000e+00   0.0000e+00   0.0000e+00   0.0000e+00
1440.0  15.859545   1.9994e-05   2.3300e-05   1.9684e-05   1.6997e-05   0.0000e+00   0.0000e+00   0.0000e+00   0.0000e+00   0.0000e+00   0.0000e+00
1450.0  15.869075   2.0056e-05   2.3406e-05   1.9727e-05   1.7033e-05   0.0000e+00   0.0000e+00   0.0000e+00   0.0000e+00   0.0000e+00   0.0000e+00
1460.0  15.878641   2.0118e-05   2.3513e-05   1.9771e-05   1.7070e-05   0.0000e+00   0.0000e+00   0.0000e+00   0.0000e+00   0.0000e+00   0.0000e+00
1470.0  15.888243   2.0182e-05   2.3619e-05   1.9815e-05   1.7109e-05   0.0000e+00   0.0000e+00   0.0000e+00   0.0000e+00   0.0000e+00   0.0000e+00
1480.0  15.897881   2.0246e-05   2.3726e-05   1.9859e-05   1.7150e-05   0.0000e+00   0.0000e+00   0.0000e+00   0.0000e+00   0.0000e+00   0.0000e+00
1490.0  15.907555   2.0310e-05   2.3832e-05   1.9904e-05   1.7193e-05   0.0000e+00   0.0000e+00   0.0000e+00   0.0000e+00   0.0000e+00   0.0000e+00
1500.0  15.917266   2.0375e-05   2.3938e-05   1.9949e-05   1.7237e-05   0.0000e+00   0.0000e+00   0.0000e+00   0.0000e+00   0.0000e+00   0.0000e+00
1510.0  15.927014   2.0441e-05   2.4044e-05   1.9994e-05   1.7283e-05   0.0000e+00   0.0000e+00   0.0000e+00   0.0000e+00   0.0000e+00   0.0000e+00
1520.0  15.936800   2.0508e-05   2.4150e-05   2.0040e-05   1.7331e-05   0.0000e+00   0.0000e+00   0.0000e+00   0.0000e+00   0.0000e+00   0.0000e+00
1530.0  15.946624   2.0575e-05   2.4256e-05   2.0086e-05   1.7381e-05   0.0000e+00   0.0000e+00   0.0000e+00   0.0000e+00   0.0000e+00   0.0000e+00
1540.0  15.956487   2.0644e-05   2.4361e-05   2.0133e-05   1.7433e-05   0.0000e+00   0.0000e+00   0.0000e+00   0.0000e+00   0.0000e+00   0.0000e+00
1550.0  15.966388   2.0712e-05   2.4467e-05   2.0180e-05   1.7487e-05   0.0000e+00   0.0000e+00   0.0000e+00   0.0000e+00   0.0000e+00   0.0000e+00
1560.0  15.976329   2.0782e-05   2.4572e-05   2.0228e-05   1.7542e-05   0.0000e+00   0.0000e+00   0.0000e+00   0.0000e+00   0.0000e+00   0.0000e+00
1570.0  15.986310   2.0852e-05   2.4677e-05   2.0276e-05   1.7600e-05   0.0000e+00   0.0000e+00   0.0000e+00   0.0000e+00   0.0000e+00   0.0000e+00
1580.0  15.996330   2.0924e-05   2.4782e-05   2.0325e-05   1.7660e-05   0.0000e+00   0.0000e+00   0.0000e+00   0.0000e+00   0.0000e+00   0.0000e+00
1590.0  16.006392   2.0996e-05   2.4887e-05   2.0374e-05   1.7722e-05   0.0000e+00   0.0000e+00   0.0000e+00   0.0000e+00   0.0000e+00   0.0000e+00
1600.0  16.016494   2.1069e-05   2.4992e-05   2.0423e-05   1.7787e-05   0.0000e+00   0.0000e+00   0.0000e+00   0.0000e+00   0.0000e+00   0.0000e+00
