#T volume alpha alpha_xx alpha_yy alpha_zz alpha_yz alpha_zy alpha_xz alpha_zx alpha_xy alpha_yx
0.0  11.832673   0.0000e+00   2.1693e-08   2.1693e-08   2.0100e-08   0.0000e+00   0.0000e+00   0.0000e+00   0.0000e+00   1.0556e-09   1.0556e-09
10.0  11.832674   1.7744e-09   1.8190e-09   1.8190e-09   1.6854e-09   0.0000e+00   0.0000e+00   0.0000e+00   0.0000e+00   8.8536e-11   8.8536e-11
20.0  11.832685   7.8018e-08   7.9977e-08   7.9977e-08   7.4104e-08   0.0000e+00   0.0000e+00   0.0000e+00   0.0000e+00   3.8917e-09   3.8917e-09
30.0  11.832756   3.8041e-07   3.8996e-07   3.8996e-07   3.6132e-07   0.0000e+00   0.0000e+00   0.0000e+00   0.0000e+00   1.8981e-08   1.8981e-08
40.0  11.832995   1.0170e-06   1.0426e-06   1.0426e-06   9.6600e-07   0.0000e+00   0.0000e+00   0.0000e+00   0.0000e+00   5.0793e-08   5.0793e-08
50.0  11.833506   1.8910e-06   1.9385e-06   1.9385e-06   1.7961e-06   0.0000e+00   0.0000e+00   0.0000e+00   0.0000e+00   9.4626e-08   9.4626e-08
60.0  11.834350   2.8700e-06   2.9421e-06   2.9421e-06   2.7259e-06   0.0000e+00   0.0000e+00   0.0000e+00   0.0000e+00   1.4408e-07   1.4408e-07
70.0  11.835546   3.8620e-06   3.9591e-06   3.9591e-06   3.6680e-06   0.0000e+00   0.0000e+00   0.0000e+00   0.0000e+00   1.9475e-07   1.9475e-07
80.0  11.837088   4.8145e-06   4.9355e-06   4.9355e-06   4.5725e-06   0.0000e+00   0.0000e+00   0.0000e+00   0.0000e+00   2.4416e-07   2.4416e-07
90.0  11.838957   5.7008e-06   5.8443e-06   5.8443e-06   5.4141e-06   0.0000e+00   0.0000e+00   0.0000e+00   0.0000e+00   2.9109e-07   2.9109e-07
100.0  11.841128   6.5104e-06   6.6743e-06   6.6743e-06   6.1827e-06   0.0000e+00   0.0000e+00   0.0000e+00   0.0000e+00   3.3503e-07   3.3503e-07
110.0  11.843573   7.2412e-06   7.4237e-06   7.4237e-06   6.8765e-06   0.0000e+00   0.0000e+00   0.0000e+00   0.0000e+00   3.7586e-07   3.7586e-07
120.0  11.846265   7.8966e-06   8.0957e-06   8.0957e-06   7.4985e-06   0.0000e+00   0.0000e+00   0.0000e+00   0.0000e+00   4.1370e-07   4.1370e-07
130.0  11.849178   8.4821e-06   8.6962e-06   8.6962e-06   8.0542e-06   0.0000e+00   0.0000e+00   0.0000e+00   0.0000e+00   4.4876e-07   4.4876e-07
140.0  11.852288   9.0045e-06   9.2319e-06   9.2319e-06   8.5499e-06   0.0000e+00   0.0000e+00   0.0000e+00   0.0000e+00   4.8128e-07   4.8128e-07
150.0  11.855575   9.4706e-06   9.7100e-06   9.7100e-06   8.9922e-06   0.0000e+00   0.0000e+00   0.0000e+00   0.0000e+00   5.1154e-07   5.1154e-07
160.0  11.859019   9.8871e-06   1.0137e-05   1.0137e-05   9.3873e-06   0.0000e+00   0.0000e+00   0.0000e+00   0.0000e+00   5.3979e-07   5.3979e-07
170.0  11.862605   1.0260e-05   1.0520e-05   1.0520e-05   9.7412e-06   0.0000e+00   0.0000e+00   0.0000e+00   0.0000e+00   5.6624e-07   5.6624e-07
180.0  11.866317   1.0595e-05   1.0863e-05   1.0863e-05   1.0059e-05   0.0000e+00   0.0000e+00   0.0000e+00   0.0000e+00   5.9111e-07   5.9111e-07
190.0  11.870144   1.0896e-05   1.1172e-05   1.1172e-05   1.0345e-05   0.0000e+00   0.0000e+00   0.0000e+00   0.0000e+00   6.1456e-07   6.1456e-07
200.0  11.874074   1.1169e-05   1.1452e-05   1.1452e-05   1.0604e-05   0.0000e+00   0.0000e+00   0.0000e+00   0.0000e+00   6.3676e-07   6.3676e-07
210.0  11.878098   1.1416e-05   1.1705e-05   1.1705e-05   1.0838e-05   0.0000e+00   0.0000e+00   0.0000e+00   0.0000e+00   6.5783e-07   6.5783e-07
220.0  11.882208   1.1641e-05   1.1936e-05   1.1936e-05   1.1052e-05   0.0000e+00   0.0000e+00   0.0000e+00   0.0000e+00   6.7789e-07   6.7789e-07
230.0  11.886395   1.1847e-05   1.2146e-05   1.2146e-05   1.1247e-05   0.0000e+00   0.0000e+00   0.0000e+00   0.0000e+00   6.9703e-07   6.9703e-07
240.0  11.890654   1.2035e-05   1.2339e-05   1.2339e-05   1.1426e-05   0.0000e+00   0.0000e+00   0.0000e+00   0.0000e+00   7.1534e-07   7.1534e-07
250.0  11.894980   1.2208e-05   1.2517e-05   1.2517e-05   1.1591e-05   0.0000e+00   0.0000e+00   0.0000e+00   0.0000e+00   7.3289e-07   7.3289e-07
260.0  11.899366   1.2369e-05   1.2681e-05   1.2681e-05   1.1744e-05   0.0000e+00   0.0000e+00   0.0000e+00   0.0000e+00   7.4973e-07   7.4973e-07
270.0  11.903809   1.2517e-05   1.2833e-05   1.2833e-05   1.1886e-05   0.0000e+00   0.0000e+00   0.0000e+00   0.0000e+00   7.6593e-07   7.6593e-07
280.0  11.908305   1.2655e-05   1.2974e-05   1.2974e-05   1.2018e-05   0.0000e+00   0.0000e+00   0.0000e+00   0.0000e+00   7.8151e-07   7.8151e-07
290.0  11.912850   1.2784e-05   1.3106e-05   1.3106e-05   1.2141e-05   0.0000e+00   0.0000e+00   0.0000e+00   0.0000e+00   7.9652e-07   7.9652e-07
300.0  11.917442   1.2905e-05   1.3230e-05   1.3230e-05   1.2257e-05   0.0000e+00   0.0000e+00   0.0000e+00   0.0000e+00   8.1100e-07   8.1100e-07
310.0  11.922077   1.3019e-05   1.3345e-05   1.3345e-05   1.2366e-05   0.0000e+00   0.0000e+00   0.0000e+00   0.0000e+00   8.2496e-07   8.2496e-07
320.0  11.926754   1.3126e-05   1.3455e-05   1.3455e-05   1.2469e-05   0.0000e+00   0.0000e+00   0.0000e+00   0.0000e+00   8.3843e-07   8.3843e-07
330.0  11.931470   1.3228e-05   1.3558e-05   1.3558e-05   1.2567e-05   0.0000e+00   0.0000e+00   0.0000e+00   0.0000e+00   8.5143e-07   8.5143e-07
340.0  11.936223   1.3324e-05   1.3655e-05   1.3655e-05   1.2660e-05   0.0000e+00   0.0000e+00   0.0000e+00   0.0000e+00   8.6397e-07   8.6397e-07
350.0  11.941011   1.3415e-05   1.3748e-05   1.3748e-05   1.2749e-05   0.0000e+00   0.0000e+00   0.0000e+00   0.0000e+00   8.7608e-07   8.7608e-07
360.0  11.945834   1.3503e-05   1.3837e-05   1.3837e-05   1.2834e-05   0.0000e+00   0.0000e+00   0.0000e+00   0.0000e+00   8.8775e-07   8.8775e-07
370.0  11.950689   1.3586e-05   1.3921e-05   1.3921e-05   1.2916e-05   0.0000e+00   0.0000e+00   0.0000e+00   0.0000e+00   8.9901e-07   8.9901e-07
380.0  11.955575   1.3666e-05   1.4002e-05   1.4002e-05   1.2994e-05   0.0000e+00   0.0000e+00   0.0000e+00   0.0000e+00   9.0986e-07   9.0986e-07
390.0  11.960492   1.3744e-05   1.4080e-05   1.4080e-05   1.3070e-05   0.0000e+00   0.0000e+00   0.0000e+00   0.0000e+00   9.2030e-07   9.2030e-07
400.0  11.965438   1.3818e-05   1.4155e-05   1.4155e-05   1.3144e-05   0.0000e+00   0.0000e+00   0.0000e+00   0.0000e+00   9.3035e-07   9.3035e-07
410.0  11.970412   1.3890e-05   1.4227e-05   1.4227e-05   1.3215e-05   0.0000e+00   0.0000e+00   0.0000e+00   0.0000e+00   9.4000e-07   9.4000e-07
420.0  11.975413   1.3959e-05   1.4297e-05   1.4297e-05   1.3284e-05   0.0000e+00   0.0000e+00   0.0000e+00   0.0000e+00   9.4925e-07   9.4925e-07
430.0  11.980442   1.4027e-05   1.4364e-05   1.4364e-05   1.3352e-05   0.0000e+00   0.0000e+00   0.0000e+00   0.0000e+00   9.5812e-07   9.5812e-07
440.0  11.985496   1.4092e-05   1.4430e-05   1.4430e-05   1.3418e-05   0.0000e+00   0.0000e+00   0.0000e+00   0.0000e+00   9.6660e-07   9.6660e-07
450.0  11.990576   1.4156e-05   1.4493e-05   1.4493e-05   1.3483e-05   0.0000e+00   0.0000e+00   0.0000e+00   0.0000e+00   9.7469e-07   9.7469e-07
460.0  11.995680   1.4219e-05   1.4555e-05   1.4555e-05   1.3546e-05   0.0000e+00   0.0000e+00   0.0000e+00   0.0000e+00   9.8239e-07   9.8239e-07
470.0  12.000809   1.4280e-05   1.4615e-05   1.4615e-05   1.3608e-05   0.0000e+00   0.0000e+00   0.0000e+00   0.0000e+00   9.8970e-07   9.8970e-07
480.0  12.005962   1.4340e-05   1.4674e-05   1.4674e-05   1.3670e-05   0.0000e+00   0.0000e+00   0.0000e+00   0.0000e+00   9.9662e-07   9.9662e-07
490.0  12.011139   1.4398e-05   1.4732e-05   1.4732e-05   1.3730e-05   0.0000e+00   0.0000e+00   0.0000e+00   0.0000e+00   1.0031e-06   1.0031e-06
500.0  12.016339   1.4456e-05   1.4789e-05   1.4789e-05   1.3790e-05   0.0000e+00   0.0000e+00   0.0000e+00   0.0000e+00   1.0093e-06   1.0093e-06
510.0  12.021561   1.4513e-05   1.4844e-05   1.4844e-05   1.3849e-05   0.0000e+00   0.0000e+00   0.0000e+00   0.0000e+00   1.0150e-06   1.0150e-06
520.0  12.026807   1.4568e-05   1.4899e-05   1.4899e-05   1.3908e-05   0.0000e+00   0.0000e+00   0.0000e+00   0.0000e+00   1.0203e-06   1.0203e-06
530.0  12.032074   1.4624e-05   1.4952e-05   1.4952e-05   1.3966e-05   0.0000e+00   0.0000e+00   0.0000e+00   0.0000e+00   1.0253e-06   1.0253e-06
540.0  12.037364   1.4678e-05   1.5005e-05   1.5005e-05   1.4024e-05   0.0000e+00   0.0000e+00   0.0000e+00   0.0000e+00   1.0298e-06   1.0298e-06
550.0  12.042675   1.4732e-05   1.5057e-05   1.5057e-05   1.4081e-05   0.0000e+00   0.0000e+00   0.0000e+00   0.0000e+00   1.0339e-06   1.0339e-06
560.0  12.048008   1.4785e-05   1.5108e-05   1.5108e-05   1.4138e-05   0.0000e+00   0.0000e+00   0.0000e+00   0.0000e+00   1.0376e-06   1.0376e-06
570.0  12.053363   1.4838e-05   1.5159e-05   1.5159e-05   1.4195e-05   0.0000e+00   0.0000e+00   0.0000e+00   0.0000e+00   1.0409e-06   1.0409e-06
580.0  12.058739   1.4890e-05   1.5209e-05   1.5209e-05   1.4252e-05   0.0000e+00   0.0000e+00   0.0000e+00   0.0000e+00   1.0437e-06   1.0437e-06
590.0  12.064136   1.4942e-05   1.5259e-05   1.5259e-05   1.4309e-05   0.0000e+00   0.0000e+00   0.0000e+00   0.0000e+00   1.0461e-06   1.0461e-06
600.0  12.069555   1.4994e-05   1.5308e-05   1.5308e-05   1.4366e-05   0.0000e+00   0.0000e+00   0.0000e+00   0.0000e+00   1.0481e-06   1.0481e-06
610.0  12.074995   1.5046e-05   1.5357e-05   1.5357e-05   1.4422e-05   0.0000e+00   0.0000e+00   0.0000e+00   0.0000e+00   1.0497e-06   1.0497e-06
620.0  12.080456   1.5097e-05   1.5405e-05   1.5405e-05   1.4479e-05   0.0000e+00   0.0000e+00   0.0000e+00   0.0000e+00   1.0507e-06   1.0507e-06
630.0  12.085937   1.5148e-05   1.5453e-05   1.5453e-05   1.4536e-05   0.0000e+00   0.0000e+00   0.0000e+00   0.0000e+00   1.0514e-06   1.0514e-06
640.0  12.091440   1.5199e-05   1.5501e-05   1.5501e-05   1.4594e-05   0.0000e+00   0.0000e+00   0.0000e+00   0.0000e+00   1.0516e-06   1.0516e-06
650.0  12.096964   1.5250e-05   1.5549e-05   1.5549e-05   1.4651e-05   0.0000e+00   0.0000e+00   0.0000e+00   0.0000e+00   1.0513e-06   1.0513e-06
660.0  12.102509   1.5300e-05   1.5596e-05   1.5596e-05   1.4709e-05   0.0000e+00   0.0000e+00   0.0000e+00   0.0000e+00   1.0505e-06   1.0505e-06
670.0  12.108074   1.5351e-05   1.5643e-05   1.5643e-05   1.4767e-05   0.0000e+00   0.0000e+00   0.0000e+00   0.0000e+00   1.0492e-06   1.0492e-06
680.0  12.113661   1.5402e-05   1.5690e-05   1.5690e-05   1.4825e-05   0.0000e+00   0.0000e+00   0.0000e+00   0.0000e+00   1.0475e-06   1.0475e-06
690.0  12.119269   1.5453e-05   1.5737e-05   1.5737e-05   1.4884e-05   0.0000e+00   0.0000e+00   0.0000e+00   0.0000e+00   1.0452e-06   1.0452e-06
700.0  12.124898   1.5503e-05   1.5783e-05   1.5783e-05   1.4943e-05   0.0000e+00   0.0000e+00   0.0000e+00   0.0000e+00   1.0425e-06   1.0425e-06
710.0  12.130548   1.5554e-05   1.5830e-05   1.5830e-05   1.5002e-05   0.0000e+00   0.0000e+00   0.0000e+00   0.0000e+00   1.0392e-06   1.0392e-06
720.0  12.136219   1.5605e-05   1.5876e-05   1.5876e-05   1.5062e-05   0.0000e+00   0.0000e+00   0.0000e+00   0.0000e+00   1.0354e-06   1.0354e-06
730.0  12.141911   1.5656e-05   1.5923e-05   1.5923e-05   1.5122e-05   0.0000e+00   0.0000e+00   0.0000e+00   0.0000e+00   1.0311e-06   1.0311e-06
740.0  12.147625   1.5708e-05   1.5969e-05   1.5969e-05   1.5183e-05   0.0000e+00   0.0000e+00   0.0000e+00   0.0000e+00   1.0262e-06   1.0262e-06
750.0  12.153360   1.5759e-05   1.6016e-05   1.6016e-05   1.5245e-05   0.0000e+00   0.0000e+00   0.0000e+00   0.0000e+00   1.0208e-06   1.0208e-06
760.0  12.159116   1.5811e-05   1.6062e-05   1.6062e-05   1.5307e-05   0.0000e+00   0.0000e+00   0.0000e+00   0.0000e+00   1.0148e-06   1.0148e-06
770.0  12.164894   1.5863e-05   1.6109e-05   1.6109e-05   1.5369e-05   0.0000e+00   0.0000e+00   0.0000e+00   0.0000e+00   1.0083e-06   1.0083e-06
780.0  12.170694   1.5915e-05   1.6155e-05   1.6155e-05   1.5432e-05   0.0000e+00   0.0000e+00   0.0000e+00   0.0000e+00   1.0011e-06   1.0011e-06
790.0  12.176516   1.5967e-05   1.6202e-05   1.6202e-05   1.5496e-05   0.0000e+00   0.0000e+00   0.0000e+00   0.0000e+00   9.9341e-07   9.9341e-07
800.0  12.182360   1.6020e-05   1.6249e-05   1.6249e-05   1.5561e-05   0.0000e+00   0.0000e+00   0.0000e+00   0.0000e+00   9.8509e-07   9.8509e-07
810.0  12.188225   1.6073e-05   1.6296e-05   1.6296e-05   1.5626e-05   0.0000e+00   0.0000e+00   0.0000e+00   0.0000e+00   9.7614e-07   9.7614e-07
820.0  12.194114   1.6126e-05   1.6343e-05   1.6343e-05   1.5692e-05   0.0000e+00   0.0000e+00   0.0000e+00   0.0000e+00   9.6658e-07   9.6658e-07
830.0  12.200024   1.6180e-05   1.6390e-05   1.6390e-05   1.5759e-05   0.0000e+00   0.0000e+00   0.0000e+00   0.0000e+00   9.5637e-07   9.5637e-07
840.0  12.205957   1.6234e-05   1.6437e-05   1.6437e-05   1.5826e-05   0.0000e+00   0.0000e+00   0.0000e+00   0.0000e+00   9.4552e-07   9.4552e-07
850.0  12.211913   1.6287e-05   1.6483e-05   1.6483e-05   1.5893e-05   0.0000e+00   0.0000e+00   0.0000e+00   0.0000e+00   9.3390e-07   9.3390e-07
860.0  12.217890   1.6334e-05   1.6523e-05   1.6523e-05   1.5955e-05   0.0000e+00   0.0000e+00   0.0000e+00   0.0000e+00   9.2138e-07   9.2138e-07
870.0  12.223886   1.6376e-05   1.6558e-05   1.6558e-05   1.6012e-05   0.0000e+00   0.0000e+00   0.0000e+00   0.0000e+00   9.0829e-07   9.0829e-07
880.0  12.229901   1.6416e-05   1.6590e-05   1.6590e-05   1.6066e-05   0.0000e+00   0.0000e+00   0.0000e+00   0.0000e+00   8.9501e-07   8.9501e-07
890.0  12.235932   1.6456e-05   1.6623e-05   1.6623e-05   1.6121e-05   0.0000e+00   0.0000e+00   0.0000e+00   0.0000e+00   8.8165e-07   8.8165e-07
900.0  12.241982   1.6496e-05   1.6656e-05   1.6656e-05   1.6175e-05   0.0000e+00   0.0000e+00   0.0000e+00   0.0000e+00   8.6819e-07   8.6819e-07
910.0  12.248049   1.6537e-05   1.6690e-05   1.6690e-05   1.6230e-05   0.0000e+00   0.0000e+00   0.0000e+00   0.0000e+00   8.5464e-07   8.5464e-07
920.0  12.254134   1.6577e-05   1.6723e-05   1.6723e-05   1.6285e-05   0.0000e+00   0.0000e+00   0.0000e+00   0.0000e+00   8.4100e-07   8.4100e-07
930.0  12.260237   1.6618e-05   1.6757e-05   1.6757e-05   1.6339e-05   0.0000e+00   0.0000e+00   0.0000e+00   0.0000e+00   8.2728e-07   8.2728e-07
940.0  12.266359   1.6659e-05   1.6791e-05   1.6791e-05   1.6394e-05   0.0000e+00   0.0000e+00   0.0000e+00   0.0000e+00   8.1346e-07   8.1346e-07
950.0  12.272498   1.6700e-05   1.6826e-05   1.6826e-05   1.6450e-05   0.0000e+00   0.0000e+00   0.0000e+00   0.0000e+00   7.9955e-07   7.9955e-07
960.0  12.278656   1.6742e-05   1.6860e-05   1.6860e-05   1.6505e-05   0.0000e+00   0.0000e+00   0.0000e+00   0.0000e+00   7.8555e-07   7.8555e-07
970.0  12.284833   1.6784e-05   1.6896e-05   1.6896e-05   1.6560e-05   0.0000e+00   0.0000e+00   0.0000e+00   0.0000e+00   7.7146e-07   7.7146e-07
980.0  12.291027   1.6826e-05   1.6931e-05   1.6931e-05   1.6616e-05   0.0000e+00   0.0000e+00   0.0000e+00   0.0000e+00   7.5728e-07   7.5728e-07
990.0  12.297241   1.6869e-05   1.6967e-05   1.6967e-05   1.6671e-05   0.0000e+00   0.0000e+00   0.0000e+00   0.0000e+00   7.4300e-07   7.4300e-07
1000.0  12.303474   1.6911e-05   1.7003e-05   1.7003e-05   1.6727e-05   0.0000e+00   0.0000e+00   0.0000e+00   0.0000e+00   7.2863e-07   7.2863e-07
1010.0  12.309725   1.6954e-05   1.7040e-05   1.7040e-05   1.6783e-05   0.0000e+00   0.0000e+00   0.0000e+00   0.0000e+00   7.1417e-07   7.1417e-07
1020.0  12.315996   1.6998e-05   1.7076e-05   1.7076e-05   1.6839e-05   0.0000e+00   0.0000e+00   0.0000e+00   0.0000e+00   6.9961e-07   6.9961e-07
1030.0  12.322286   1.7041e-05   1.7114e-05   1.7114e-05   1.6896e-05   0.0000e+00   0.0000e+00   0.0000e+00   0.0000e+00   6.8495e-07   6.8495e-07
1040.0  12.328595   1.7085e-05   1.7151e-05   1.7151e-05   1.6952e-05   0.0000e+00   0.0000e+00   0.0000e+00   0.0000e+00   6.7020e-07   6.7020e-07
1050.0  12.334924   1.7129e-05   1.7190e-05   1.7190e-05   1.7009e-05   0.0000e+00   0.0000e+00   0.0000e+00   0.0000e+00   6.5535e-07   6.5535e-07
1060.0  12.341273   1.7174e-05   1.7228e-05   1.7228e-05   1.7066e-05   0.0000e+00   0.0000e+00   0.0000e+00   0.0000e+00   6.4040e-07   6.4040e-07
1070.0  12.347641   1.7219e-05   1.7267e-05   1.7267e-05   1.7123e-05   0.0000e+00   0.0000e+00   0.0000e+00   0.0000e+00   6.2535e-07   6.2535e-07
1080.0  12.354030   1.7265e-05   1.7307e-05   1.7307e-05   1.7180e-05   0.0000e+00   0.0000e+00   0.0000e+00   0.0000e+00   6.1020e-07   6.1020e-07
1090.0  12.360438   1.7310e-05   1.7346e-05   1.7346e-05   1.7238e-05   0.0000e+00   0.0000e+00   0.0000e+00   0.0000e+00   5.9495e-07   5.9495e-07
1100.0  12.366867   1.7356e-05   1.7387e-05   1.7387e-05   1.7295e-05   0.0000e+00   0.0000e+00   0.0000e+00   0.0000e+00   5.7959e-07   5.7959e-07
1110.0  12.373317   1.7403e-05   1.7428e-05   1.7428e-05   1.7353e-05   0.0000e+00   0.0000e+00   0.0000e+00   0.0000e+00   5.6413e-07   5.6413e-07
1120.0  12.379787   1.7450e-05   1.7469e-05   1.7469e-05   1.7412e-05   0.0000e+00   0.0000e+00   0.0000e+00   0.0000e+00   5.4856e-07   5.4856e-07
1130.0  12.386279   1.7497e-05   1.7511e-05   1.7511e-05   1.7470e-05   0.0000e+00   0.0000e+00   0.0000e+00   0.0000e+00   5.3289e-07   5.3289e-07
1140.0  12.392791   1.7545e-05   1.7553e-05   1.7553e-05   1.7529e-05   0.0000e+00   0.0000e+00   0.0000e+00   0.0000e+00   5.1710e-07   5.1710e-07
1150.0  12.399325   1.7593e-05   1.7596e-05   1.7596e-05   1.7587e-05   0.0000e+00   0.0000e+00   0.0000e+00   0.0000e+00   5.0121e-07   5.0121e-07
1160.0  12.405880   1.7642e-05   1.7639e-05   1.7639e-05   1.7647e-05   0.0000e+00   0.0000e+00   0.0000e+00   0.0000e+00   4.8521e-07   4.8521e-07
1170.0  12.412456   1.7691e-05   1.7683e-05   1.7683e-05   1.7706e-05   0.0000e+00   0.0000e+00   0.0000e+00   0.0000e+00   4.6909e-07   4.6909e-07
1180.0  12.419055   1.7740e-05   1.7728e-05   1.7728e-05   1.7765e-05   0.0000e+00   0.0000e+00   0.0000e+00   0.0000e+00   4.5286e-07   4.5286e-07
1190.0  12.425675   1.7790e-05   1.7773e-05   1.7773e-05   1.7825e-05   0.0000e+00   0.0000e+00   0.0000e+00   0.0000e+00   4.3651e-07   4.3651e-07
1200.0  12.432318   1.7841e-05   1.7818e-05   1.7818e-05   1.7885e-05   0.0000e+00   0.0000e+00   0.0000e+00   0.0000e+00   4.2004e-07   4.2004e-07
1210.0  12.438984   1.7891e-05   1.7864e-05   1.7864e-05   1.7946e-05   0.0000e+00   0.0000e+00   0.0000e+00   0.0000e+00   4.0346e-07   4.0346e-07
1220.0  12.445671   1.7943e-05   1.7911e-05   1.7911e-05   1.8006e-05   0.0000e+00   0.0000e+00   0.0000e+00   0.0000e+00   3.8675e-07   3.8675e-07
1230.0  12.452382   1.7995e-05   1.7959e-05   1.7959e-05   1.8067e-05   0.0000e+00   0.0000e+00   0.0000e+00   0.0000e+00   3.6992e-07   3.6992e-07
1240.0  12.459116   1.8047e-05   1.8006e-05   1.8006e-05   1.8128e-05   0.0000e+00   0.0000e+00   0.0000e+00   0.0000e+00   3.5297e-07   3.5297e-07
1250.0  12.465873   1.8100e-05   1.8055e-05   1.8055e-05   1.8190e-05   0.0000e+00   0.0000e+00   0.0000e+00   0.0000e+00   3.3588e-07   3.3588e-07
1260.0  12.472654   1.8153e-05   1.8104e-05   1.8104e-05   1.8252e-05   0.0000e+00   0.0000e+00   0.0000e+00   0.0000e+00   3.1868e-07   3.1868e-07
1270.0  12.479459   1.8207e-05   1.8154e-05   1.8154e-05   1.8314e-05   0.0000e+00   0.0000e+00   0.0000e+00   0.0000e+00   3.0134e-07   3.0134e-07
1280.0  12.486287   1.8262e-05   1.8205e-05   1.8205e-05   1.8376e-05   0.0000e+00   0.0000e+00   0.0000e+00   0.0000e+00   2.8386e-07   2.8386e-07
1290.0  12.493140   1.8317e-05   1.8256e-05   1.8256e-05   1.8438e-05   0.0000e+00   0.0000e+00   0.0000e+00   0.0000e+00   2.6626e-07   2.6626e-07
1300.0  12.500017   1.8372e-05   1.8308e-05   1.8308e-05   1.8501e-05   0.0000e+00   0.0000e+00   0.0000e+00   0.0000e+00   2.4851e-07   2.4851e-07
1310.0  12.506919   1.8428e-05   1.8360e-05   1.8360e-05   1.8565e-05   0.0000e+00   0.0000e+00   0.0000e+00   0.0000e+00   2.3063e-07   2.3063e-07
1320.0  12.513846   1.8485e-05   1.8414e-05   1.8414e-05   1.8628e-05   0.0000e+00   0.0000e+00   0.0000e+00   0.0000e+00   2.1261e-07   2.1261e-07
1330.0  12.520799   1.8542e-05   1.8468e-05   1.8468e-05   1.8692e-05   0.0000e+00   0.0000e+00   0.0000e+00   0.0000e+00   1.9445e-07   1.9445e-07
1340.0  12.527776   1.8600e-05   1.8523e-05   1.8523e-05   1.8756e-05   0.0000e+00   0.0000e+00   0.0000e+00   0.0000e+00   1.7613e-07   1.7613e-07
1350.0  12.534780   1.8659e-05   1.8578e-05   1.8578e-05   1.8820e-05   0.0000e+00   0.0000e+00   0.0000e+00   0.0000e+00   1.5768e-07   1.5768e-07
1360.0  12.541810   1.8718e-05   1.8634e-05   1.8634e-05   1.8885e-05   0.0000e+00   0.0000e+00   0.0000e+00   0.0000e+00   1.3907e-07   1.3907e-07
1370.0  12.548865   1.8778e-05   1.8691e-05   1.8691e-05   1.8950e-05   0.0000e+00   0.0000e+00   0.0000e+00   0.0000e+00   1.2031e-07   1.2031e-07
1380.0  12.555948   1.8838e-05   1.8749e-05   1.8749e-05   1.9016e-05   0.0000e+00   0.0000e+00   0.0000e+00   0.0000e+00   1.0139e-07   1.0139e-07
1390.0  12.563057   1.8899e-05   1.8808e-05   1.8808e-05   1.9081e-05   0.0000e+00   0.0000e+00   0.0000e+00   0.0000e+00   8.2316e-08   8.2316e-08
1400.0  12.570194   1.8961e-05   1.8867e-05   1.8867e-05   1.9147e-05   0.0000e+00   0.0000e+00   0.0000e+00   0.0000e+00   6.3082e-08   6.3082e-08
1410.0  12.577358   1.9023e-05   1.8928e-05   1.8928e-05   1.9214e-05   0.0000e+00   0.0000e+00   0.0000e+00   0.0000e+00   4.3684e-08   4.3684e-08
1420.0  12.584549   1.9086e-05   1.8989e-05   1.8989e-05   1.9280e-05   0.0000e+00   0.0000e+00   0.0000e+00   0.0000e+00   2.4121e-08   2.4121e-08
1430.0  12.591769   1.9150e-05   1.9051e-05   1.9051e-05   1.9347e-05   0.0000e+00   0.0000e+00   0.0000e+00   0.0000e+00   4.3900e-09   4.3900e-09
1440.0  12.599017   1.9214e-05   1.9114e-05   1.9114e-05   1.9415e-05   0.0000e+00   0.0000e+00   0.0000e+00   0.0000e+00  -1.5513e-08  -1.5513e-08
1450.0  12.606294   1.9279e-05   1.9177e-05   1.9177e-05   1.9483e-05   0.0000e+00   0.0000e+00   0.0000e+00   0.0000e+00  -3.5590e-08  -3.5590e-08
1460.0  12.613599   1.9345e-05   1.9242e-05   1.9242e-05   1.9551e-05   0.0000e+00   0.0000e+00   0.0000e+00   0.0000e+00  -5.5845e-08  -5.5845e-08
1470.0  12.620934   1.9411e-05   1.9308e-05   1.9308e-05   1.9619e-05   0.0000e+00   0.0000e+00   0.0000e+00   0.0000e+00  -7.6280e-08  -7.6280e-08
1480.0  12.628299   1.9479e-05   1.9374e-05   1.9374e-05   1.9688e-05   0.0000e+00   0.0000e+00   0.0000e+00   0.0000e+00  -9.6898e-08  -9.6898e-08
1490.0  12.635693   1.9547e-05   1.9442e-05   1.9442e-05   1.9757e-05   0.0000e+00   0.0000e+00   0.0000e+00   0.0000e+00  -1.1770e-07  -1.1770e-07
1500.0  12.643118   1.9616e-05   1.9510e-05   1.9510e-05   1.9827e-05   0.0000e+00   0.0000e+00   0.0000e+00   0.0000e+00  -1.3870e-07  -1.3870e-07
1510.0  12.650574   1.9685e-05   1.9580e-05   1.9580e-05   1.9897e-05   0.0000e+00   0.0000e+00   0.0000e+00   0.0000e+00  -1.5989e-07  -1.5989e-07
1520.0  12.658060   1.9756e-05   1.9650e-05   1.9650e-05   1.9967e-05   0.0000e+00   0.0000e+00   0.0000e+00   0.0000e+00  -1.8127e-07  -1.8127e-07
1530.0  12.665578   1.9827e-05   1.9722e-05   1.9722e-05   2.0038e-05   0.0000e+00   0.0000e+00   0.0000e+00   0.0000e+00  -2.0286e-07  -2.0286e-07
1540.0  12.673128   1.9899e-05   1.9795e-05   1.9795e-05   2.0109e-05   0.0000e+00   0.0000e+00   0.0000e+00   0.0000e+00  -2.2465e-07  -2.2465e-07
1550.0  12.680709   1.9972e-05   1.9868e-05   1.9868e-05   2.0180e-05   0.0000e+00   0.0000e+00   0.0000e+00   0.0000e+00  -2.4665e-07  -2.4665e-07
1560.0  12.688324   2.0046e-05   1.9943e-05   1.9943e-05   2.0252e-05   0.0000e+00   0.0000e+00   0.0000e+00   0.0000e+00  -2.6886e-07  -2.6886e-07
1570.0  12.695971   2.0121e-05   2.0019e-05   2.0019e-05   2.0325e-05   0.0000e+00   0.0000e+00   0.0000e+00   0.0000e+00  -2.9129e-07  -2.9129e-07
1580.0  12.703651   2.0196e-05   2.0096e-05   2.0096e-05   2.0397e-05   0.0000e+00   0.0000e+00   0.0000e+00   0.0000e+00  -3.1393e-07  -3.1393e-07
1590.0  12.711365   2.0273e-05   2.0174e-05   2.0174e-05   2.0470e-05   0.0000e+00   0.0000e+00   0.0000e+00   0.0000e+00  -3.3680e-07  -3.3680e-07
1600.0  12.719113   2.0350e-05   2.0254e-05   2.0254e-05   2.0544e-05   0.0000e+00   0.0000e+00   0.0000e+00   0.0000e+00  -3.5990e-07  -3.5990e-07
