#Found quasiharmonic mode : None
#T(K), volume, F(eV), S(J/K), H(J/K), a(-6/K), Cp(J/mol), Cv, Cpion, Bt(GPa), T_ph-D(K), T-D(K), F_el_atom, S_el_atom, C_el_atom, M_el, Seebeck_coefficients(10**-6 V/K), Lorenz_number(WOK^{-2}), Q_el, Q_p, Q_e, C_mu, W_p, W_e, Y_p, Y_e
0.0 11.832672505335603 -5.537708701996186 0.0 -534307.6632959162 0.0 0.0 0.0 0.0 162.62589104590077 400.0 400.0 0.0 0.0 0.0 0.0 0.0 2.443004551768e-08 0.0 0.0 0.0 0.0 0.0 0.0 0.0 0.0 0.0 0
10.0 11.83267374736839 -5.537709530535751 0.017897907141664175 -534307.5642587598 1.774435730388982e-09 0.025615278265080275 0.025615277936692982 0.011458748227125958 162.62581575435624 553.5657977260391 400.0 -7.339827813432253e-07 0.014162096361231946 0.014156530037954314 -1.859748657507525e-06 -0.392976861491144 2.4419003729829792e-08 0.0005177742716491497 0.0002586696679110672 0.000259072706148721 0.01415661899081001 0.0002584103234452875 0.0002593639482038622 0.000358907566279702 0.0003589075662374332 494.5973438204819 1.9822475998983562
20.0 11.832685080891798 -5.5377135544460785 0.06514320964540009 -534306.8286219627 7.801848741118665e-08 0.16471795004259956 0.16471668037680678 0.13643553957991486 162.6251286206219 484.84591666919414 400.0 -2.9351463054459855e-06 0.02831129046020765 0.028282410462684725 -8.04857175295848e-06 -0.8506141203717098 2.440143552127075e-08 0.0010351722883094221 0.0005167135316139479 0.0005184268592144054 0.02828325553552695 0.0005155250743662854 0.0005196472139431368 0.0007176015084997628 0.0007176015084063706 247.29875086575151 1.9880036217333188
30.0 11.832755896858423 -5.537728920530497 0.22192013797010346 -534302.956483775 3.804084150203909e-07 0.7534174326176584 0.7533721556858061 0.7110461168817287 162.6208350936632 419.2438105099905 400.0 -6.601981442605593e-06 0.04244426214792076 0.04237131573592973 -1.8946990627782947e-05 -1.3314468354116749 2.438191390837824e-08 0.001552085885557549 0.0007740173151910219 0.000778036672959368 0.04237440748442414 0.0007711926083098219 0.0007808932772477274 0.001076020981887532 0.0010760209818467482 164.86616280485933 1.8600055966815512
40.0 11.832994710339259 -5.537775076988734 0.5931495992625683 -534290.3415251462 1.017042362004671e-06 1.9834878339791462 1.9830563509938315 1.9270762367139525 162.60635552029626 397.37472226903594 400.0 -1.1732909867105668e-05 0.056559367640991315 0.056411597265193625 -3.4697261652983897e-05 -1.8203646478670688 2.435718963185839e-08 0.0020684870783139403 0.0010305554028460246 0.0010378997778267601 0.05641927434367847 0.0010253651435368982 0.0010431219347770426 0.0014341534044446324 0.0014341534044026085 123.65045394699702 1.8350239715536045
50.0 11.833506067281295 -5.537877060839773 1.2099767170778521 -534263.408619001 1.8909978737148172e-06 3.6570906155104645 3.655226324825032 3.5867006460044153 162.57534891432863 393.8204371275403 400.0 -1.8326367909315132e-05 0.07065393767357421 0.07038996950604957 -5.534431489103702e-05 -2.312931775092653 2.432608141740251e-08 0.0025843433583183826 0.0012863108542753058 0.0012980006055932421 0.0704054336232931 0.0012780186741839293 0.0013063246841344537 0.0017919914068410365 0.0017919914067984336 98.92178806839482 1.8334201278285662
60.0 11.834349793105027 -5.5380578613881 2.039737621905002 -534218.9677984935 2.870041957007968e-06 5.5134159262513736 5.508263835038732 5.429112525323979 162.52418159608678 396.23733514773494 400.0 -2.638077530446892e-05 0.08472605221762343 0.08430340092739505 -8.091824360178584e-05 -2.8103065955885826 2.4291256494080427e-08 0.003099607536093638 0.0015412585073913136 0.0015583171287167203 0.08433077792684324 0.0015291232965230198 0.0015704842395706177 0.0021495239264167016 0.002149523926376093 82.43678253740165 1.8386805393577013
70.0 11.835545536478437 -5.538335447727252 3.0305391499230403 -534155.9973254382 3.862049535528071e-06 7.37841558533219 7.367535318615199 7.280260107457016 162.45165102820303 400.34823111978176 400.0 -3.5894610711512955e-05 0.09877531931412328 0.09815547787517365 -0.00011147128827797983 -3.3153640596307383 2.425538450910583e-08 0.003614248179442782 0.0017953758234462716 0.0018188404536996184 0.09819991751276333 0.0017786482649264834 0.001835599914516299 0.0025067463227982853 0.002506746322756276 70.66247907110363 1.8454617357942509
80.0 11.837087714829337 -5.538722671020405 4.13348963227841 -534074.8172633951 4.81446457071691e-06 9.156531744821557 9.137216591408098 9.044581238482213 162.35808009768007 404.6209540652382 400.0 -4.686649100385149e-05 0.11280238659897086 0.11195050633934325 -0.00014708468876823902 -3.830614332855914 2.4219806541428117e-08 0.004128259463836009 0.002048647716446477 0.002079579842023212 0.11201829235486237 0.0020265657278772885 0.00210169373595872 0.002863663585442194 0.0028636635854012004 61.83235455100056 1.8521617468875813
90.0 11.838957120509017 -5.5392280997502645 5.3088073140969625 -533976.4702345721 5.700838472115143e-06 10.800983366542118 10.770532677031115 10.675293676638622 162.24461473202484 408.51949116468637 400.0 -5.929519287828299e-05 0.12680818430348237 0.12568968990349672 -0.00018786174477819975 -4.357498597489933 2.4184578015248673e-08 0.004641653675249492 0.0023010645661982426 0.0023405571999105088 0.12578833852490354 0.0022728497965665896 0.0023688038786829012 0.003220287167084085 0.0032202871670432144 54.96498613010576 1.8584692131899108
100.0 11.841128185900391 -5.5398569797649415 6.525988009822379 -533862.3417889384 6.510354214761446e-06 12.293537799815406 12.249440398506112 12.154168335220191 162.11278471971494 411.8939644247921 400.0 -7.317961474426066e-05 0.14079330998604847 0.1393694645952143 -0.00023391723854894827 -4.896359707586929 2.414888037913394e-08 0.005154448730837301 0.0025526180961498186 0.0026017987211372335 0.1395077991120382 0.0025174740468756666 0.002636974683961634 0.003576629814231809 0.0035766298141909707 49.47151122815667 1.8644057641288558
110.0 11.843573255549845 -5.54061207101053 7.762370868356017 -533733.9350240128 7.241207095161383e-06 13.632441687028152 13.572475016407754 13.479460321766496 161.96424583380875 414.7440973890213 400.0 -8.851869802346055e-05 0.15475764629777017 0.1529813652616563 -0.000285367574467455 -5.446648519541822 2.4111442094708562e-08 0.005666657173784342 0.002803297677552747 0.002863327577712119 0.1531695601607967 0.002760409342752289 0.002906247831032054 0.003932700865042335 0.003932700865001755 44.97719646462748 1.8700314043061819
120.0 11.846265003194263 -5.541494313744318 9.001497878007726 -533592.7395573511 7.896558434982547e-06 14.825058880722294 14.747324699520258 14.658546074655982 161.80063428970658 417.1226180435857 400.0 -0.000105311328838485 0.16870018998281056 0.16651280606631208 -0.00034232299231050026 -6.007176492615205 2.4070867847750247e-08 0.0061782785376018065 0.0030530878236599977 0.003125158789967739 0.16676239807578563 0.0030016225338047255 0.00317665600379708 0.00428850288044163 0.004288502880400989 41.232219969757764 1.8753829654715035
130.0 11.849177718671275 -5.542503338900537 10.231660510210437 -533440.1595636999 8.48207803973162e-06 15.883304229395126 15.786223287080015 15.703355935263698 161.62348910447045 419.0955986685233 400.0 -0.00012355623665196404 0.18261903893809528 0.17994829413142752 -0.0004048820351221393 -6.576348819217532 2.402586186084825e-08 0.00668929503396726 0.0033019668719932354 0.0033872962321298194 0.18027216091449677 0.0032410759965319966 0.0034482190374352626 0.004644029691694633 0.004644029691654101 38.063629877853074 1.8804762685613603
140.0 11.85228791239185 -5.543637851643427 11.444717004060811 -533277.4788882509 9.00447206880417e-06 16.82085853525035 16.70314246931686 16.627587791452655 161.43421598061326 420.7268610758055 400.0 -0.0001432519012105151 0.1965114829605402 0.19327074379769474 -0.0004731280579249325 -7.152359088227622 2.3975359300923526e-08 0.007199669928832101 0.0035499066215349167 0.003649731371230883 0.1936830540586438 0.0034787278182994764 0.003720942110532624 0.0049992656487598056 0.004999265648721219 35.347891357486084 1.88531748318061
150.0 11.855574516347824 -5.544895916488296 12.635168330094276 -533105.8488236909 9.470627977560673e-06 17.651543394248968 17.51215659018199 17.445080706960326 161.23407515366503 422.07261770714314 400.0 -0.00016439647450082159 0.21037415289065145 0.2064626872886409 -0.0005471274420266158 -7.733341918621132 2.391858725532961e-08 0.007709347890413908 0.003796872659143795 0.003912443288686473 0.20697882821864397 0.003714532409348325 0.003994815481065583 0.005354185775695686 0.005354185775659406 32.994414454101715 1.8899109956371813
160.0 11.859018856052138 -5.546275167715837 13.79945324979696 -532926.2890660039 9.887144052600435e-06 18.388439203254226 18.22655853734279 18.168931927528426 161.0241831384142 423.1803771954392 400.0 -0.0001869877207750141 0.22420319427985003 0.21950727572580164 -0.0006269291506137049 -8.317485344619001 2.385507639434071e-08 0.00821825667124587 0.004042825139333079 0.004175399582566445 0.2201437647356903 0.0039484413624622195 0.004269815308783646 0.0057087565510847505 0.005708756551044526 30.93525879169002 1.8942630253036454
170.0 11.862604501276774 -5.5477729637499165 14.935418704925704 -532739.6957539301 1.026009475137901e-05 19.043463605467544 18.858440449310315 18.811074572950474 160.80552175959403 424.0895119151445 400.0 -0.00021102297526876448 0.23799444230118655 0.23238903251706938 -0.0007125652718766191 -8.903107172236007 2.3784641143676692e-08 0.008726309604355434 0.004287719827087186 0.004438557820957222 0.23316342012137883 0.004180404423852366 0.004545905180503066 0.0060629370751155084 0.006062937075076922 29.118471809541035 1.8983825793732274
180.0 11.86631706097121 -5.549386499778583 16.04192600207578 -532546.8528130073 1.0594936810136816e-05 19.627223244535756 19.41854978210632 19.382128880550393 160.57895055201206 424.8323639161021 400.0 -0.0002364991205283715 0.25174358329480756 0.24509436398536205 -0.0008040522301261371 -9.48870086483757 2.370734212189933e-08 0.009233408512032193 0.004531509259186626 0.004701867289405353 0.24602513380028107 0.004410370853973243 0.004823037658058949 0.006416680436242177 0.006416680436202743 27.503647543384982 1.9022811459313347
190.0 11.870143960675335 -5.55111288937949 17.118560034478616 -532348.444360842 1.0896495980435549e-05 20.149019095951573 19.916299613371578 19.891407240022367 160.34521999085092 425.43542080951715 400.0 -0.00026341257837061516 0.2654462949053793 0.2576118559292065 -0.0009013923935309542 -10.072957082557828 2.362344074203502e-08 0.00973944673146155 0.004774143919963431 0.004965270840796356 0.2587183263832774 0.004638290194325343 0.005101156537136209 0.006769935138602149 0.00676993513856447 26.058887883788294 1.9059719252311156
200.0 11.874074223842133 -5.552949223193474 18.16541565473955 -532145.0669143705 1.1168997375542751e-05 20.61693139855634 20.359858438439726 20.346999003152103 160.1049848211084 425.92038384901406 400.0 -0.00029175931502176404 0.27909836143929373 0.26993239540423564 -0.0010045758623972061 -10.654766920535176 2.3533352634460043e-08 0.010244312050704219 0.0050155733610390656 0.0052287067115969225 0.27123462625766465 0.004864112473287009 0.005380199577417209 0.007122646493114958 0.00712264649307675 24.758675459730753 1.9094690397577434
210.0 11.87809826817419 -5.554892610631492 19.182941325019936 -531937.2407494592 1.1416116915097197e-05 21.03794008081359 20.75627498732693 20.755890921730217 159.85881615767622 426.3050736710048 400.0 -0.0003215348567163953 0.2926957641889655 0.28204915908337264 -0.0011135822760726698 -11.23321233501668 2.343760401811381e-08 0.010747889420515768 0.005255747221036197 0.005492110213963323 0.2835678644463869 0.005087789398399392 0.005660100022116377 0.007474757908854953 0.0074747579088173585 23.582354279697245 1.9127868705038342
220.0 11.882207721854765 -5.556940209058598 20.171825063838313 -531725.4201279567 1.1641040657101152e-05 21.418055457869663 21.111612702943507 21.124097951265803 159.60721255037296 426.6041759252189 400.0 -0.00035273431345407325 0.3062347483934326 0.29395750660386066 -0.0012283825262839779 -11.80754841225938 2.3336793284771348e-08 0.011250063363247778 0.005494616121257243 0.005755415248964506 0.2957139749781909 0.005309274996385759 0.00594078836686202 0.00782621204748489 0.007826212047447682 22.513024755998767 1.9159395628267186
230.0 11.886395261027698 -5.559089243750382 21.132911527588558 -531510.0023166299 1.1846524615316917e-05 21.762445564403222 21.431080234179152 21.45679075257899 159.35060970062398 426.82984427108335 400.0 -0.00038535240852609516 0.3197118695556924 0.3056548118242354 -0.001348940306219581 -12.377181197039713 2.323155876314972e-08 0.011750720041701638 0.005732132427764346 0.006018555613356451 0.3076708328244881 0.005528526141311295 0.006222193900390343 0.00817695182292354 0.008176951822887262 21.53672699651514 1.9189406908618187
240.0 11.890654467907034 -5.561337021065732 22.067141969770212 -531291.3354360338 1.2034951165923024e-05 22.075553403566424 21.719151273017534 21.758413145035174 159.08938911306123 426.99217729372975 400.0 -0.00041938351190744 0.3331240222793103 0.31714025853125066 -0.0014752134579083004 -12.941643881813404 2.312255277797253e-08 0.01224974898045232 0.005968250880261968 0.006281466092023758 0.3194380553756657 0.005745502979439411 0.006504246001012909 0.008526921242244802 0.008526921242208274 20.641828285504708 1.9218030553827012
250.0 11.894979707950048 -5.563680936648391 22.97551099543367 -531069.7252333743 1.220838020281366e-05 22.361201386768293 21.979671087000632 22.032786765895274 158.82388527937815 427.0996152560316 400.0 -0.0004548216759524984 0.34646845483236854 0.32841462087301815 -0.001607155105093967 -13.500573340576917 2.301042160278515e-08 0.012747044452289226 0.0062029290946547765 0.0065440833418629754 0.3310167874304725 0.00596016925975623 0.006786875192532996 0.008876066093115274 0.008876066093078613 19.81855757966939 1.9245385732347877
260.0 11.899366024079912 -5.566118480002515 23.85903563940039 -530845.4408960682 1.2368594429359436e-05 22.622682460201307 22.215949321146034 22.28320241700057 158.55439212020923 427.15923669588113 400.0 -0.0004916606719883146 0.35974277244708963 0.3394800432007385 -0.0017447145762488285 -14.053688309421947 2.2895790628986203e-08 0.013242506555009805 0.00643612794997818 0.006806346581646018 0.34240948428963025 0.006172492580294648 0.007070013974715154 0.009224334488901266 0.009224334488865109 19.058647437364517 1.9271582376867118
270.0 11.903809045895194 -5.568647236440855 24.718733483645703 -530618.7200265317 1.2517138832417781e-05 22.86283856733079 22.430839794137416 22.51249873800112 158.28116844195858 427.1770103035271 400.0 -0.0005298940269137018 0.37294493203564694 0.350339829329668 -0.0018878381335597728 -14.600769976794584 2.2779253960779933e-08 0.01373604201091503 0.006667811872359976 0.007068198107554266 0.3536197030268905 0.00638244456063028 0.007353597450284748 0.009571677285854186 0.009571677285818777 18.355055526849696 1.9296721218753372
280.0 11.908304911856613 -5.571264887147134 25.55560740028342 -530389.7728928062 1.2655354781278601e-05 23.08412763740629 22.62680854100538 22.723129389884246 158.00444251512377 427.1579912979317 400.0 -0.0005695150589537146 0.3860732306175323 0.3609982475220479 -0.0020364695302143676 -15.141645341455387 2.2661367637936377e-08 0.014227564724343366 0.006897949029281829 0.0073295836564512724 0.3646519084029254 0.0065900009505281115 0.0076375637738152575 0.009918048388166954 0.00991804838813171 17.70174581781842 1.9320894158666033
290.0 11.912850202659849 -5.573969207903214 26.3706351454674 -530158.7860590094 1.2784409221925861e-05 23.28868046948736 22.805991531125834 22.91722011479975 157.72441612321154 427.10648038360364 400.0 -0.0006105169120426475 0.3991262893666249 0.37146035468761046 -0.002190550421187456 -15.676173407473488 2.2542645742449883e-08 0.014716996132906017 0.007126511447204921 0.007590452639492549 0.37551129713520925 0.006795141684057605 0.007921854448848414 0.010263404956882598 0.010263404956848375 17.093515049035272 1.934418476426377
300.0 11.917441884134737 -5.576758066889537 27.164762497488177 -529925.9254874798 1.2905319601584385e-05 23.47834888587492 22.970243478462876 23.096617044613527 157.44126800209315 427.02615219030724 400.0 -0.0006528925885418746 0.4121030348180302 0.3817318412613895 -0.0023500206531195706 -16.204234091920796 2.242355873163348e-08 0.015204265386405054 0.007353475064799523 0.007850758267814326 0.38620364222064824 0.006997850887596798 0.008206414498808254 0.010607707537878526 0.010607707537843543 16.52585390688307 1.936666886372606
310.0 11.922077258305704 -5.579629421861382 27.938898976266923 -529691.3391921764 1.3018975119885625e-05 23.654746432014406 23.12117905589402 23.26292753519902 157.15515673974056 426.9201594880369 400.0 -0.0006966349799010966 0.42500267845303014 0.3918188968153884 -0.0025148184575023496 -16.72571960201534 2.2304533438544747e-08 0.01568930938488903 0.0075788197330055665 0.0081104575905287 0.39673515759879846 0.007198116849324674 0.008491192535564357 0.010950920123049558 0.010950920123015602 15.99483507625731 1.9388415211575776
320.0 11.926753921366329 -5.582581316924297 28.693915433634587 -529455.1595115848 1.3126154780280807e-05 23.81928275709072 23.26020768116446 23.41755466154829 156.8662232403086 426.79121811511953 400.0 -0.0007417368952995529 0.43782469559741616 0.4017280955424272 -0.002684880569174924 -17.2405279750525 2.2185954278806122e-08 0.0161720727039265 0.007802529171903565 0.008369511463126356 0.4071123825026087 0.007395931956880018 0.008776140747046482 0.01129301015732033 0.011293010157286872 15.49702228493754 1.94094861124316
330.0 11.931469727553797 -5.58561187907322 29.43064298988943 -529217.5050591334 1.3227542726673792e-05 23.973192667558948 23.388562888678987 23.561726367358798 156.5745930087992 426.64167649154166 400.0 -0.0007881910881060236 0.45056880433743074 0.411466300200149 -0.002860142289154473 -17.748558451264213 2.2068165293367683e-08 0.01665250743181499 0.008024590893175611 0.008627884462224646 0.4173420842611384 0.007591292609106108 0.009061214822708882 0.011633948502612318 0.011633948502578975 15.029395887844554 1.942993802842702
340.0 11.93622275801264 -5.588719314615365 30.149872929048644 -528978.4824002457 1.3323741304460871e-05 24.11756070337368 23.507327154310193 23.69652012056414 156.2803779208028 426.4735726305206 400.0 -0.0008359902803140425 0.46323494496431705 0.42104058280953927 -0.003040537507933517 -18.249708353701564 2.195147273623102e-08 0.01713057293991806 0.008244996095729163 0.008885544760280929 0.4274311779886223 0.00778419910702706 0.009346373832890992 0.011973709368347102 0.011973709368314342 14.589291585538517 1.9449822152443996
350.0 11.941011293939493 -5.591901905563937 30.85235726684933 -528738.1874974001 1.3415282197819462e-05 24.25334195754757 23.617452907123457 23.82288379725569 155.98367783900895 426.288681875676 400.0 -0.0008851271848505367 0.47582326030912764 0.4304581602918802 -0.003225998702362233 -18.74387117080274 2.183614798333827e-08 0.017606235604201787 0.008463739541009237 0.009142463971816986 0.4373866614472999 0.007974655528603117 0.009631580075598667 0.012312270216701603 0.012312270216670394 14.174349649827054 1.9469184976776996
360.0 11.945833793340729 -5.595158006065015 31.538809780336123 -528496.706958139 1.350263585422692e-05 24.381379735688306 23.719780344831317 23.941653392459756 155.68458203210275 426.0885551776994 400.0 -0.0009355945260093061 0.4883340772056611 0.439726343228548 -0.0034164569165191887 -19.23093556870053 2.172243059411793e-08 0.018079468492930295 0.008680819413472079 0.009398616980640838 0.44721556333758955 0.008162669591170745 0.009916798901759546 0.012649611649429316 0.012649611649398167 13.782472613174853 1.9488068714095788
370.0 11.950688870884694 -5.598486038901434 32.20990734379293 -528254.1191153848 1.3586219613976839e-05 24.502420577484525 23.81505256920157 24.053568081479625 155.38317040996031 425.874552243204 400.0 -0.0009873850580471258 0.5007678892289144 0.4488524960048998 -0.0036118417345191098 -19.710785096662505 2.1610531401551295e-08 0.018550251032914536 0.008896237170852956 0.009653981755827896 0.45692490331592805 0.008348252505000393 0.010201998527914143 0.012985717281948448 0.01298571728191875 13.411789820459257 1.9506511806608828
380.0 11.955575280410425 -5.601884492103573 32.86629145716927 -528010.4949647664 1.366640461022648e-05 24.617127049579317 23.903928472295274 24.159283042865464 155.07951444292482 425.6478686207262 400.0 -0.0010404915820932785 0.5131253407854142 0.4578440067138511 -0.003812081251184716 -20.183298386375156 2.1500635541578683e-08 0.01901856866437168 0.009109997388096633 0.009908539162649856 0.46652166212967 0.008531418820944563 0.010487149843427118 0.013320573609390138 0.01332057360935852 13.06062757879426 1.9524549286628559
390.0 11.960491899682312 -5.605351915686784 33.50856988378079 -527765.8989798431 1.3743521678059096e-05 24.726088669938058 23.986993732662118 24.25938040461113 154.77367818881518 425.40955855626265 400.0 -0.0010949069615147347 0.5254072125765032 0.4667082653269275 -0.004017102044604229 -20.648349681584552 2.1392905359771253e-08 0.019484412492353675 0.00932210759808922 0.010162272773271464 0.47601276037033263 0.008712186274709866 0.010772226217643805 0.013654169868306587 0.013654169868276708 12.727483900494436 1.9542213126345052
400.0 11.965437717096128 -5.608886918527496 34.13731833722703 -527520.389822758 1.3817866469680781e-05 24.829831262129726 24.0647702207322 24.354378613348246 154.46571911110212 425.16055424777477 400.0 -0.001150624135861632 0.5376144084192556 0.4754526487814828 -0.004226829153393265 -21.10580956780711 2.1287483153807898e-08 0.019947778941087756 0.009532578131829774 0.010415168680919474 0.48540504447235905 0.008890575629964044 0.011057203311123713 0.013986497897120247 0.013986497897091206 12.411007035276214 1.9559532601748193
410.0 11.970411820050021 -5.612488165384465 34.75308217437398 -527274.0209651963 1.3889703801510224e-05 24.928824974368776 24.13772406275885 24.44474046259982 154.15568865161333 424.9016821265728 400.0 -0.0012076361335532514 0.549747943379645 0.4840845117689562 -0.004441186060072723 -21.555545801032043 2.1184493725885598e-08 0.020408669416047093 0.009741421960110675 0.010667215320272918 0.49470527870999836 0.009066610522135322 0.011342058893911777 0.014317551997615354 0.014317551997587257 12.10997714465598 1.957653452131228
420.0 11.975413384746291 -5.616154374067365 35.35637806399313 -527026.8412322034 1.3959271448029474e-05 25.02349118164968 24.206272571278582 24.5308799995107 153.8436329467313 424.63367667402014 400.0 -0.0012659360833931074 0.5618089331530991 0.4926111821389772 -0.0046600946813640754 -21.997424159795738 2.108404673069883e-08 0.02086708997736316 0.0099486545383888 0.010918403296004351 0.5039201420683611 0.009240319086819876 0.011626770890543281 0.014647328799316309 0.014647328799287117 11.823290594767608 1.9593243523632298
430.0 11.980441667244238 -5.619884312752282 35.94769561016651 -526778.8952795103 1.4026783399698613e-05 25.114208432676755 24.270790215742906 24.613168472718638 153.5295932600784 424.35719218597666 400.0 -0.001325517225084285 0.5737985846158392 0.5010399599581161 -0.004883475365378151 -22.43130926632677 2.0986238813117705e-08 0.021323051027239123 0.010154293656163311 0.011168725220815495 0.5130562289855316 0.009411735013044585 0.011911316014194533 0.014975827128124938 0.014975827128096692 11.549946441286592 1.9609682287706385
440.0 11.985495995573373 -5.623676797441118 36.52749891639097 -526530.2240134323 1.4092432673096293e-05 25.201317588363406 24.331613778513372 24.691939468990334 153.2136065933839 424.0728128245665 400.0 -0.0013863729188321762 0.5857181874597415 0.5093781193730746 -0.005111246895360038 -22.85706534001324 2.0891155535822572e-08 0.021776567013101267 0.01035835929184167 0.011418175563722616 0.5221200530731702 0.009580890517146364 0.012195676495954903 0.015303047880191357 0.015303047880162521 11.289034757656033 1.9625871734163818
450.0 11.990575762782964 -5.627530689560836 37.09622808164787 -526280.8649610283 1.4156393775108952e-05 25.28512627412097 24.38904681785393 24.76749336158452 152.89570598491548 423.7810612331495 400.0 -0.001448496654084666 0.5975691068218418 0.5176329125364522 -0.005343326499199046 -23.274556860546078 2.0798873101575694e-08 0.022227656147655667 0.01056087347383609 0.011666750509016839 0.5311180530331732 0.009747819910177312 0.012479836237478364 0.015628993901708074 0.015628993901681643 11.039726519840082 1.9641831209621894
460.0 11.99568042079728 -5.6314448936973145 37.654300623376955 -526030.8525971101 1.4218824833880288e-05 25.365912744214956 24.44336353998474 24.84010116926702 152.57592089402456 423.48240594315814 400.0 -0.0015118820576874535 0.6093527768163577 0.5258115749479375 -0.00557962986394072 -23.683649129157764 2.0709459877855637e-08 0.022676340146407622 0.010761860148405267 0.011914447825941771 0.5400566000859842 0.009912559663790715 0.012763780482616907 0.01595366987507879 0.01595366987505203 10.801264810702232 1.965757864837619
470.0 12.000809474977062 -5.635418355457958 38.202112825103605 -525780.2186337066 1.427986945486405e-05 25.44392924405219 24.49481216602884 24.91000791239752 152.2542775698107 423.17726776104945 400.0 -0.0015765229013111957 0.6210706948790106 0.5339213316546645 -0.0058200711542213445 -24.084208724723826 2.062297773369536e-08 0.023122643982813898 0.01096134505455547 0.012161266748944787 0.5489420063214194 0.010075148280702512 0.013047495702111386 0.016277082211669028 0.016277082211642854 10.572957147439011 1.9673130718130376
480.0 12.005962479288717 -5.639450059456916 38.74004100839353 -525528.9922768255 1.4339658328316345e-05 25.51940493972796 24.54361786617926 24.97743553588967 151.93079930592282 422.86602529222955 400.0 -0.0016424131083721315 0.6327244168347749 0.5419694038382952 -0.0060645630337905435 -24.476103857665038 2.0539483200027573e-08 0.023566595660857243 0.011159355606171513 0.0124072078681205 0.5577805334716721 0.010235626171912846 0.013330969488944397 0.016599238951228563 0.01659923895120303 10.354168768261522 1.9688502921647686
490.0 12.011139032013018 -5.643539027416621 39.26844273028665 -525277.200454634 1.4398310689526943e-05 25.59254848539304 24.589985322178535 25.042585470000855 151.60550671494732 422.5490197313774 400.0 -0.00170954676047919 0.6443155526051537 0.5499630153921808 -0.006313016689119184 -24.85920462888978 2.045902846561394e-08 0.024008226004625797 0.011355920781411809 0.012652273029395159 0.5665784016873004 0.010394035540876078 0.013614190463749724 0.016920149667919823 0.016920149667895016 10.144316741269884 1.9703709766925606
500.0 12.016338771932757 -5.647684316379365 39.78765790832077 -525024.8680206179 1.4455935520222224e-05 25.66355026062933 24.634100969826395 25.10564086146462 151.27841794657934 422.22655902727786 400.0 -0.0017779181035400197 0.655845762475397 0.5579093991647104 -0.0065653418543078846 -25.233383203805655 2.0381662221191065e-08 0.024447568464273803 0.011551071019307354 0.0128964652438884 0.57534179797497 0.010550420274680426 0.013897148189593379 0.017239825382821154 0.017239825382796878 9.942864780396636 1.9718764805368167
510.0 12.021561374910636 -5.651885017022474 40.29800987574738 -524772.0179348342 1.451263266874078e-05 25.732584341860086 24.67613496538365 25.166768539254054 150.9495488515495 421.8989215153262 400.0 -0.0018475215533691964 0.6673167538447815 0.5658158026060293 -0.006821446836547635 -25.59851391299288 2.030743036456712e-08 0.024884658937506333 0.011744838123367875 0.013139788605791819 0.5840768840217243 0.01070482584293484 0.014179833094571498 0.01755827848261424 0.01755827848258913 9.749318671346227 1.9733680750992
520.0 12.02680655086105 -5.656140252071459 40.799806370309895 -524518.6714258542 1.4568493827284491e-05 25.79981023514801 24.71624291321131 25.226120742527783 150.61891322692392 421.56635909025204 400.0 -0.0019183517011221766 0.6787302783942398 0.5736894926202294 -0.00708123854152371 -25.95447329189612 2.023637657937936e-08 0.02531953560584628 0.011937255172024853 0.013382248218192965 0.592789803200307 0.010857299225980452 0.014462236379865823 0.017875522644264348 0.017875522644243098 9.563222225416482 1.974846958613286
530.0 12.032074041015399 -5.660449174804823 41.293340459720625 -524264.84813577135 1.4623603340972972e-05 25.865374393893617 24.754567386443345 25.28383663442109 150.2865229451336 421.2290999875243 400.0 -0.001990403318379946 0.6900881296040315 0.5815377594725253 -0.007344622498313577 -26.3011400717455 2.0168542800005856e-08 0.025752238784595597 0.012128356435569618 0.0136238501260985 0.6014866866012124 0.011007888788497462 0.014744349996098138 0.01819157276528156 0.018191572765261545 9.384153691455554 1.976314257154283
540.0 12.037363615484136 -5.664810967645322 41.77889140749256 -524010.5662502315 1.4678039010387122e-05 25.929411570879154 24.791239267897097 25.3400436512266 149.95238809633048 420.88735122495217 400.0 -0.0020636713620461847 0.7013921405666446 0.589367919652556 -0.007611502883306491 -26.638395133490445 2.010396957468325e-08 0.02618281078562654 0.012318177299296223 0.01386460125608254 0.6101736579925467 0.011156644198846708 0.015026166586779827 0.018506444899258012 0.018506444899230475 9.211722566567094 1.9777710377941695
550.0 12.042675071070708 -5.669224840832248 42.25672548257124 -523755.8426152394 1.473187272906599e-05 25.992046002885882 24.826378934510167 25.39485868525098 149.61651715671996 420.5413007514658 400.0 -0.0021381509790224244 0.7126441820423175 0.5971873176349004 -0.007881782542930706 -26.96612143560768 2.0042696338448447e-08 0.026611295791986303 0.012506754192487592 0.01410450936190521 0.6188568376514656 0.011303616365242212 0.015307679426744089 0.01882015619630959 0.018820156196280823 9.045566754802488 1.9792183108703507
560.0 12.048008229297523 -5.67369003116961 42.727096716160816 -523500.6928422829 1.4785171072279038e-05 26.053392461819286 24.86009730530187 25.44838913530399 149.27891702421314 420.19111934305283 400.0 -0.0022138375106307987 0.7238461607101293 0.6050033265152922 -0.008155363015138405 -27.28420392557092 1.998476160699343e-08 0.0270377397432995 0.012694124522872578 0.014343582975458036 0.6275423450506389 0.011448857365409218 0.01558888237789029 0.019132724848067145 0.019132724848025088 8.885350030331919 1.98065703366877
570.0 12.053362934635702 -5.678205800845623 43.19024760915918 -523245.1314030798 1.4837995835982437e-05 26.113557190507933 24.89249677007692 25.500733842976775 148.9395932081592 419.8369622782034 400.0 -0.002290726497012401 0.7350000175756898 0.6128233475311555 -0.008432144549257614 -27.592529443478416 1.993020310178402e-08 0.027462190231079063 0.012880326616153825 0.014581831362546966 0.6362363004149737 0.011592420381592762 0.015869769849486303 0.019444170036788912 0.01944417003673855 8.73075976769996 1.9820881178775471
580.0 12.058739052910202 -5.68277143631898 43.646409793388614 -522989.1717151209 1.4890404510342868e-05 26.172638731819784 24.923672013719663 25.55198392331773 148.59854984735244 419.47897082168527 400.0 -0.0023688136812249363 0.7461077264993853 0.6206548085020511 -0.008712026124403206 -27.890986625162373 1.9879057816230208e-08 0.027884696402995075 0.013065399660234692 0.01481926448293437 0.644944825192004 0.011734359640516548 0.01615033676247853 0.019754511888279626 0.019754511888346513 8.581504906924602 1.9835124333456073
590.0 12.064136469863293 -5.687386247267736 44.09580464969412 -522732.82621902844 1.4942450679768619e-05 26.23072866375007 24.95371074891563 25.60222350250538 148.2557898881918 419.11727354121126 400.0 -0.0024480950132944154 0.7571712928137035 0.6285051612446863 -0.00899490546727694 -28.17946581104977 1.9831362031933166e-08 0.028305308875178212 0.013249383653841587 0.015055892954020057 0.6536740414994426 0.011874730357861097 0.016430578517317114 0.020063771428478944 0.02006377142863794 8.43731412557285 1.9849308106002874
600.0 12.069555089849343 -5.69204956559675 44.538643885774334 -522476.1064486396 1.4994184409005906e-05 26.287912257579656 24.98269436842409 25.6515303795427 147.9113150801003 418.7519874785529 400.0 -0.002528566654091735 0.7681927520065001 0.6363818780369569 -0.009280679067345105 -28.457858964984286 1.9787151293310287e-08 0.02872407965183449 0.013432319358930123 0.015291728018049946 0.6624300706319705 0.012013588686977694 0.0167104909648568 0.02037197054278204 0.02037197054301384 8.297934193659371 1.9863440447406242
610.0 12.074994834665691 -5.6967607445002075 44.97513007656358 -522219.02309457725 1.5045652567559847e-05 26.344269062116048 25.01069852656158 25.699976614902436 147.5651260497221 418.3832191918963 400.0 -0.0026102249790604204 0.7791741684450222 0.6442924472136112 -0.009569242192717145 -28.72605960767444 1.974646034822188e-08 0.029141062051238814 0.013614248256863266 0.015526781511931428 0.6712190307199509 0.012150991671296654 0.016990070379942164 0.02067913193868284 0.020679131938510037 8.16312849038951 1.9877528971272822
620.0 12.0804556424816 -5.701519157575549 45.40545716964227 -521961.5860620413 1.5096899133734458e-05 26.399873428463867 25.03779365829677 25.747629060473727 147.21722243526474 418.01106568687095 400.0 -0.002693066581918521 0.7901176341309506 0.6522443679901387 -0.009860488900717584 -28.983962765756882 1.9709323061336715e-08 0.029556310637710366 0.013795212507354259 0.015761065840265872 0.6800470336417758 0.012286997200369047 0.017269313437341317 0.02098527910973911 0.020985279109631515 8.032675664465474 1.9891580995561222
630.0 12.085937466884554 -5.706324197985841 45.82981095819947 -521703.80452339083 1.5147965480880949e-05 26.454794980288796 25.06404544327977 25.794549835683437 146.8676028171306 417.6356152473905 400.0 -0.0027770882780745795 0.8010252674545839 0.6602451446053562 -0.010154312056102533 -29.231464941795203 1.9675772306641104e-08 0.029969881158164804 0.013975254911151334 0.015994593949216068 0.6889201812936474 0.012421663968522578 0.017548217189642227 0.02129043630400872 0.0212904363039519 7.906368422008333 1.990560357163953
640.0 12.091440276005379 -5.71117527766738 46.24836952370529 -521445.68696609896 1.5198890591110115e-05 26.509099029547734 25.089515221207453 25.84079674965281 146.51626490777605 417.25694818032423 400.0 -0.0028622871080772002 0.8118992119608813 0.668302279894925 -0.010450603340580804 -29.468464101736974 1.9645839844239506e-08 0.030381830483605262 0.014154418874462501 0.016227379303572497 0.6978445613278886 0.012555051436650139 0.01782677904695512 0.021594628492281664 0.02159462849213994 7.7840124281295955 1.9919603486546074
650.0 12.096964051724786 -5.716071826579746 46.66130365042734 -521187.24123654416 1.5249711275196663e-05 26.56284695231309 25.114260364114724 25.886423683925415 146.1632055244908 416.87513748306304 400.0 -0.0029486603408444717 0.8227416351021778 0.6764232683876771 -0.01074925326516287 -29.69485968333013 1.9619556186461588e-08 0.03079221655429312 0.014332748375976386 0.016459435864903223 0.7068262424623817 0.01268721979620655 0.018104996758086567 0.021897881338894008 0.021897881338785955 7.665425309913649 1.993358727448506
660.0 12.10250878895385 -5.7210132919957335 47.068777213753 -520928.47458006593 1.5300462395966944e-05 26.616096531655444 25.138334610495313 25.9314809426319 145.80842061785464 416.490249442958 400.0 -0.0030362054768131182 0.8335547269743749 0.6846155890235461 -0.011050151184001168 -29.910552624817885 1.959695045739535e-08 0.03120109832819895 0.01451028793602831 0.01669077807083881 0.7158712694634904 0.012818229935210843 0.018382868392988104 0.022200221174440947 0.022200221174352212 7.5504357500538 1.9947561266638019
670.0 12.108074494990657 -5.725999137828867 47.4709475441843 -520669.3936776485 1.5351177024846316e-05 26.668902257963236 25.161788365561282 25.976015560371582 145.45190532683532 416.1023441756925 400.0 -0.003124920250919852 0.8443406990393365 0.6928866975916511 -0.011353185305970565 -30.115445412332733 1.9578050249400945e-08 0.03160853573253474 0.014687082587304084 0.016921420815900725 0.7249856579027344 0.012948143406169933 0.018660392326364808 0.022501674969251456 0.022501674969177658 7.438882661671076 1.9961531580545446
680.0 12.113661188919634 -5.731028843995846 47.867965768574486 -520410.0046796082 1.5401886600262235e-05 26.721315602534652 25.184668971413654 26.020071583562416 145.09365404099526 415.71147611119136 400.0 -0.003214802635525473 0.8551017828237996 0.7012440189722365 -0.011658242707923708 -30.309442145918307 1.9562881479703964e-08 0.03201458961764669 0.014863177847165305 0.017151379433068818 0.7341753887744356 0.013077022395456427 0.018937567222190272 0.022802270308312257 0.022802270308251535 7.330614435951929 1.9975504134102304
690.0 12.119268901080346 -5.736101905812177 48.259977130318646 -520150.313236533 1.545262108730756e-05 26.77338526662711 25.207020950460045 26.06369032736037 144.73366036831456 415.31769443074256 400.0 -0.003305850843106408 0.8658402285990171 0.7096949392667389 -0.011965209348216866 -30.492448622562044 1.9551468249550443e-08 0.03241932171309081 0.015038619691275831 0.01738066967623051 0.7434464030591011 0.013204929694013177 0.019214392019077646 0.023102035367159296 0.02310203536712722 7.225488255222758 1.998948466676664
700.0 12.124897672575647 -5.741217833418783 48.64712128984725 -519890.324527785 1.550340910060821e-05 26.82515740352861 25.228886225008065 26.106910605637836 144.37191724281348 414.92104346227757 400.0 -0.0033980633289316803 0.8765583040391192 0.7182467978907761 -0.01227397008119559 -30.664372434877926 1.9543832708068658e-08 0.03282279458545748 0.01521345452835255 0.017609307703254546 0.752804596307282 0.013331928669125947 0.019490865916331545 0.023400998888666927 0.023400998888641448 7.123369464911613 2.000347874865168
710.0 12.130547554832082 -5.746376151237831 49.029532606850196 -519630.0432877658 1.555427802855216e-05 26.876675820210373 25.25030431562451 26.149768940512978 144.00841686845004 414.52156303720125 400.0 -0.003491438793454242 0.8872582928618351 0.726906879697394 -0.012584408672250798 -30.825123083760218 1.953999492245569e-08 0.03322507159773928 0.015387729175842944 0.017837310059681255 0.7622558133099968 0.01345808323709685 0.019766988360642432 0.023699190160524564 0.023699190160502807 7.024130998593797 2.0017491783693067
720.0 12.13621860919313 -5.751576397455991 49.40734040541806 -519369.47383019346 1.5605254132283787e-05 26.92798215840003 25.27131252054397 26.192299751209895 143.64315079720714 414.1192888137093 400.0 -0.003585976184738311 0.897942493451689 0.7356824071901374 -0.012896407814342946 -30.974612103488553 1.953997275584445e-08 0.03362621686989877 0.015561490836419927 0.018064693662795575 0.7718058429133449 0.013583457836632944 0.020042759033265835 0.02399663899343022 0.02399663899341255 6.927652850956708 2.0031529011923617
730.0 12.141910906555605 -5.756818123533584 49.78066922332343 -519108.620070547 1.565636266835457e-05 26.979116064891745 25.29194607814874 26.234535532014608 143.27610993668722 413.71425256936675 400.0 -0.00368167470063594 0.9086132174703349 0.744580532877135 -0.013209849145573414 -31.112753197497653 1.9543781753767085e-08 0.03402629524048878 0.015734787075127845 0.018291475786101224 0.7814604130254055 0.013708117402789193 0.020318177837699587 0.024293375699814605 0.02429337569980064 6.833821594090859 2.004559554424501
740.0 12.147624527041359 -5.762100893738143 50.14963904650016 -518847.4855468635 1.570762795949948e-05 27.030115337661055 25.312238314310278 26.27650700584843 142.9072845603926 413.306482466272 400.0 -0.003778533790800745 0.9192727884567999 0.7536083318126249 -0.013524613268118154 -31.239462383128263 1.9551435039980932e-08 0.034425372229110386 0.015907665797070817 0.018517674044090444 0.7912251858580103 0.013832127341349863 0.020593244887760525 0.02458943107305117 0.024589431073035937 6.742529933007164 2.0059696341321125
750.0 12.153359559692525 -5.767424284700779 50.51436552968167 -518586.07343904686 1.575907348591625e-05 27.08101606354836 25.332220776172715 26.31824326918863 142.53666426156204 412.8960032921994 400.0 -0.0038765531586627835 0.9299235404204041 0.7627727943597269 -0.013840579768548664 -31.354658143722553 1.9562943222035916e-08 0.03482351399952015 0.016080175225519317 0.018743306377244598 0.8011057534326909 0.013955553503530373 0.020867960495989775 0.02488483636704842 0.024884836367036953 6.653676296717249 2.0073836220390873
760.0 12.159116102204475 -5.7727878849943615 50.874960204196874 -518324.38658680377 1.5810721965764464e-05 27.131852745892232 25.351923353788877 26.35977192668456 142.16423814179868 412.48283667903746 400.0 -0.003975732763202886 0.940567816431295 0.7720808192076737 -0.0141576272397689 -31.45826158646564 1.957831430688063e-08 0.035220787323292584 0.01625236388037888 0.018968391037228007 0.8111076333789015 0.014078462160985562 0.021142325162307025 0.025179623276239255 0.025179623276227914 6.567164461603742 2.0088019889657835
770.0 12.164894260677523 -5.778191294731973 51.231530673711525 -518062.42750634934 1.5862595415760053e-05 27.182658414120382 25.37137439085203 26.4011192074552 141.78999466100026 412.0670013018907 400.0 -0.00407607282053888 0.9512079672112129 0.7815392066651824 -0.014475633304386322 -31.550196604415333 1.9597553626541365e-08 0.03561725954388371 0.016424280556898346 0.01919294657224311 0.8212362650403836 0.014200919980554123 0.021416339563329577 0.025473823915825308 0.025473823915815194 6.482903204141743 2.0102251917387206
780.0 12.170694149398502 -5.78363412518474 51.58418079876866 -517800.1984059758 1.5914715237506862e-05 27.233464732467024 25.390600785634145 26.44231008021846 141.41392164956446 411.64851305972667 400.0 -0.004177573805485549 0.9618463497289096 0.7911546522485645 -0.014794474639799302 -31.6303900413231 1.9620663773800635e-08 0.03601299854102619 0.016595974304588767 0.01941699181250693 0.8314970059022265 0.014322994000319531 0.021690004540706645 0.025767470802322404 0.025767470802312765 6.400805980339335 2.0116536763138506
790.0 12.176515890644076 -5.789115998417873 51.93301087084054 -517537.70120058977 1.5967102243935274e-05 27.284302088849017 25.409628083114832 26.483368348271867 141.0360064292474 411.22738832777 400.0 -0.004280236452849292 0.9724853258034701 0.8009337405771496 -0.01511402700487369 -31.698771857865378 1.964764454768688e-08 0.03640807269536851 0.016767494406273606 0.019640545855839884 0.8418951283445498 0.014444751603034519 0.021963321092333996 0.026060596834322484 0.026060596834312992 6.32079062952818 2.0130878754666175
800.0 12.182359614497415 -5.7946365469437575 52.27811777654939 -517274.937525319 1.6019776761922717e-05 27.33519969225192 25.42848055917681 26.524316752668998 140.65623576472157 410.8036315976227 400.0 -0.004384061758697858 0.9831272607182209 0.8108829395829189 -0.015434165268289205 -31.755275298060504 1.9678492908481188e-08 0.03680255085326814 0.0169388903572196 0.019863628053328076 0.8524358167228624 0.014566260494059258 0.022236290359208884 0.026353235273446792 0.0263532352734402 6.242779100372153 2.014528214281136
810.0 12.188225458697076 -5.800195413391581 52.61959515278127 -517011.9087482346 1.60727585760638e-05 27.386185626414935 25.447181297653263 26.56517703137466 140.27459581176478 410.3772546263832 400.0 -0.004489050981366303 0.9937745218501063 0.8210085950402759 -0.015754763438578092 -31.79983705471442 1.9713202941905072e-08 0.03719650229175574 0.017110211844339647 0.020086257995084733 0.8631241647739643 0.014687588703297777 0.02250891358845797 0.02664541972552196 0.02664541972551574 6.166697197177111 2.0159750960529403
820.0 12.194113568487358 -5.805792250192009 52.95753353315772 -516748.6159823088 1.6126067332339233e-05 27.437287010649797 25.46575226091755 26.605970085236883 139.8910722365271 409.94826371407095 400.0 -0.004595205642461842 1.004429477315028 0.8313169254129118 -0.01607569469575578 -31.832397432851867 1.975176583205505e-08 0.037589996683542744 0.017281508725387824 0.020308455496062753 0.8739651733369589 0.014808804583600675 0.022781192099942074 0.026937184121872473 0.02693718412186823 6.092474344763635 2.017428948826553
830.0 12.200024096511159 -5.811426719277006 53.29202048659748 -516485.06009660807 1.617972134514382e-05 27.48853259485543 25.484214354645786 26.64671857783617 139.50584714692397 409.5166630728254 400.0 -0.00470252752762228 1.0150944946353406 0.8418140170192577 -0.01639683142466303 -31.852900510174695 1.9794169842680256e-08 0.037983104062178516 0.017452831008195786 0.02053024058197534 0.8849637483835796 0.014929976573999944 0.02305312748817857 0.02722856270085431 0.027228562700850965 6.020043370343935 2.0188929206641726
840.0 12.205957202070492 -5.817098491779134 53.6231407455476 -516221.24172780087 1.6233737135621404e-05 27.539992278393626 25.502587487184833 26.687486458933748 139.121984375965 409.08245497738676 400.0 -0.0048110186869254785 1.025771939371492 0.8525058194598808 -0.016718045249581977 -31.86129429429094 1.9840400306337068e-08 0.03837589478504289 0.01762422882889242 0.020751633474069067 0.8961246992927479 0.015051173282324096 0.02332472150271879 0.027519589987851725 0.027519589987848633 5.949340300876266 2.0204118659980144
850.0 12.211912876937006 -5.82280724382965 53.950975572118615 -515957.16155534476 1.628670720753948e-05 27.591543332107484 25.520890592595947 26.728145204259473 138.75372739614576 408.6456529160729 400.0 -0.00492068135288557 1.0364641579963303 0.863398127848011 -0.017039206997324058 -31.857531057223284 1.9890439617426888e-08 0.03876843889707993 0.017795752161457748 0.0209726542433041 0.9074527237273958 0.015172463283989322 0.02359597561309061 0.0278103003222275 0.027810300322225295 5.880304146883947 2.0220174201454495
860.0 12.217890065115178 -5.828443897733861 54.27586163540646 -515682.1042091893 1.6334293795054873e-05 27.64240015332825 25.539099801995828 26.76790364738385 138.42434997814144 408.23714056937206 400.0 -0.0050315175083416475 1.0471733950771813 0.8744965059444035 -0.017360186397551953 -31.841568592687647 1.994426714700175e-08 0.03916080301241694 0.01796744940963004 0.02119332110006856 0.9189523331985968 0.015293914089282568 0.023866888923134374 0.028100725508667237 0.028100725508665193 5.812876589439371 2.023518088719492
870.0 12.223886395476306 -5.833974969617676 54.59794316458006 -515392.8019701438 1.637593597209329e-05 27.692443126099565 25.557222196335058 26.806636882772516 138.13654360965475 407.8666384300715 400.0 -0.005143528722756324 1.0579017640429953 0.8858062433270502 -0.01768085227603619 -31.813371365182547 2.0001858901747312e-08 0.03955304928716879 0.01813936691176096 0.021413649862128604 0.9306278149826837 0.015415591751400776 0.024137457535768004 0.028390894068510707 0.02839089406851054 5.747001785052655 2.0248931137468786
880.0 12.229900514381248 -5.8395412372087865 54.91694667231718 -515103.16262888635 1.6415832387314716e-05 27.742478681315653 25.575329088139732 26.845146149405718 137.86818690062998 407.4943569891193 400.0 -0.0052567172641606015 1.0686514582962723 0.8973325319099378 -0.018001073637508188 -31.772908188428655 2.006318756876859e-08 0.039945243458132315 0.018311552533174912 0.021633658400957097 0.942483413901896 0.015537563314488542 0.024407680143643775 0.02868083733716086 0.028680837337161636 5.682626586641893 2.0263392436313783
890.0 12.23593226050677 -5.845142404958066 55.23294295170598 -514813.1870040563 1.6455871934118648e-05 27.792764707617675 25.593435878598537 26.88368421403779 137.60299506760208 407.1203154656602 400.0 -0.005371086215944718 1.0794247688809537 0.9090804935798816 -0.018320719519229946 -31.720151444947827 2.0128222895530707e-08 0.040337455456328365 0.018484055963201202 0.02185336695824284 0.9545233606490803 0.01565989750992378 0.024677557946404582 0.028970589920536846 0.028970589920537495 5.619700418560878 2.027851817838166
900.0 12.24198172183129 -5.850778180013579 55.546001689175434 -514522.87433880154 1.649610459659935e-05 27.843268433851073 25.611557286069267 26.922213326654756 137.33699212115565 406.74451654444636 400.0 -0.005486639039717965 1.0902239984587425 0.9210551071963169 -0.01863965860753544 -31.65507806123254 2.0196931755787527e-08 0.040729756138621245 0.018656927248383248 0.022072796344303394 0.9667518000191369 0.015782663019186304 0.024947093119434934 0.029260187230993752 0.02926018723099473 5.558174990728072 2.029377747110415
910.0 12.248048993491654 -5.856448276568893 55.85619047587763 -514232.22367530264 1.653653741185252e-05 27.894001724397018 25.629707339274955 26.96074053789626 137.06987448085624 406.36696173319797 400.0 -0.005603379457961276 1.101051437903379 0.9332611865007591 -0.01895775918618505 -31.57766990405714 2.0269278169759743e-08 0.04112221640851789 0.018830216391814588 0.02229196745954892 0.9791727711637619 0.015905929610275347 0.025216286798242546 0.029549664831764424 0.029549664831763855 5.49800413675296 2.030912452895759
920.0 12.254134174951181 -5.862152415711285 56.1635748807718 -513941.2338776536 1.657718256740878e-05 27.944981936386196 25.647899407773302 26.999278558960075 136.8016347937856 405.98765158268867 400.0 -0.00572131145196342 1.1119093648915253 0.94570337742612 -0.019274889183349065 -31.487913894778035 2.034522334218987e-08 0.041514907169572235 0.019003973326175684 0.022510901274849733 0.9917902073479881 0.01602976720299133 0.025485139966580913 0.029839058411007865 0.029839058411004763 5.439143698097237 2.0324563734104455
930.0 12.260237369915224 -5.867890325227659 56.46821853164296 -513649.90363889764 1.661805054108362e-05 27.996225450017338 25.66614623066444 27.037839294160477 136.53226554527583 405.606585729917 400.0 -0.005840439261055596 1.12280004278079 0.9583861558568637 -0.01959091622090077 -31.385802111855803 2.04247257050095e-08 0.04190789928854318 0.019178247891082315 0.022729618817345903 1.0046079360751738 0.016154245267707153 0.025753654020836018 0.03012840376330986 0.03012840376330009 5.381551416112289 2.0340097597644897
940.0 12.266358686249994 -5.873661739418319 56.77018319207645 -513358.2314877616 1.6659151965850054e-05 28.047748194460862 25.68445994327042 27.076434368859328 136.2617589676713 405.2237629379951 400.0 -0.005960767381612863 1.1337257195207826 0.9713138256015299 -0.019905707664742173 -31.271331884778633 2.050774096404128e-08 0.0423012635587176 0.019353089810423666 0.02294814115643217 1.0176296793341968 0.01627943416637132 0.02602182939234628 0.030417736771339222 0.03041773677135595 5.325186830968376 2.0355729017987456
950.0 12.27249823590992 -5.879466398918087 57.06952883464828 -513066.2157950762 1.6700497126478623e-05 28.099565531177397 25.702852101961412 27.115075014607594 135.99010708408457 404.8391811329848 400.0 -0.0060823005660262984 1.144688626597117 0.9844905165698031 -0.020219130676515474 -31.14450587923231 2.0594222149518954e-08 0.0426950706634137 0.019528548669755452 0.023166489389868195 1.0308590539548863 0.01640540327681437 0.02628966738659934 0.030707093387790544 0.03070709338780616 5.270011186968492 2.0371460648773514
960.0 12.278656134861148 -5.88530405052461 57.3663137104989 -512773.8547799694 1.6742096149717806e-05 28.151692327614963 25.721333707285567 27.15377214446969 135.71730178774214 404.45283743835523 400.0 -0.006205043821515602 1.1556909780086837 0.9979201831452695 -0.020531052265693853 -31.005332173161445 2.0684119670176266e-08 0.043089391139719 0.01970467389367052 0.023384684630145897 1.0442995720562935 0.016532222357590647 0.026557168782128347 0.030996509617360335 0.030996509617366854 5.215987343779551 2.0387295124571474
970.0 12.28483250303472 -5.891174447033011 57.66059441564477 -512481.14651566197 1.678395895986898e-05 28.204142959619787 25.739915225551368 27.192536356870278 135.44333466170502 404.0647282054957 400.0 -0.006329002408893737 1.1667349692792952 1.0116066027495065 -0.02084133934332725 -30.85382432375394 2.0777381370755827e-08 0.043484295342518034 0.019881514723343114 0.023602747990972978 1.0579546415782597 0.016659960826888205 0.02682433451562985 0.03128602149919713 0.0312860214990461 5.163079693158628 2.040323496150544
980.0 12.29102746425458 -5.897077347077378 57.952425953981404 -512188.08893518755 1.682609530460674e-05 28.256931337304643 25.758606608983175 27.231377962720977 135.16819708289515 403.6748490435883 400.0 -0.006454181841166146 1.1778227765030416 1.0255533745836647 -0.021149858774161905 -30.690001424761654 2.0873952592593068e-08 0.04387985340887248 0.020059120193916324 0.023820700574265462 1.0718275668756057 0.0167886876481646 0.02709116576070789 0.03157566508891926 0.03157566508916937 5.111254080774089 2.041928258739759
990.0 12.297241146200129 -5.903012514977927 58.24186179741117 -511894.6798367248 1.686851477450827e-05 28.310070928254135 25.777417314586753 27.27030700969942 134.8918803182947 403.2831948454962 400.0 -0.006580587882017123 1.188956555414749 1.0397639185547163 -0.021456477436416006 -30.513888155559137 2.0973776237598328e-08 0.04427613522232912 0.02023753911262178 0.024038563456336193 1.0859215493809955 0.01691847220991021 0.027357663012418907 0.03186547644259575 0.031865476442767805 5.0604777327696 2.0435440364255197
1000.0 12.303473680347336 -5.908979720594387 58.52895394304338 -511600.9168888509 1.6911226807546192e-05 28.363574769768594 25.79635632181254 27.30933329540564 134.61437532149753 402.88975981316344 400.0 -0.006708226544277699 1.2001384405079438 1.054241474362952 -0.021761062270767156 -30.3255148187834 2.1076792834575747e-08 0.04467321037831509 0.020416820036075197 0.024256357675994315 1.100239688300169 0.0170493831240337 0.027623827254281395 0.03215549159820818 0.03215549159832578 5.0107191867313805 2.0451710548083635
1010.0 12.309725201938544 -5.914978739184586 58.81375296781604 -511306.7976354695 1.695424071141636e-05 28.417455491865674 25.815432149140165 27.348466391099617 134.3356728731598 402.4945374795524 400.0 -0.006837104088249938 1.2113705441717124 1.0689891007660595 -0.022063480340160698 -30.1249173701787 2.1182940608808887e-08 0.04507114814926732 0.02059701124862188 0.02447410422132931 1.1147849813599662 0.017181488845845444 0.027889659303421875 0.03244574655987296 0.032445746559954636 4.96194822676028 2.046809532307114
1020.0 12.315995849933973 -5.921009351268634 59.09630808050137 -511012.31950066856 1.6997565655688607e-05 28.471725327750736 25.83465286965897 27.3877156527491 134.0557635780489 402.09752073032064 400.0 -0.006967227019928996 1.222654955864932 1.0840096750016344 -0.0223635988850503 -29.912137438051186 2.129215555404654e-08 0.04547001745046487 0.020778160740438676 0.02469182401744141 1.129560325580188 0.017314857896130086 0.028155159554334775 0.03273627728108737 0.032736277281155725 4.914135822360724 2.0484596778450546
1030.0 12.3222857669866 -5.9270713424979755 59.376667171411654 -510717.4797932974 1.704121072287203e-05 28.526396140742992 25.854026125739697 27.427090248370096 133.77463781595637 401.69870182253806 400.0 -0.007098602089120761 1.2339937413226558 1.0993058923728947 -0.022661285379996874 -29.687222333277944 2.1404371507063052e-08 0.045869886806324006 0.020960316185983777 0.024909537914286854 1.1445685180728766 0.017449557925789744 0.028420328880534265 0.03302711964855133 0.033027119648615995 4.867254070892587 2.050121695013005
1040.0 12.328595099413619 -5.933164503529366 59.65487685981815 -510422.275711415 1.7085184874758223e-05 28.58147942497731 25.8735591428713 27.466599158984664 133.4922857205104 401.29807240229275 400.0 -0.007231236287561839 1.2453889417932011 1.1148802659926473 -0.022956407590485773 -29.450225049760842 2.1519520224644267e-08 0.0462708243171651 0.02114352492269239 0.025127266674749047 1.1598122568603588 0.017585656865679675 0.028685167451485416 0.03331830946625225 0.033318309466259265 4.8212761433427245 2.0517957764851342
1050.0 12.334923997165737 -5.939288629903573 59.930982539211804 -510126.7043466136 1.7129496990944992e-05 28.63698633025832 25.893258742733117 27.50625120357621 133.20869728164058 400.8956235213298 400.0 -0.007365136846884682 1.2568425733064987 1.1307351266821133 -0.023248833629311887 -29.201204255292676 2.1637531462845703e-08 0.0466728976265292 0.021327833929907166 0.02534503096302487 1.1752941417055323 0.01772322236794407 0.028949675258585127 0.033609882439703274 0.03360988243971124 4.776176233194994 2.0534821091010578
1060.0 12.34127261381275 -5.945443521928355 60.20502842060151 -509830.7626881223 1.7174155863339442e-05 28.69292766809283 25.91313135557465 27.546055045064843 132.92386221781132 400.4913456514489 400.0 -0.007500311236486139 1.268356625972991 1.1468726230279842 -0.023538432014157083 -28.940224273085196 2.1758333058533734e-08 0.04707617388903665 0.021513289808239803 0.0255628513331215 1.1910166749558229 0.017862321097530786 0.02921385279150586 0.033901874160781074 0.03390187416078956 4.7319295081965045 2.055180870167131
1070.0 12.347641106517754 -5.951628984565905 60.47705757383751 -509534.4476268536 1.721917021951295e-05 28.749313932015163 25.933183031955227 27.58601921042559 132.63777012549872 400.0852286986022 400.0 -0.0076367671614129525 1.2799330633131951 1.1632947215895724 -0.02382507172388459 -28.667355053773885 2.1881851012946143e-08 0.04748071973887712 0.02169993875916037 0.025780748217757277 1.2069822623898212 0.01800303267345035 0.029477687065426764 0.03419432009256265 0.034194320092572415 4.688512064827119 2.0568922315337765
1080.0 12.354029636034316 -5.957844827324122 60.74711196721332 -509237.7559592016 1.7264548728508987e-05 28.806155305580326 25.95341945391011 27.62615209831684 132.3504103184233 399.67726201462364 400.0 -0.0077745125600996575 1.291573821618952 1.180003207263487 -0.024108622255249762 -28.3826721381437 2.20080095773191e-08 0.04788660125898226 0.021887826565047553 0.025998741917484067 1.223193214072836 0.018145430258165528 0.02974117100081674 0.03448725555467373 0.034487255554683724 4.645900885301315 2.0586163568255422
1090.0 12.360438366684745 -5.964090864152052 61.015232505254886 -508940.68439084076 1.7310299986968567e-05 28.863461669059312 25.973845945583502 27.666461985263165 132.0617719427918 399.26743440909144 400.0 -0.00791355560200879 1.3032808093423978 1.1969996837961472 -0.024388953679187923 -28.086256610747995 2.213673134035591e-08 0.04829388395079707 0.02207699856959132 0.026216852590055902 1.239651745210507 0.018289577894910154 0.030004306055886908 0.03478071570886369 0.034780715708874886 4.604073796934559 2.0603534006301896
1100.0 12.36686746635849 -5.970366913338906 61.2814590649621 -508643.2295403054 1.735643257806708e-05 28.921242625290525 25.994467483386035 27.706957050839048 131.77184387493773 398.8557341592954 400.0 -0.008053904685363985 1.3150559065166751 1.214285574451476 -0.0246659366967541 -27.778195044433424 2.2267937317506986e-08 0.048702632704832466 0.02226749965866697 0.02643510024010759 1.2563599770067948 0.01843553933929236 0.03026709336554011 0.03507473554497499 0.035074735544983186 4.563009433728538 2.0621035130338967
1110.0 12.373317106512035 -5.976672797416676 61.545830530504105 -508345.3879424579 1.740295502415239e-05 28.979507495677492 26.015288705716195 27.747645372848183 131.48061487771696 398.4421490191019 400.0 -0.008195568434607389 1.3269009642062632 1.2318621228293078 -0.024939442694492282 -27.45857943598546 2.2401547041898467e-08 0.04911291177196737 0.022459374241664287 0.02665350470912763 1.2733199375216608 0.018583377546345724 0.03052953422562165 0.03536934986723068 0.03536934986725385 4.522687200033037 2.063866835550037
1120.0 12.379787462155747 -5.9830083430663805 61.80838482638218 -508047.1560519426 1.744987582277425e-05 29.0382653364825 26.036313922282982 27.78853494265042 131.18807343773196 398.0266662279743 400.0 -0.008338555697962094 1.3388178039843999 1.2497303938320838 -0.02520934379949949 -27.127507133196804 2.2537478656792903e-08 0.04952478473544551 0.022652666233294427 0.026872085665648127 1.290533562526428 0.018733154758686126 0.030791629976759393 0.035664593280876095 0.03566459328089813 4.483087236152926 2.0656435020382693
1130.0 12.386278711868735 -5.989373381027421 62.06915894932102 -507748.53024638526 1.7497203470007683e-05 29.09752495512869 26.057547123076155 27.829633680342805 130.89420779206995 397.6092725177333 400.0 -0.00848287554491041 1.3508082174433547 1.2678912747858881 -0.02547551293340399 -26.785080753282813 2.267564900947275e-08 0.04993831448382045 0.02284741903593868 0.02709086259584102 1.3080026963627973 0.01888493279457594 0.03105338168924451 0.03596050017917137 0.035960500179193076 4.444190385784672 2.0674336410629786
1140.0 12.39279103779837 -5.995767746010219 62.328188998763395 -507449.5068295895 1.7544946432247884e-05 29.15729491154466 26.07899198700851 27.8709494348371 130.5990060808383 397.1899541191322 400.0 -0.00862853726348912 1.362873965730988 1.2863454767075588 -0.02573782386598524 -26.431408093177634 2.281597374638168e-08 0.05035356318464108 0.02304367552253367 0.027309854794318404 1.3257290927990146 0.019038772646762347 0.03131479053787872 0.036257104730773176 0.03625710473079535 4.405978165164882 2.069237374175869
1150.0 12.399324625667747 -6.002191276611966 62.585510206140356 -507150.08203461097 1.759311317448136e-05 29.217583529039604 26.10065189026773 27.912489993317276 130.30245608621976 396.7686967679052 400.0 -0.00877555035774081 1.3750167791170895 1.3050935357223288 -0.025996151267779388 -26.06660203175925 2.2958367409415728e-08 0.050770592259044164 0.023241478020026976 0.027529081355269512 1.3437144158886383 0.01919473455048331 0.03157585770856085 0.03655444086746961 0.036554440867487804 4.3684327338294295 2.071054814389814
1160.0 12.405879664788177 -6.008643815235285 62.84115696296701 -506850.2520267187 1.7641712178769946e-05 29.278398913083002 26.12252991440366 27.95426309845515 130.0045454525898 396.3454857095083 400.0 -0.008923924544974992 1.3872383565886715 1.324135814627852 -0.026250370761745835 -25.690780424322504 2.3102743533170367e-08 0.05118946235725954 0.023440868293431893 0.02774856116391108 1.3619602408298266 0.019352878172322462 0.03183658418493709 0.036852542272297804 0.036852542272320245 4.331536866885604 2.072886071087149
1170.0 12.41245634807703 -6.01512520800968 63.095162847824305 -506550.0129062436 1.769075192382114e-05 29.339748949682935 26.144628854180375 27.996276445076365 129.70526162591793 395.9203057031003 400.0 -0.0090736697530269 1.3995403654740983 1.3434725046065694 -0.026500358974048357 -25.30406598956464 2.3249014743048532e-08 0.05161023333504852 0.023641887530519726 0.027968312888233454 1.38046805482937 0.01951326231197926 0.03209697102306927 0.037151442368088136 0.03715144236811059 4.295273928706814 2.0747312459427465
1180.0 12.4190548720652 -6.021635304715866 63.347560652213055 -506249.3607114163 1.774024090600104e-05 29.401641317818573 26.16695122521029 28.038537690739588 129.40459178334933 395.49314102572293 400.0 -0.009224796117474655 1.4119244410940792 1.3631036270789854 -0.026745993583601378 -24.9065861894572 2.3397092853989964e-08 0.05203296423104718 0.02384457632711068 0.028188354971053067 1.399239257966967 0.01967594500500028 0.03235701922604689 0.037451174306318676 0.03745117430634239 4.259627847963651 2.0765904335717944
1190.0 12.425675436926603 -6.028173958712604 63.5983824054784 -505948.2914210015 1.779018766740142e-05 29.464083507234555 26.18949927140193 28.081054471530503 129.1025228696424 395.0639754745056 400.0 -0.009377313978838446 1.4243921864432594 1.383029035704053 -0.02698715337060673 -24.49847310217222 2.354688896973915e-08 0.05245771324516392 0.02404897467308522 0.028408705622398583 1.4182751640687754 0.019840983598422245 0.03261672964674167 0.03775177095647399 0.037751770956477596 4.224583093916383 2.078463724697686
1200.0 12.432318246498616 -6.034741026866157 63.847659398715784 -505646.8009569121 1.7840600764873096e-05 29.527082814073747 26.212274972232017 28.12383439555647 128.79904160786182 394.6327923690427 400.0 -0.009531233879713342 1.4369451718988182 1.4032484185172793 -0.02722371826353258 -24.0798632885066 2.3698313582402516e-08 0.052884537717945664 0.024255121939024515 0.028629382812236627 1.4375770015846216 0.020008434618052687 0.03287610309989298 0.03805326489569257 0.03805326489572592 4.190124653891785 2.080351202012089
1210.0 12.438983508303064 -6.041336369482222 64.0954222077477 -505344.88518675254 1.7891488794893387e-05 29.59064635718415 26.23528004986391 28.16688505697662 128.49413453126922 394.19957455315875 400.0 -0.009686566561899179 1.4495849349559133 1.4237613002075231 -0.027455569385501952 -23.65089765219888 2.385127667219118e-08 0.05331349411090647 0.024463056863607037 0.028850404263403864 1.4571459144738983 0.02017835370647144 0.03313514040443503 0.038355688398986953 0.03835568839901642 4.156238011876875 2.082252942939656
1220.0 12.445671433578186 -6.047959850240181 64.34170071526499 -505042.5399262261 1.7942860415091797e-05 29.654781089679105 26.258515976127082 28.210214045151 128.18778786848145 393.76430439589274 400.0 -0.009843322963478372 1.462312979993193 1.4445670445281016 -0.027682589098248247 -23.211721294296293 2.4005687807069737e-08 0.05374463798800017 0.02467281754164813 0.029071787445040076 1.4769829630995621 0.02035079576796853 0.033393842220031646 0.038659073429652115 0.03865907342970755 4.122909128166618 2.0841690196238023
1230.0 12.452382237311596 -6.054611336129688 64.58652413212835 -504739.7609414721 1.799472432704861e-05 29.719493803014018 26.28198397937498 28.25382894617176 127.87998770007368 393.3269637915753 400.0 -0.010001514215898634 1.475130778064776 1.4656648568422588 -0.02790466104557007 -22.762483362138752 2.4161456242260125e-08 0.054178023998079916 0.024884441412951878 0.02929354956619571 1.4970891251353347 0.020525814954555563 0.03365220904352435 0.038963451630318176 0.03896345163044009 4.090124420004521 2.0860994987993835
1240.0 12.459116138269922 -6.06129069738949 64.82992101785076 -504436.5439513564 1.8047089301650427e-05 29.78479113737506 26.30568505122941 28.297737350579563 127.57071975099225 392.8875341600488 400.0 -0.010161151640985935 1.4880397667185987 1.4870537867954956 -0.028121670195498112 -22.30333689332429 2.431849101933723e-08 0.05461370585838343 0.02509796525190788 0.02951570756972057 1.5174652964835038 0.020703464410726808 0.033910241447656614 0.03926885431444779 0.03926885431433793 4.057870743159592 2.088044440715065
1250.0 12.46587335904272 -6.067997807448363 65.07191930038265 -504132.8846296089 1.809996417981849e-05 29.850679594931602 26.32961995321959 28.341946863824987 127.25996963673657 392.44599644547617 400.0 -0.0103222467480446 1.5010413498471948 1.5087327311066134 -0.028333502877662765 -21.834438654711768 2.447670106452608e-08 0.05505173633936161 0.025313425157594976 0.029738278126988496 1.5381122921996393 0.020883796464181998 0.034167939875179604 0.03957531245753917 0.03957531245756649 4.026135374389133 2.0900039025752504
1260.0 12.472654126075842 -6.0747325428681735 65.31254629511206 -503828.7786069667 1.8153357870820506e-05 29.917165538767616 26.353789223344645 28.386465102273952 126.94772261656509 392.00233111558896 400.0 -0.010484811230770365 1.5141368975560987 1.5307004364936656 -0.02854004682596415 -21.355948977693224 2.4635995286691124e-08 0.05549216725008983 0.02553085654520515 0.029961277631884855 1.5590308474477363 0.02106686276820012 0.03442530448188971 0.039882856690330454 0.0398828566903661 3.9949059947354995 2.091977933668774
1270.0 12.479458669718372 -6.081494783288928 65.55182872323932 -503524.22147316573 1.8207279378957062e-05 29.984255213536652 26.378193182536833 28.431299710838932 126.63396374227405 391.5565181595085 400.0 -0.010648856964316035 1.5273277460693433 1.5529555026977189 -0.028741191211705243 -20.868031588986582 2.4796282673823603e-08 0.055935049425336 0.025750294137601715 0.030184722196316426 1.580221618451884 0.02125271395240466 0.03468233547293133 0.04019151729063639 0.04019151729071181 3.9641706736133964 2.0939665802327845
1280.0 12.486287224268022 -6.088284411375793 65.78979272947565 -503219.2087788833 1.8261737791396306e-05 30.05195474663222 26.402831941061685 28.476458361002912 126.31867784224552 391.10853708563405 400.0 -0.010814396002258423 1.540615197655211 1.575496385629304 -0.028936826680174027 -20.37085343835898 2.4957472388735654e-08 0.056380432713379634 0.025971771958077334 0.03040862764527243 1.6016851834774692 0.02144139972262289 0.03493903299075676 0.04050132417679715 0.04050132417697955 3.933917853642922 2.0959698831443356
1290.0 12.493140028018871 -6.095101312768055 66.02646389912071 -502913.73603760806 1.8316742302456575e-05 30.120270161400835 26.42770540484673 28.521948760783182 126.00184942950509 390.65836691881987 400.0 -0.01098144057357649 1.5540005205795266 1.5983214006176563 -0.029126845384397304 -19.86458452322375 2.51194738633489e-08 0.05682836596500699 0.026195323323803244 0.030633009512370413 1.6234220438271425 0.02163296898198257 0.03519539698302442 0.04081230690130644 0.04081230690133663 3.904136336188258 2.097987878539949
1300.0 12.500017323316627 -6.10194537602987 66.26186727457323 -502607.79872739513 1.8372302203724765e-05 30.189207381123985 26.45281328174076 28.56777865537005 125.68346276149411 390.2059861968157 400.0 -0.011150003079693332 1.5674849490885407 1.6214287257539362 -0.029311141014413417 -19.349397710430708 2.5282196891294956e-08 0.0572788970238062 0.026420980839850675 0.030857883036129997 1.6454326248488138 0.021827469887731193 0.035451427136075006 0.04112449464427432 0.04112449464430406 3.8748152675645824 2.1000205970054133
1310.0 12.50691935660824 -6.108816492602835 66.49602737123428 -502301.3922926012 1.84284269099752e-05 30.25877224699173 26.478155087723877 28.61395584165236 125.36350188261389 389.75137296688 400.0 -0.011320096091328993 1.5810696834111606 1.64481640533937 -0.02948960882957063 -18.825468556195005 2.54455517191539e-08 0.05773207271722391 0.02664877639437814 0.031083263155842263 1.6677172769742226 0.02202494954148309 0.03570712317574081 0.04143791620839702 0.04143791620841656 3.8459441258761125 2.1020680665979787
1320.0 12.513846378509637 -6.1157145567603495 66.7289681929466 -501994.51214545144 1.8485125960457227e-05 30.328970521825543 26.503730153055237 28.660488168410343 125.04195051651124 389.2945047809614 400.0 -0.011491732345617059 1.5947558897934169 1.6684823534151978 -0.029662145684772292 -18.292975123881675 2.5609449135584374e-08 0.058187938849067866 0.026878741154295855 0.03130916450840781 1.6902762767700106 0.022225454137654418 0.03596248471141345 0.041752600013460074 0.04175260001349192 3.817512708454253 2.104130310520732
1330.0 12.520798643859985 -6.1226394655636245 66.96071324684485 -501687.1536676221 1.8542409020351934e-05 30.39980789928846 26.52953762836765 28.707383541912403 124.71879214512953 388.83535869118793 400.0 -0.011664924743028639 1.6085447005532618 1.692424357376062 -0.029828650056955217 -17.752097800663165 2.5773800558552338e-08 0.058646540192893365 0.027110905561838084 0.03153560142515096 1.7131098280108925 0.022429029048342933 0.03621751114455043 0.04206857409168164 0.04206857409171346 3.789511119861055 2.1062073479294035
1340.0 12.527776411791494 -6.1295911188193966 67.19128555777449 -501379.3122116741 1.8600285885228025e-05 30.47129000895029 26.555576490712046 28.754649927289417 124.39400991215645 388.373911244277 400.0 -0.011839686344358129 1.6224372141628787 1.716640081660873 -0.029989022068875708 -17.203019113078636 2.5938518120360156e-08 0.05910792048659662 0.027345299331884308 0.03176258792909189 1.7362180627748252 0.022635718829435967 0.03647220165716064 0.04238586608336007 0.04238586608338703 3.7619297604313746 2.1082991921326024
1350.0 12.534779945789758 -6.136569419039239 67.42070768218706 -501070.9831024839 1.865876650494869e-05 30.543422436114323 26.581845549548703 28.802295364602845 124.06758673936906 387.9101384763936 400.0 -0.012016030367780161 1.6364344953529573 1.7411270715114808 -0.03014316351135255 -16.645923542153447 2.610351475036676e-08 0.05957212242800309 0.027581951450042046 0.03199013773245222 1.759601042557791 0.022845567077350377 0.03672655535065271 0.042704503232973944 0.0427045032329872 3.7347593153232994 2.1104058545700006
1360.0 12.541809513778203 -6.143574271400475 67.64900172168595 -500762.16163846897 1.871786099524729e-05 30.61621072920312 26.608343452693898 28.85032797240348 123.73950519984696 387.444015905988 400.0 -0.012193970185830526 1.650537575244583 1.765882756799646 -0.030290977863254426 -16.08099733818614 2.626870425526762e-08 0.06003918767165991 0.027820890171529455 0.03221826423456474 1.7832587594148326 0.023058616466057637 0.036980571205602275 0.04302451238572365 0.043024512385777314 3.707990744054005 2.1125273432588796
1370.0 12.548865388185558 -6.150605583708644 67.87618933605478 -500452.8430928599 1.8777579618552786e-05 30.689660401625744 26.635068692212197 28.89875594571843 123.40974763465323 386.97551852760375 400.0 -0.012373519322489267 1.6647474515006422 1.7909044559073104 -0.03043237031029697 -15.508428335961172 2.643400139679892e-08 0.06050915682653688 0.028062143020809463 0.03244698051994032 1.8071911371198137 0.023274908815820648 0.037234248010716224 0.043345919984566994 0.04334591998459211 3.681615270492204 2.1146636618802104
1380.0 12.555947846026964 -6.157663266361477 68.10229175592904 -500143.0227148291 1.883793281653982e-05 30.76377694825758 26.6620196102582 28.947587568600728 123.07829603878284 386.5046208041955 400.0 -0.012554691450226352 1.6790650885033593 1.8161893796568542 -0.03056724776046403 -14.928405770428459 2.6599321966667426e-08 0.060982069454912385 0.02830573679188168 0.03267629935686195 1.8313980323465824 0.02349448512858359 0.03748758432632879 0.04366875206740145 0.043668752067436443 3.655624373287004 2.116814810779899
1390.0 12.563057168987378 -6.164747232314348 68.3273297950738 -499832.69573054824 1.889893121983491e-05 30.838565858286646 26.689194404870342 28.996831222997816 122.74513212897318 386.03129665972887 400.0 -0.01273750038706504 1.693491417552637 1.8417346352888295 -0.030695518859154496 -14.341120093450026 2.6764582858759858e-08 0.061457964072186226 0.028551697549439693 0.03290623319604021 1.8558792358761032 0.023717385457931155 0.037740578614255074 0.043993034265022435 0.04399303426505767 3.6300097767101103 2.1189807884531517
1400.0 12.570193643510445 -6.171857397047228 68.55132386230234 -499521.8573441573 1.8960585631832604e-05 30.91403261015454 26.71659113571032 29.046495379679733 122.41023721604171 385.55551947038236 400.0 -0.012921960093735764 1.7080273370879335 1.8675372304748101 -0.030817094001154424 -13.746762791825343 2.6929702138363647e-08 0.06193687814778486 0.02880005063064598 0.0331367941697436 1.8806344738234453 0.0239436490065366 0.03799322914124826 0.04431879179921752 0.04431879179925596 3.60476344189099 2.121161586752437
1410.0 12.577357560881099 -6.178993678533001 68.77429397299636 -499210.50273871224 1.9022907070917437e-05 30.99018270380287 26.74420772974665 29.096588626443204 122.07359242554209 385.07726205656627 400.0 -0.01310808467081097 1.7226737129295342 1.893594077359662 -0.03093188534128764 -13.145526207105146 2.7094599108395918e-08 0.062418848106969266 0.029050820647631606 0.03336799409110681 1.9056634088856248 0.024173314140658805 0.038245533966310474 0.04464604948135862 0.04464604948139673 3.579877558424399 2.1233571986405586
1420.0 12.584549217334482 -6.186155997207273 68.99625976039272 -498898.6270769159 1.9085906769957082e-05 31.06702165922847 26.77204198688931 29.147119662594307 121.73517846789292 384.5964966723403 400.0 -0.013295888355853458 1.7374313785449544 1.9199019966341622 -0.031039806802868938 -12.537603357228512 2.725919437256535e-08 0.0629039093337564 0.02930403149073285 0.033599844453815406 1.930965641617008 0.02440641835910655 0.03849749097464987 0.04497483171142954 0.04497483171146688 3.555344536334953 2.1255676133395003
1430.0 12.591768914142236 -6.193344275939474 69.21724048642783 -498586.2255019293 1.9149596157912514e-05 31.14455501723009 26.800091585557333 29.198097295613028 121.39497572087687 384.11319499673 400.0 -0.013485385520647573 1.7523011353313456 1.9464577216170624 -0.03114077408414443 -11.923187760723827 2.7423409895313092e-08 0.06339209617464434 0.0295597063322992 0.03383235643202303 1.9565407117182223 0.024642998326239073 0.038749097848405266 0.04530516247729541 0.04530516247746045 3.5311569983767215 2.1277928148648915
1440.0 12.59901695772089 -6.200558440005412 69.43725505235709 -498273.29313799704 1.9213986922209497e-05 31.222788375072152 26.828354088198566 29.24953047271193 121.05296426494435 383.6273281226919 400.0 -0.01367659066845629 1.7672837529202847 1.9732579023602252 -0.031234704664222738 -11.302473263372928 2.7587169058679695e-08 0.06388344194329838 0.02981786763135165 0.03406554088037925 1.9823880993574885 0.02488308984604671 0.03900035209725166 0.04563706535477844 0.045637065354819754 3.5073077726556754 2.130032788738684
1450.0 12.606293659743642 -6.207798417061131 69.65632200907963 -497959.8250909881 1.9279090972102853e-05 31.301727372738117 26.856826946732344 29.301428262993817 120.70912378126312 383.1388665459326 400.0 -0.013869518431297627 1.782379969503779 2.000299109744301 -0.03132151780349498 -10.675653867841984 2.77503967156154e-08 0.0643779789263127 0.03007853713851498 0.03429940833485893 2.0085072264979766 0.02512672790236621 0.039251251023946464 0.04597056350721917 0.0459705635072625 3.4837898855577083 2.132287515236498
1460.0 12.613599337243773 -6.215064137118068 69.8744595671229 -497645.81644893857 1.9344920474899013e-05 31.38137771809105 26.88550750794322 29.353799878501235 120.3634336195608 382.6477801541799 400.0 -0.014064183567258692 1.7975904921743302 2.027577839589814 -0.031401134547055114 -10.04292356655629 2.7913019240341796e-08 0.06487573838953763 0.03034173590200041 0.034533969013106756 2.0348974582616663 0.025373946663885934 0.0395017917256517 0.04630567968653514 0.04630567968658094 3.460596554966472 2.1345569736874053
1470.0 12.620934312741916 -6.2223555325196 70.0916856064509 -497331.2622823903 1.9411487861728976e-05 31.461745194383063 26.91439301880017 29.406654677629554 120.01587275488872 382.1540382141473 400.0 -0.014260600957922486 1.8129159972886526 2.0550905167535096 -0.0314734777226476 -9.404476177881017 2.8074964575133647e-08 0.06537675058554854 0.030607484273892323 0.03476923281561951 2.0615581043046114 0.02562477948799201 0.039751971097556536 0.04664243623384442 0.04664243623388343 3.4377211837601807 2.136841141407992
1480.0 12.628298914358455 -6.2296725379188125 70.30801768592755 -497016.15764476714 1.9478805830711995e-05 31.542835668693876 26.943480631705242 29.46000216948176 119.66641980624908 381.65760935947253 400.0 -0.014458785605725819 1.8283571308448574 2.082833499212112 -0.03153847193819446 -8.760505186128809 2.8236162273821106e-08 0.06588104476175535 0.03087580191707922 0.03500520932692448 2.0884884202113736 0.02587925895069289 0.040001785811062465 0.04698085508069254 0.04698085508073318 3.415157353570675 2.139139993412938
1490.0 12.635693475948592 -6.2370150902576285 70.52347305261861 -496700.4975725574 1.9546887380782667e-05 31.624655112211688 26.972767409676646 29.513852030077576 119.31505298626995 381.158461577115 400.0 -0.014658752631498885 1.8439145088799702 2.1108030821341104 -0.031596043577459994 -8.111203585301416 2.839654354196202e-08 0.06638864916941728 0.03114670781279004 0.03524190781705815 2.1156876089136816 0.026137416875384532 0.04025123229403276 0.04732095775068521 0.04732095775072661 3.3928988187957936 2.1414535042400344
1500.0 12.64311833723081 -6.244383128747173 70.73806865080851 -496384.2770854829 1.9615745790384904e-05 31.70720959712592 27.00225033145374 29.568214095200766 118.96175011901394 380.6565621933211 400.0 -0.014860517271956525 1.8595887178819908 2.1389955019251548 -0.031646120793864495 -7.456763727008548 2.8556041273635457e-08 0.0668995910733628 0.0314202202686157 0.03547933724326428 2.143154822123934 0.02639928428790799 0.040500306785454826 0.047662765361386354 0.04766276536139186 3.3709395008506173 2.143781644885873
1510.0 12.65057384392209 -6.251776594849384 70.9518211308032 -496067.49118657276 1.968539466003953e-05 31.79050532229422 27.031926296524464 29.62309838204969 118.60648862140336 380.15187785948956 400.0 -0.015064094877298281 1.8753803152182569 2.1674069402445286 -0.03168863350221671 -6.797377172649611 2.8714590084867855e-08 0.06741389676247346 0.03169635692700999 0.03571750625197713 2.1708891617853032 0.02666489145727188 0.0407490053052016 0.04800629862646552 0.048006298626523704 3.3492734826477113 2.146124386073095
1520.0 12.65806034788757 -6.2591954322600065 71.16474685756276 -495750.1348620983 1.9755847920450883e-05 31.87454862472834 27.061792130082786 29.678515096730877 118.24924553230647 379.6443745362668 400.0 -0.015269500908856 1.8912898295802534 2.196033527997461 -0.031723513369994974 -6.133234549909833 2.8872126343851777e-08 0.06793159156087641 0.03197513477443027 0.03595642318087305 2.198889681547255 0.02693426790699101 0.04099732365388541 0.04835157785850191 0.04835157785854598 3.3278950032964643 2.148481698544389
1530.0 12.665578207285758 -6.2666395868926985 71.37686191908799 -495432.2030814771 1.982711982513861e-05 31.959345979062544 27.091844587894375 29.73447462978286 117.889997433954 379.13401747800316 400.0 -0.015476750936792618 1.907317761442261 2.224871349279682 -0.03175069380508111 -5.4645254139443615 2.9028588197721295e-08 0.06845269983984702 0.03225657015073 0.03619609606138071 2.2271553882470916 0.027207442423854658 0.04124525741599237 0.048698622971611365 0.04869862297165711 3.3067984530098715 2.150853549693688
1540.0 12.673127786721722 -6.274109006864475 71.58818213462379 -495113.6907970816 1.9899224988198045e-05 32.0449040227823 27.122080361086677 29.790987577494498 117.52872047180782 378.62077121612873 400.0 -0.01568586063786914 1.9234645835335944 2.2539164452877984 -0.031770109943608765 -4.791438113214214 2.9183915596204642e-08 0.06897724503029357 0.03254067875916425 0.03643653262116034 2.2556852434145327 0.027484443114497964 0.04149280191579561 0.04904745348478836 0.04904745348483422 3.285978368210405 2.1532399068422525
1550.0 12.680709457414052 -6.281603642482466 71.79872306271672 -494794.59294391156 1.9972178400646796e-05 32.131229572296405 27.152496080854238 29.84806475411234 117.16539039466196 378.10459954159415 400.0 -0.01589684579331447 1.9397307413265144 2.283164818184072 -0.031781698635280665 -4.114159660050872 2.9338050312030993e-08 0.06950524963596155 0.03282747567676168 0.036677740286935774 2.2844781647913552 0.027765297397787984 0.04173995223817358 0.049398088525367416 0.049398088525415 3.265429426826463 2.1556407385038305
1560.0 12.688323597356426 -6.289123446231756 72.00850000904423 -494474.9044392409 2.004599538036681e-05 32.21832959895998 27.183088323073566 29.90571716405157 116.79998243411592 377.58546548680135 400.0 -0.01610972228666456 1.9561166535345524 2.3126124349084103 -0.031785398427497696 -3.4328756062305708 2.9490935958183822e-08 0.07003673524713955 0.033116975365082076 0.036919726187443096 2.313533027862171 0.028050032021254053 0.041986703225885505 0.049750546832789434 0.04975054683283911 3.245146443769225 2.1580560055012485
1570.0 12.695970591495296 -6.2966683727646915 72.21752803412346 -494154.62018212746 2.012069182772768e-05 32.306211366736264 27.21385361283429 29.96395613579447 116.43247138480316 377.0633313068702 400.0 -0.016324506101817796 1.9726227126253166 2.3422552309417926 -0.031781149547894086 -2.7477699234086455 2.9642518002095094e-08 0.07057172255499786 0.03340919168138449 0.03716249715660098 2.3428486674032762 0.02833867306269773 0.04223304949230012 0.050104846762679234 0.05010484676273042 3.225124366583678 2.160485688636836
1580.0 12.703650831910435 -6.3042383788912915 72.42582196084449 -493833.7350528424 2.019628338948582e-05 32.39488201444886 27.244788428878152 30.02279290043745 116.06283158384561 376.53815845952624 400.0 -0.016541213321020782 1.9892492853442936 2.372089114011409 -0.03176889388543937 -2.059024888622788 2.979274377680544e-08 0.07111023136643696 0.0337041378901395 0.03740605973684688 2.372423879042628 0.028631245957818467 0.0424789854086185 0.05046100629117876 0.05046100629123462 3.2053582712649877 2.162929697149958
1590.0 12.711364718007879 -6.311833423571091 72.63339638187942 -493512.2439121851 2.0272788651744894e-05 32.48435018719322 27.27588920795015 30.082240219453464 115.69103685615929 376.0099075847712 400.0 -0.016759860123036586 2.005996713251196 2.402109967739756 -0.031748574970105074 -1.3668209747944702 2.9941562489203955e-08 0.07165228061948258 0.03400182667490216 0.037650420182659225 2.402257420835471 0.028927775524897597 0.04272450509458499 0.05081904301957246 0.050819043019645425 3.1858433582337184 2.1653882082690115
1600.0 12.719112656706006 -6.319453467906033 72.84026566688459 -493190.1416007841 2.035021723976606e-05 32.57461993015364 27.307152349051428 30.142306274927375 115.31706052253028 375.4785384836001 400.0 -0.016980462781318283 2.022865313263878 2.4323136552262645 -0.03172013795136055 -0.671336746478861 3.008892522537947e-08 0.07219788839905435 0.03430227015045551 0.03789558446418243 2.4323480148464216 0.02922828597641903 0.0429696024226353 0.051178974179128936 0.05117897417919035 3.1665749484613714 2.167860394611726
