#T volume alpha alpha_xx alpha_yy alpha_zz alpha_yz alpha_zy alpha_xz alpha_zx alpha_xy alpha_yx
0.0  11.445796   0.0000e+00   9.5626e-09   9.5626e-09   9.5626e-09   0.0000e+00   0.0000e+00   0.0000e+00   0.0000e+00   0.0000e+00   0.0000e+00
10.0  11.445797   3.8338e-09   3.8339e-09   3.8339e-09   3.8339e-09   0.0000e+00   0.0000e+00   0.0000e+00   0.0000e+00   0.0000e+00   0.0000e+00
20.0  11.445804   4.5958e-08   4.5958e-08   4.5958e-08   4.5958e-08   0.0000e+00   0.0000e+00   0.0000e+00   0.0000e+00   0.0000e+00   0.0000e+00
30.0  11.445845   2.3485e-07   2.3485e-07   2.3485e-07   2.3485e-07   0.0000e+00   0.0000e+00   0.0000e+00   0.0000e+00   0.0000e+00   0.0000e+00
40.0  11.445997   6.9623e-07   6.9623e-07   6.9623e-07   6.9623e-07   0.0000e+00   0.0000e+00   0.0000e+00   0.0000e+00   0.0000e+00   0.0000e+00
50.0  11.446352   1.4086e-06   1.4086e-06   1.4086e-06   1.4086e-06   0.0000e+00   0.0000e+00   0.0000e+00   0.0000e+00   0.0000e+00   0.0000e+00
60.0  11.446981   2.2679e-06   2.2679e-06   2.2679e-06   2.2679e-06   0.0000e+00   0.0000e+00   0.0000e+00   0.0000e+00   0.0000e+00   0.0000e+00
70.0  11.447916   3.1773e-06   3.1773e-06   3.1773e-06   3.1773e-06   0.0000e+00   0.0000e+00   0.0000e+00   0.0000e+00   0.0000e+00   0.0000e+00
80.0  11.449162   4.0713e-06   4.0713e-06   4.0713e-06   4.0713e-06   0.0000e+00   0.0000e+00   0.0000e+00   0.0000e+00   0.0000e+00   0.0000e+00
90.0  11.450706   4.9129e-06   4.9129e-06   4.9129e-06   4.9129e-06   0.0000e+00   0.0000e+00   0.0000e+00   0.0000e+00   0.0000e+00   0.0000e+00
100.0  11.452529   5.6846e-06   5.6846e-06   5.6846e-06   5.6846e-06   0.0000e+00   0.0000e+00   0.0000e+00   0.0000e+00   0.0000e+00   0.0000e+00
110.0  11.454604   6.3810e-06   6.3810e-06   6.3810e-06   6.3810e-06   0.0000e+00   0.0000e+00   0.0000e+00   0.0000e+00   0.0000e+00   0.0000e+00
120.0  11.456906   7.0038e-06   7.0038e-06   7.0038e-06   7.0038e-06   0.0000e+00   0.0000e+00   0.0000e+00   0.0000e+00   0.0000e+00   0.0000e+00
130.0  11.459411   7.5580e-06   7.5580e-06   7.5580e-06   7.5580e-06   0.0000e+00   0.0000e+00   0.0000e+00   0.0000e+00   0.0000e+00   0.0000e+00
140.0  11.462096   8.0500e-06   8.0500e-06   8.0500e-06   8.0500e-06   0.0000e+00   0.0000e+00   0.0000e+00   0.0000e+00   0.0000e+00   0.0000e+00
150.0  11.464941   8.4870e-06   8.4870e-06   8.4870e-06   8.4870e-06   0.0000e+00   0.0000e+00   0.0000e+00   0.0000e+00   0.0000e+00   0.0000e+00
160.0  11.467928   8.8754e-06   8.8754e-06   8.8754e-06   8.8754e-06   0.0000e+00   0.0000e+00   0.0000e+00   0.0000e+00   0.0000e+00   0.0000e+00
170.0  11.471043   9.2215e-06   9.2215e-06   9.2215e-06   9.2215e-06   0.0000e+00   0.0000e+00   0.0000e+00   0.0000e+00   0.0000e+00   0.0000e+00
180.0  11.474271   9.5309e-06   9.5309e-06   9.5309e-06   9.5309e-06   0.0000e+00   0.0000e+00   0.0000e+00   0.0000e+00   0.0000e+00   0.0000e+00
190.0  11.477601   9.8082e-06   9.8082e-06   9.8082e-06   9.8082e-06   0.0000e+00   0.0000e+00   0.0000e+00   0.0000e+00   0.0000e+00   0.0000e+00
200.0  11.481022   1.0058e-05   1.0058e-05   1.0058e-05   1.0058e-05   0.0000e+00   0.0000e+00   0.0000e+00   0.0000e+00   0.0000e+00   0.0000e+00
210.0  11.484526   1.0283e-05   1.0283e-05   1.0283e-05   1.0283e-05   0.0000e+00   0.0000e+00   0.0000e+00   0.0000e+00   0.0000e+00   0.0000e+00
220.0  11.488106   1.0487e-05   1.0487e-05   1.0487e-05   1.0487e-05   0.0000e+00   0.0000e+00   0.0000e+00   0.0000e+00   0.0000e+00   0.0000e+00
230.0  11.491753   1.0673e-05   1.0673e-05   1.0673e-05   1.0673e-05   0.0000e+00   0.0000e+00   0.0000e+00   0.0000e+00   0.0000e+00   0.0000e+00
240.0  11.495463   1.0843e-05   1.0843e-05   1.0843e-05   1.0843e-05   0.0000e+00   0.0000e+00   0.0000e+00   0.0000e+00   0.0000e+00   0.0000e+00
250.0  11.499230   1.0999e-05   1.0999e-05   1.0999e-05   1.0999e-05   0.0000e+00   0.0000e+00   0.0000e+00   0.0000e+00   0.0000e+00   0.0000e+00
260.0  11.503050   1.1143e-05   1.1143e-05   1.1143e-05   1.1143e-05   0.0000e+00   0.0000e+00   0.0000e+00   0.0000e+00   0.0000e+00   0.0000e+00
270.0  11.506919   1.1275e-05   1.1275e-05   1.1275e-05   1.1275e-05   0.0000e+00   0.0000e+00   0.0000e+00   0.0000e+00   0.0000e+00   0.0000e+00
280.0  11.510834   1.1398e-05   1.1398e-05   1.1398e-05   1.1398e-05   0.0000e+00   0.0000e+00   0.0000e+00   0.0000e+00   0.0000e+00   0.0000e+00
290.0  11.514791   1.1513e-05   1.1513e-05   1.1513e-05   1.1513e-05   0.0000e+00   0.0000e+00   0.0000e+00   0.0000e+00   0.0000e+00   0.0000e+00
300.0  11.518787   1.1620e-05   1.1620e-05   1.1620e-05   1.1620e-05   0.0000e+00   0.0000e+00   0.0000e+00   0.0000e+00   0.0000e+00   0.0000e+00
310.0  11.522821   1.1720e-05   1.1720e-05   1.1720e-05   1.1720e-05   0.0000e+00   0.0000e+00   0.0000e+00   0.0000e+00   0.0000e+00   0.0000e+00
320.0  11.526889   1.1814e-05   1.1814e-05   1.1814e-05   1.1814e-05   0.0000e+00   0.0000e+00   0.0000e+00   0.0000e+00   0.0000e+00   0.0000e+00
330.0  11.530991   1.1903e-05   1.1903e-05   1.1903e-05   1.1903e-05   0.0000e+00   0.0000e+00   0.0000e+00   0.0000e+00   0.0000e+00   0.0000e+00
340.0  11.535124   1.1987e-05   1.1987e-05   1.1987e-05   1.1987e-05   0.0000e+00   0.0000e+00   0.0000e+00   0.0000e+00   0.0000e+00   0.0000e+00
350.0  11.539287   1.2067e-05   1.2067e-05   1.2067e-05   1.2067e-05   0.0000e+00   0.0000e+00   0.0000e+00   0.0000e+00   0.0000e+00   0.0000e+00
360.0  11.543478   1.2143e-05   1.2143e-05   1.2143e-05   1.2143e-05   0.0000e+00   0.0000e+00   0.0000e+00   0.0000e+00   0.0000e+00   0.0000e+00
370.0  11.547697   1.2216e-05   1.2216e-05   1.2216e-05   1.2216e-05   0.0000e+00   0.0000e+00   0.0000e+00   0.0000e+00   0.0000e+00   0.0000e+00
380.0  11.551942   1.2286e-05   1.2286e-05   1.2286e-05   1.2286e-05   0.0000e+00   0.0000e+00   0.0000e+00   0.0000e+00   0.0000e+00   0.0000e+00
390.0  11.556212   1.2353e-05   1.2353e-05   1.2353e-05   1.2353e-05   0.0000e+00   0.0000e+00   0.0000e+00   0.0000e+00   0.0000e+00   0.0000e+00
400.0  11.560507   1.2417e-05   1.2417e-05   1.2417e-05   1.2417e-05   0.0000e+00   0.0000e+00   0.0000e+00   0.0000e+00   0.0000e+00   0.0000e+00
410.0  11.564825   1.2479e-05   1.2479e-05   1.2479e-05   1.2479e-05   0.0000e+00   0.0000e+00   0.0000e+00   0.0000e+00   0.0000e+00   0.0000e+00
420.0  11.569165   1.2539e-05   1.2539e-05   1.2539e-05   1.2539e-05   0.0000e+00   0.0000e+00   0.0000e+00   0.0000e+00   0.0000e+00   0.0000e+00
430.0  11.573528   1.2597e-05   1.2597e-05   1.2597e-05   1.2597e-05   0.0000e+00   0.0000e+00   0.0000e+00   0.0000e+00   0.0000e+00   0.0000e+00
440.0  11.577913   1.2654e-05   1.2654e-05   1.2654e-05   1.2654e-05   0.0000e+00   0.0000e+00   0.0000e+00   0.0000e+00   0.0000e+00   0.0000e+00
450.0  11.582319   1.2709e-05   1.2709e-05   1.2709e-05   1.2709e-05   0.0000e+00   0.0000e+00   0.0000e+00   0.0000e+00   0.0000e+00   0.0000e+00
460.0  11.586745   1.2763e-05   1.2763e-05   1.2763e-05   1.2763e-05   0.0000e+00   0.0000e+00   0.0000e+00   0.0000e+00   0.0000e+00   0.0000e+00
470.0  11.591191   1.2815e-05   1.2815e-05   1.2815e-05   1.2815e-05   0.0000e+00   0.0000e+00   0.0000e+00   0.0000e+00   0.0000e+00   0.0000e+00
480.0  11.595657   1.2867e-05   1.2867e-05   1.2867e-05   1.2867e-05   0.0000e+00   0.0000e+00   0.0000e+00   0.0000e+00   0.0000e+00   0.0000e+00
490.0  11.600143   1.2917e-05   1.2917e-05   1.2917e-05   1.2917e-05   0.0000e+00   0.0000e+00   0.0000e+00   0.0000e+00   0.0000e+00   0.0000e+00
500.0  11.604648   1.2967e-05   1.2967e-05   1.2967e-05   1.2967e-05   0.0000e+00   0.0000e+00   0.0000e+00   0.0000e+00   0.0000e+00   0.0000e+00
510.0  11.609171   1.3016e-05   1.3016e-05   1.3016e-05   1.3016e-05   0.0000e+00   0.0000e+00   0.0000e+00   0.0000e+00   0.0000e+00   0.0000e+00
520.0  11.613714   1.3064e-05   1.3064e-05   1.3064e-05   1.3064e-05   0.0000e+00   0.0000e+00   0.0000e+00   0.0000e+00   0.0000e+00   0.0000e+00
530.0  11.618275   1.3111e-05   1.3111e-05   1.3111e-05   1.3111e-05   0.0000e+00   0.0000e+00   0.0000e+00   0.0000e+00   0.0000e+00   0.0000e+00
540.0  11.622854   1.3158e-05   1.3158e-05   1.3158e-05   1.3158e-05   0.0000e+00   0.0000e+00   0.0000e+00   0.0000e+00   0.0000e+00   0.0000e+00
550.0  11.627451   1.3205e-05   1.3205e-05   1.3205e-05   1.3205e-05   0.0000e+00   0.0000e+00   0.0000e+00   0.0000e+00   0.0000e+00   0.0000e+00
560.0  11.632066   1.3251e-05   1.3251e-05   1.3251e-05   1.3251e-05   0.0000e+00   0.0000e+00   0.0000e+00   0.0000e+00   0.0000e+00   0.0000e+00
570.0  11.636699   1.3297e-05   1.3297e-05   1.3297e-05   1.3297e-05   0.0000e+00   0.0000e+00   0.0000e+00   0.0000e+00   0.0000e+00   0.0000e+00
580.0  11.641350   1.3342e-05   1.3342e-05   1.3342e-05   1.3342e-05   0.0000e+00   0.0000e+00   0.0000e+00   0.0000e+00   0.0000e+00   0.0000e+00
590.0  11.646018   1.3387e-05   1.3387e-05   1.3387e-05   1.3387e-05   0.0000e+00   0.0000e+00   0.0000e+00   0.0000e+00   0.0000e+00   0.0000e+00
600.0  11.650704   1.3432e-05   1.3432e-05   1.3432e-05   1.3432e-05   0.0000e+00   0.0000e+00   0.0000e+00   0.0000e+00   0.0000e+00   0.0000e+00
610.0  11.655408   1.3477e-05   1.3477e-05   1.3477e-05   1.3477e-05   0.0000e+00   0.0000e+00   0.0000e+00   0.0000e+00   0.0000e+00   0.0000e+00
620.0  11.660129   1.3521e-05   1.3521e-05   1.3521e-05   1.3521e-05   0.0000e+00   0.0000e+00   0.0000e+00   0.0000e+00   0.0000e+00   0.0000e+00
630.0  11.664868   1.3566e-05   1.3566e-05   1.3566e-05   1.3566e-05   0.0000e+00   0.0000e+00   0.0000e+00   0.0000e+00   0.0000e+00   0.0000e+00
640.0  11.669624   1.3610e-05   1.3610e-05   1.3610e-05   1.3610e-05   0.0000e+00   0.0000e+00   0.0000e+00   0.0000e+00   0.0000e+00   0.0000e+00
650.0  11.674397   1.3655e-05   1.3655e-05   1.3655e-05   1.3655e-05   0.0000e+00   0.0000e+00   0.0000e+00   0.0000e+00   0.0000e+00   0.0000e+00
660.0  11.679188   1.3699e-05   1.3699e-05   1.3699e-05   1.3699e-05   0.0000e+00   0.0000e+00   0.0000e+00   0.0000e+00   0.0000e+00   0.0000e+00
670.0  11.683997   1.3743e-05   1.3743e-05   1.3743e-05   1.3743e-05   0.0000e+00   0.0000e+00   0.0000e+00   0.0000e+00   0.0000e+00   0.0000e+00
680.0  11.688823   1.3788e-05   1.3788e-05   1.3788e-05   1.3788e-05   0.0000e+00   0.0000e+00   0.0000e+00   0.0000e+00   0.0000e+00   0.0000e+00
690.0  11.693667   1.3832e-05   1.3832e-05   1.3832e-05   1.3832e-05   0.0000e+00   0.0000e+00   0.0000e+00   0.0000e+00   0.0000e+00   0.0000e+00
700.0  11.698528   1.3877e-05   1.3877e-05   1.3877e-05   1.3877e-05   0.0000e+00   0.0000e+00   0.0000e+00   0.0000e+00   0.0000e+00   0.0000e+00
710.0  11.703407   1.3921e-05   1.3921e-05   1.3921e-05   1.3921e-05   0.0000e+00   0.0000e+00   0.0000e+00   0.0000e+00   0.0000e+00   0.0000e+00
720.0  11.708303   1.3966e-05   1.3966e-05   1.3966e-05   1.3966e-05   0.0000e+00   0.0000e+00   0.0000e+00   0.0000e+00   0.0000e+00   0.0000e+00
730.0  11.713218   1.4011e-05   1.4011e-05   1.4011e-05   1.4011e-05   0.0000e+00   0.0000e+00   0.0000e+00   0.0000e+00   0.0000e+00   0.0000e+00
740.0  11.718150   1.4056e-05   1.4056e-05   1.4056e-05   1.4056e-05   0.0000e+00   0.0000e+00   0.0000e+00   0.0000e+00   0.0000e+00   0.0000e+00
750.0  11.723100   1.4101e-05   1.4101e-05   1.4101e-05   1.4101e-05   0.0000e+00   0.0000e+00   0.0000e+00   0.0000e+00   0.0000e+00   0.0000e+00
760.0  11.728069   1.4146e-05   1.4146e-05   1.4146e-05   1.4146e-05   0.0000e+00   0.0000e+00   0.0000e+00   0.0000e+00   0.0000e+00   0.0000e+00
770.0  11.733055   1.4192e-05   1.4192e-05   1.4192e-05   1.4192e-05   0.0000e+00   0.0000e+00   0.0000e+00   0.0000e+00   0.0000e+00   0.0000e+00
780.0  11.738059   1.4238e-05   1.4238e-05   1.4238e-05   1.4238e-05   0.0000e+00   0.0000e+00   0.0000e+00   0.0000e+00   0.0000e+00   0.0000e+00
790.0  11.743082   1.4284e-05   1.4284e-05   1.4284e-05   1.4284e-05   0.0000e+00   0.0000e+00   0.0000e+00   0.0000e+00   0.0000e+00   0.0000e+00
800.0  11.748124   1.4330e-05   1.4330e-05   1.4330e-05   1.4330e-05   0.0000e+00   0.0000e+00   0.0000e+00   0.0000e+00   0.0000e+00   0.0000e+00
810.0  11.753183   1.4377e-05   1.4377e-05   1.4377e-05   1.4377e-05   0.0000e+00   0.0000e+00   0.0000e+00   0.0000e+00   0.0000e+00   0.0000e+00
820.0  11.758262   1.4423e-05   1.4423e-05   1.4423e-05   1.4423e-05   0.0000e+00   0.0000e+00   0.0000e+00   0.0000e+00   0.0000e+00   0.0000e+00
830.0  11.763359   1.4470e-05   1.4470e-05   1.4470e-05   1.4470e-05   0.0000e+00   0.0000e+00   0.0000e+00   0.0000e+00   0.0000e+00   0.0000e+00
840.0  11.768475   1.4518e-05   1.4518e-05   1.4518e-05   1.4518e-05   0.0000e+00   0.0000e+00   0.0000e+00   0.0000e+00   0.0000e+00   0.0000e+00
850.0  11.773610   1.4565e-05   1.4565e-05   1.4565e-05   1.4565e-05   0.0000e+00   0.0000e+00   0.0000e+00   0.0000e+00   0.0000e+00   0.0000e+00
860.0  11.778764   1.4614e-05   1.4614e-05   1.4614e-05   1.4614e-05   0.0000e+00   0.0000e+00   0.0000e+00   0.0000e+00   0.0000e+00   0.0000e+00
870.0  11.783938   1.4662e-05   1.4662e-05   1.4662e-05   1.4662e-05   0.0000e+00   0.0000e+00   0.0000e+00   0.0000e+00   0.0000e+00   0.0000e+00
880.0  11.789131   1.4711e-05   1.4711e-05   1.4711e-05   1.4711e-05   0.0000e+00   0.0000e+00   0.0000e+00   0.0000e+00   0.0000e+00   0.0000e+00
890.0  11.794344   1.4760e-05   1.4760e-05   1.4760e-05   1.4760e-05   0.0000e+00   0.0000e+00   0.0000e+00   0.0000e+00   0.0000e+00   0.0000e+00
900.0  11.799576   1.4809e-05   1.4809e-05   1.4809e-05   1.4809e-05   0.0000e+00   0.0000e+00   0.0000e+00   0.0000e+00   0.0000e+00   0.0000e+00
910.0  11.804828   1.4859e-05   1.4859e-05   1.4859e-05   1.4859e-05   0.0000e+00   0.0000e+00   0.0000e+00   0.0000e+00   0.0000e+00   0.0000e+00
920.0  11.810100   1.4909e-05   1.4909e-05   1.4909e-05   1.4909e-05   0.0000e+00   0.0000e+00   0.0000e+00   0.0000e+00   0.0000e+00   0.0000e+00
930.0  11.815392   1.4957e-05   1.4957e-05   1.4957e-05   1.4957e-05   0.0000e+00   0.0000e+00   0.0000e+00   0.0000e+00   0.0000e+00   0.0000e+00
940.0  11.820703   1.5000e-05   1.5000e-05   1.5000e-05   1.5000e-05   0.0000e+00   0.0000e+00   0.0000e+00   0.0000e+00   0.0000e+00   0.0000e+00
950.0  11.826030   1.5039e-05   1.5039e-05   1.5039e-05   1.5039e-05   0.0000e+00   0.0000e+00   0.0000e+00   0.0000e+00   0.0000e+00   0.0000e+00
960.0  11.831373   1.5077e-05   1.5077e-05   1.5077e-05   1.5077e-05   0.0000e+00   0.0000e+00   0.0000e+00   0.0000e+00   0.0000e+00   0.0000e+00
970.0  11.836733   1.5115e-05   1.5115e-05   1.5115e-05   1.5115e-05   0.0000e+00   0.0000e+00   0.0000e+00   0.0000e+00   0.0000e+00   0.0000e+00
980.0  11.842108   1.5154e-05   1.5154e-05   1.5154e-05   1.5154e-05   0.0000e+00   0.0000e+00   0.0000e+00   0.0000e+00   0.0000e+00   0.0000e+00
990.0  11.847500   1.5192e-05   1.5192e-05   1.5192e-05   1.5192e-05   0.0000e+00   0.0000e+00   0.0000e+00   0.0000e+00   0.0000e+00   0.0000e+00
1000.0  11.852908   1.5231e-05   1.5231e-05   1.5231e-05   1.5231e-05   0.0000e+00   0.0000e+00   0.0000e+00   0.0000e+00   0.0000e+00   0.0000e+00
1010.0  11.858332   1.5271e-05   1.5271e-05   1.5271e-05   1.5271e-05   0.0000e+00   0.0000e+00   0.0000e+00   0.0000e+00   0.0000e+00   0.0000e+00
1020.0  11.863773   1.5310e-05   1.5310e-05   1.5310e-05   1.5310e-05   0.0000e+00   0.0000e+00   0.0000e+00   0.0000e+00   0.0000e+00   0.0000e+00
1030.0  11.869230   1.5350e-05   1.5350e-05   1.5350e-05   1.5350e-05   0.0000e+00   0.0000e+00   0.0000e+00   0.0000e+00   0.0000e+00   0.0000e+00
1040.0  11.874704   1.5389e-05   1.5390e-05   1.5390e-05   1.5390e-05   0.0000e+00   0.0000e+00   0.0000e+00   0.0000e+00   0.0000e+00   0.0000e+00
1050.0  11.880195   1.5430e-05   1.5430e-05   1.5430e-05   1.5430e-05   0.0000e+00   0.0000e+00   0.0000e+00   0.0000e+00   0.0000e+00   0.0000e+00
1060.0  11.885703   1.5470e-05   1.5470e-05   1.5470e-05   1.5470e-05   0.0000e+00   0.0000e+00   0.0000e+00   0.0000e+00   0.0000e+00   0.0000e+00
1070.0  11.891227   1.5511e-05   1.5511e-05   1.5511e-05   1.5511e-05   0.0000e+00   0.0000e+00   0.0000e+00   0.0000e+00   0.0000e+00   0.0000e+00
1080.0  11.896769   1.5551e-05   1.5552e-05   1.5552e-05   1.5552e-05   0.0000e+00   0.0000e+00   0.0000e+00   0.0000e+00   0.0000e+00   0.0000e+00
1090.0  11.902328   1.5593e-05   1.5593e-05   1.5593e-05   1.5593e-05   0.0000e+00   0.0000e+00   0.0000e+00   0.0000e+00   0.0000e+00   0.0000e+00
1100.0  11.907904   1.5634e-05   1.5634e-05   1.5634e-05   1.5634e-05   0.0000e+00   0.0000e+00   0.0000e+00   0.0000e+00   0.0000e+00   0.0000e+00
1110.0  11.913498   1.5676e-05   1.5676e-05   1.5676e-05   1.5676e-05   0.0000e+00   0.0000e+00   0.0000e+00   0.0000e+00   0.0000e+00   0.0000e+00
1120.0  11.919109   1.5718e-05   1.5718e-05   1.5718e-05   1.5718e-05   0.0000e+00   0.0000e+00   0.0000e+00   0.0000e+00   0.0000e+00   0.0000e+00
1130.0  11.924738   1.5760e-05   1.5760e-05   1.5760e-05   1.5760e-05   0.0000e+00   0.0000e+00   0.0000e+00   0.0000e+00   0.0000e+00   0.0000e+00
1140.0  11.930385   1.5802e-05   1.5802e-05   1.5802e-05   1.5802e-05   0.0000e+00   0.0000e+00   0.0000e+00   0.0000e+00   0.0000e+00   0.0000e+00
1150.0  11.936050   1.5845e-05   1.5845e-05   1.5845e-05   1.5845e-05   0.0000e+00   0.0000e+00   0.0000e+00   0.0000e+00   0.0000e+00   0.0000e+00
1160.0  11.941733   1.5888e-05   1.5888e-05   1.5888e-05   1.5888e-05   0.0000e+00   0.0000e+00   0.0000e+00   0.0000e+00   0.0000e+00   0.0000e+00
1170.0  11.947434   1.5931e-05   1.5931e-05   1.5931e-05   1.5931e-05   0.0000e+00   0.0000e+00   0.0000e+00   0.0000e+00   0.0000e+00   0.0000e+00
1180.0  11.953153   1.5975e-05   1.5975e-05   1.5975e-05   1.5975e-05   0.0000e+00   0.0000e+00   0.0000e+00   0.0000e+00   0.0000e+00   0.0000e+00
1190.0  11.958891   1.6019e-05   1.6019e-05   1.6019e-05   1.6019e-05   0.0000e+00   0.0000e+00   0.0000e+00   0.0000e+00   0.0000e+00   0.0000e+00
1200.0  11.964647   1.6063e-05   1.6063e-05   1.6063e-05   1.6063e-05   0.0000e+00   0.0000e+00   0.0000e+00   0.0000e+00   0.0000e+00   0.0000e+00
1210.0  11.970422   1.6108e-05   1.6108e-05   1.6108e-05   1.6108e-05   0.0000e+00   0.0000e+00   0.0000e+00   0.0000e+00   0.0000e+00   0.0000e+00
1220.0  11.976216   1.6153e-05   1.6153e-05   1.6153e-05   1.6153e-05   0.0000e+00   0.0000e+00   0.0000e+00   0.0000e+00   0.0000e+00   0.0000e+00
1230.0  11.982029   1.6198e-05   1.6198e-05   1.6198e-05   1.6198e-05   0.0000e+00   0.0000e+00   0.0000e+00   0.0000e+00   0.0000e+00   0.0000e+00
1240.0  11.987861   1.6243e-05   1.6243e-05   1.6243e-05   1.6243e-05   0.0000e+00   0.0000e+00   0.0000e+00   0.0000e+00   0.0000e+00   0.0000e+00
1250.0  11.993713   1.6289e-05   1.6289e-05   1.6289e-05   1.6289e-05   0.0000e+00   0.0000e+00   0.0000e+00   0.0000e+00   0.0000e+00   0.0000e+00
1260.0  11.999584   1.6335e-05   1.6336e-05   1.6336e-05   1.6336e-05   0.0000e+00   0.0000e+00   0.0000e+00   0.0000e+00   0.0000e+00   0.0000e+00
1270.0  12.005474   1.6382e-05   1.6382e-05   1.6382e-05   1.6382e-05   0.0000e+00   0.0000e+00   0.0000e+00   0.0000e+00   0.0000e+00   0.0000e+00
1280.0  12.011384   1.6429e-05   1.6429e-05   1.6429e-05   1.6429e-05   0.0000e+00   0.0000e+00   0.0000e+00   0.0000e+00   0.0000e+00   0.0000e+00
1290.0  12.017314   1.6476e-05   1.6476e-05   1.6476e-05   1.6476e-05   0.0000e+00   0.0000e+00   0.0000e+00   0.0000e+00   0.0000e+00   0.0000e+00
1300.0  12.023264   1.6524e-05   1.6524e-05   1.6524e-05   1.6524e-05   0.0000e+00   0.0000e+00   0.0000e+00   0.0000e+00   0.0000e+00   0.0000e+00
1310.0  12.029234   1.6572e-05   1.6572e-05   1.6572e-05   1.6572e-05   0.0000e+00   0.0000e+00   0.0000e+00   0.0000e+00   0.0000e+00   0.0000e+00
1320.0  12.035225   1.6620e-05   1.6620e-05   1.6620e-05   1.6620e-05   0.0000e+00   0.0000e+00   0.0000e+00   0.0000e+00   0.0000e+00   0.0000e+00
1330.0  12.041236   1.6669e-05   1.6669e-05   1.6669e-05   1.6669e-05   0.0000e+00   0.0000e+00   0.0000e+00   0.0000e+00   0.0000e+00   0.0000e+00
1340.0  12.047267   1.6718e-05   1.6718e-05   1.6718e-05   1.6718e-05   0.0000e+00   0.0000e+00   0.0000e+00   0.0000e+00   0.0000e+00   0.0000e+00
1350.0  12.053320   1.6767e-05   1.6767e-05   1.6767e-05   1.6767e-05   0.0000e+00   0.0000e+00   0.0000e+00   0.0000e+00   0.0000e+00   0.0000e+00
1360.0  12.059394   1.6817e-05   1.6817e-05   1.6817e-05   1.6817e-05   0.0000e+00   0.0000e+00   0.0000e+00   0.0000e+00   0.0000e+00   0.0000e+00
1370.0  12.065488   1.6867e-05   1.6868e-05   1.6868e-05   1.6868e-05   0.0000e+00   0.0000e+00   0.0000e+00   0.0000e+00   0.0000e+00   0.0000e+00
1380.0  12.071605   1.6918e-05   1.6918e-05   1.6918e-05   1.6918e-05   0.0000e+00   0.0000e+00   0.0000e+00   0.0000e+00   0.0000e+00   0.0000e+00
1390.0  12.077742   1.6969e-05   1.6969e-05   1.6969e-05   1.6969e-05   0.0000e+00   0.0000e+00   0.0000e+00   0.0000e+00   0.0000e+00   0.0000e+00
1400.0  12.083902   1.7021e-05   1.7021e-05   1.7021e-05   1.7021e-05   0.0000e+00   0.0000e+00   0.0000e+00   0.0000e+00   0.0000e+00   0.0000e+00
1410.0  12.090083   1.7073e-05   1.7073e-05   1.7073e-05   1.7073e-05   0.0000e+00   0.0000e+00   0.0000e+00   0.0000e+00   0.0000e+00   0.0000e+00
1420.0  12.096286   1.7125e-05   1.7125e-05   1.7125e-05   1.7125e-05   0.0000e+00   0.0000e+00   0.0000e+00   0.0000e+00   0.0000e+00   0.0000e+00
1430.0  12.102512   1.7178e-05   1.7178e-05   1.7178e-05   1.7178e-05   0.0000e+00   0.0000e+00   0.0000e+00   0.0000e+00   0.0000e+00   0.0000e+00
1440.0  12.108760   1.7231e-05   1.7231e-05   1.7231e-05   1.7231e-05   0.0000e+00   0.0000e+00   0.0000e+00   0.0000e+00   0.0000e+00   0.0000e+00
1450.0  12.115031   1.7285e-05   1.7285e-05   1.7285e-05   1.7285e-05   0.0000e+00   0.0000e+00   0.0000e+00   0.0000e+00   0.0000e+00   0.0000e+00
1460.0  12.121325   1.7339e-05   1.7339e-05   1.7339e-05   1.7339e-05   0.0000e+00   0.0000e+00   0.0000e+00   0.0000e+00   0.0000e+00   0.0000e+00
1470.0  12.127641   1.7394e-05   1.7394e-05   1.7394e-05   1.7394e-05   0.0000e+00   0.0000e+00   0.0000e+00   0.0000e+00   0.0000e+00   0.0000e+00
1480.0  12.133981   1.7449e-05   1.7449e-05   1.7449e-05   1.7449e-05   0.0000e+00   0.0000e+00   0.0000e+00   0.0000e+00   0.0000e+00   0.0000e+00
1490.0  12.140345   1.7504e-05   1.7504e-05   1.7504e-05   1.7504e-05   0.0000e+00   0.0000e+00   0.0000e+00   0.0000e+00   0.0000e+00   0.0000e+00
1500.0  12.146732   1.7560e-05   1.7560e-05   1.7560e-05   1.7560e-05   0.0000e+00   0.0000e+00   0.0000e+00   0.0000e+00   0.0000e+00   0.0000e+00
1510.0  12.153143   1.7617e-05   1.7617e-05   1.7617e-05   1.7617e-05   0.0000e+00   0.0000e+00   0.0000e+00   0.0000e+00   0.0000e+00   0.0000e+00
1520.0  12.159578   1.7674e-05   1.7674e-05   1.7674e-05   1.7674e-05   0.0000e+00   0.0000e+00   0.0000e+00   0.0000e+00   0.0000e+00   0.0000e+00
1530.0  12.166038   1.7732e-05   1.7732e-05   1.7732e-05   1.7732e-05   0.0000e+00   0.0000e+00   0.0000e+00   0.0000e+00   0.0000e+00   0.0000e+00
1540.0  12.172522   1.7790e-05   1.7790e-05   1.7790e-05   1.7790e-05   0.0000e+00   0.0000e+00   0.0000e+00   0.0000e+00   0.0000e+00   0.0000e+00
1550.0  12.179031   1.7849e-05   1.7848e-05   1.7848e-05   1.7848e-05   0.0000e+00   0.0000e+00   0.0000e+00   0.0000e+00   0.0000e+00   0.0000e+00
1560.0  12.185564   1.7908e-05   1.7908e-05   1.7908e-05   1.7908e-05   0.0000e+00   0.0000e+00   0.0000e+00   0.0000e+00   0.0000e+00   0.0000e+00
1570.0  12.192124   1.7967e-05   1.7967e-05   1.7967e-05   1.7967e-05   0.0000e+00   0.0000e+00   0.0000e+00   0.0000e+00   0.0000e+00   0.0000e+00
1580.0  12.198708   1.8028e-05   1.8028e-05   1.8028e-05   1.8028e-05   0.0000e+00   0.0000e+00   0.0000e+00   0.0000e+00   0.0000e+00   0.0000e+00
1590.0  12.205319   1.8089e-05   1.8089e-05   1.8089e-05   1.8089e-05   0.0000e+00   0.0000e+00   0.0000e+00   0.0000e+00   0.0000e+00   0.0000e+00
1600.0  12.211955   1.8150e-05   1.8150e-05   1.8150e-05   1.8150e-05   0.0000e+00   0.0000e+00   0.0000e+00   0.0000e+00   0.0000e+00   0.0000e+00
