#Found quasiharmonic mode : None
#T(K), volume, F(eV), S(J/K), H(J/K), a(-6/K), Cp(J/mol), Cv, Cpion, Bt(GPa), T_ph-D(K), T-D(K), F_el_atom, S_el_atom, C_el_atom, M_el, Seebeck_coefficients(10**-6 V/K), Lorenz_number(WOK^{-2}), Q_el, Q_p, Q_e, C_mu, W_p, W_e, Y_p, Y_e
0.0 11.445796017276967 -5.6613861552571185 0.0 -546240.723449553 0.0 0.0 0.0 0.0 176.25588690721295 400.0 400.0 0.0 0.0 0.0 0.0 0.0 2.443004551768e-08 0.0 0.0 0.0 0.0 0.0 0.0 0.0 0.0 0.0 0
10.0 11.44579694798859 -5.661387269889574 0.02240292754980596 -546240.6069659601 3.833845962291691e-09 0.029587468383761382 0.02958746677662682 0.010456844787718 176.25582274592696 570.7090659732012 400.0 -9.912279195255747e-07 0.019128072121054614 0.019130623596043384 -2.1089067865003746e-06 -0.4274177811124138 2.4433604942224924e-08 0.0006992833246383883 0.00034932033894416193 0.000349912747269211 0.019130652207812276 0.0003489239757480808 0.0003503593488903075 0.0004847054500302867 0.0004847054501218343 857.6725281834907 1.8583030536520102
20.0 11.445804127311927 -5.661391922993264 0.07034129706491063 -546239.8731255493 4.59579732714487e-08 0.1519411514354145 0.151940689550576 0.11353326206155312 176.25532763396524 515.4713109984644 400.0 -3.965876888219831e-06 0.038286174183418654 0.0384078893738614 -9.258420507476643e-06 -1.065480471714716 2.4517622945637674e-08 0.0013991158388984286 0.0006981940547931739 0.0007008715457897013 0.03840902267723539 0.000696351952496263 0.0007027638864021652 0.0009696885574757767 0.0009696885575631737 428.8363537535828 1.475367588954737
30.0 11.445845307901633 -5.661406347841487 0.20609199996122135 -546236.4889777632 2.3484556787634905e-07 0.6437572513903571 0.6437391603921367 0.585678090755158 176.2524877209264 447.36834990139647 400.0 -8.931629468907357e-06 0.057564002189471115 0.0580791606351991 -2.463734180601614e-05 -2.058567623212224 2.4680155305584476e-08 0.002101764420430558 0.0010471229728920477 0.0010545912097230522 0.05808776540388481 0.0010421621739583136 0.0010596022464722439 0.0014561277424155158 0.001456127742487708 285.8912453686973 1.4614773536280459
40.0 11.445996598035851 -5.661446899725556 0.5302640609721538 -546225.3738373257 6.962279080831275e-07 1.771234470729223 1.7710224787559525 1.6930639941409749 176.24205416925926 415.9291833308982 400.0 -1.5904284066854063e-05 0.07701532683373982 0.07817047658824819 -5.110814839357339e-05 -3.2568613388314342 2.485287304392942e-08 0.0028091682501301595 0.0013966200353950045 0.0014124979779981256 0.07820169147954315 0.0013862854331395421 0.0014228828169906172 0.0019451219671362547 0.0019451219671946063 214.41937874343012 1.4988830621762674
50.0 11.446352187457723 -5.661537837515637 1.096457440036035 -546200.5356906411 1.408646198718177e-06 3.4334360648742237 3.4323514301969453 3.3348092648530594 176.21752998266166 405.28175800062616 400.0 -2.490301702230948e-05 0.09665256568593199 0.09862680002116467 -9.004147437399782e-05 -4.534634483597056 2.50095677834989e-08 0.003522089187012968 0.0017469211562939602 0.001775117795655258 0.09870491799352646 0.0017286803838350293 0.001793408803177939 0.0024372021859379784 0.0024372021860030037 171.53727932408273 1.539786738462497
60.0 11.446980851165167 -5.661703739232161 1.89107946863757 -546157.9008767427 2.267921036099298e-06 5.368006030946867 5.364632896076501 5.248620948626973 176.17416795326818 402.32433486231895 400.0 -3.5947481344448e-05 0.11647081703873391 0.11938508231989316 -0.00014185377693475584 -5.822093749338148 2.5143804854239587e-08 0.004240632707308793 0.0020980899136091276 0.0021424925608610496 0.11954224989393157 0.0020693270608596894 0.002171305646449104 0.002932540190916033 0.0029325401909423058 142.95034974372732 1.5753144632926757
70.0 11.447915591319878 -5.661964906361087 2.8679393077251487 -546095.8086904935 3.1772710707597004e-06 7.355557150687861 7.34783550901494 7.2151762344337 176.10968353826425 402.1623375518521 400.0 -4.905659338759188e-05 0.13645812646912606 0.14038091625416194 -0.0002064332669478682 -7.07968298090584 2.5254272012066232e-08 0.004964606271978849 0.002450109480797344 0.002514446561069706 0.14065508629954065 0.0024082318080457595 0.00255637446393309 0.003431121363124797 0.0034311213631443584 122.53220628157007 1.605662134866274
80.0 11.449161512456216 -5.662336256182584 3.9755316409025645 -546014.3517216218 4.071281225894653e-06 9.261132158080356 9.24664809322982 9.099585276682657 176.02371184481433 402.98365103943223 400.0 -6.424794541200534e-05 0.1565988224622979 0.161546881397698 -0.00028335657398875785 -8.282996768670603 2.5340632210684613e-08 0.005693675682902569 0.002802927573502333 0.0028906978824637386 0.16197940574107686 0.002745428270073996 0.0029482474128285736 0.003932829768143256 0.003932829768151764 107.21956992164696 1.6316174691472782
90.0 11.450706390418903 -5.662827843459074 5.1687627866720645 -545914.6365637317 4.912863161822756e-06 11.016438418667269 10.992722194719619 10.83362360074988 175.9170795835949 404.0812106992598 400.0 -8.153745069386287e-05 0.17687492122082263 0.18281481791738985 -0.0003720028990750518 -9.41624787754159 2.5403034409277043e-08 0.00642743051901085 0.0031564754586315036 0.0032709048370033926 0.18344797527146373 0.003080973402125409 0.003346457116885441 0.004437488662996528 0.004437488663004421 95.31057085919412 1.653960516540581
100.0 11.452528896032728 -5.663445842125345 6.412014171459748 -545798.251603951 5.684559935600371e-06 12.595634900050717 12.560374621742898 12.391515176251378 175.7912393934792 405.17553542767484 400.0 -0.00010093912693451473 0.19726717174339725 0.2041197237993411 -0.0004716245412379736 -10.469433815591133 2.5442228339906146e-08 0.007165416159481689 0.003510676151973173 0.0036546897880009675 0.20499445003286612 0.0034149415044742674 0.0037504746550074226 0.004944882841112549 0.004944882841120551 85.78406444891962 1.6733268218971646
110.0 11.454603973911539 -5.664193507651694 7.6786670790714675 -545666.9383990236 6.381036667259867e-06 13.99707537301381 13.948233577856039 13.771672597289472 175.64789997281324 406.1623913126522 400.0 -0.00012246499410457188 0.21775596088977284 0.22540277572433975 -0.0005813966407434527 -11.436795031508856 2.545954483054013e-08 0.00790715437280227 0.003865448820371308 0.004041655337008762 0.22655677062928012 0.003747418621911582 0.004159735750890689 0.005454773615944576 0.0054547736159537 77.99022290274388 1.6902180260162787
120.0 11.456906033289915 -5.665071974460233 8.949526907103179 -545522.4077106473 7.003823431544428e-06 15.231546182962614 15.167401330768342 14.9849331312327 175.48880718764306 407.0111865735913 400.0 -0.00014612506570102919 0.23832203937937743 0.24661305172991613 -0.0007004538654254677 -12.315713655715896 2.5456761121579954e-08 0.008652159221887957 0.004220711956671682 0.004431397053995398 0.2480793269882455 0.0040784983161875 0.004573660905700457 0.005966910072102408 0.005966910072111281 71.4958265821185 1.705031281426295
130.0 11.459410681087654 -5.6660808721538825 10.211135508366453 -545366.247152459 7.5579699811357766e-06 16.31526756293117 16.234408259144946 16.04755917890352 175.3156250171516 407.7218746395706 400.0 -0.00017192741068039526 0.2589470624695234 0.26770838402765024 -0.0008279171097617903 -13.10583400883609 2.543595356052069e-08 0.009399949966297253 0.004576386094131691 0.004823513665155449 0.26951423850521766 0.00440827897351305 0.004991670992784203 0.006481037783418231 0.0064810377834308135 66.0009565059863 1.718086660908047
140.0 11.462095553022019 -5.667218785744714 11.454312286685237 -545199.8830191459 8.050037459376993e-06 17.26598260311289 17.16727706479608 16.977326871417027 175.1298786459156 408.3061618389562 400.0 -0.00019987826577316635 0.27961397725979076 0.2886557316958602 -0.0009629122425341758 -13.808365125215527 2.5399379584768227e-08 0.010150061409831154 0.004932396242604664 0.005217614964328704 0.290822100950552 0.00473686243173372 0.0054131989780974365 0.006996905556111679 0.006996905556126585 61.291388458536886 1.729646529093689
150.0 11.464940616180845 -5.668483593078356 12.67299880140778 -545024.5722747251 8.486954829358496e-06 18.100921716024637 17.983477443572394 17.79149047801396 174.932933889662 408.7792745652265 400.0 -0.00022998218299084418 0.30030729301179193 0.3094312380106773 -0.0011045827131423139 -14.425549941145901 2.5349389206104635e-08 0.010902051977474597 0.005288674066187333 0.005613327712297697 0.3119723535285491 0.005064353589636777 0.005837698387837819 0.007514270594435907 0.007514270594450933 57.210028572443704 1.739928698021599
160.0 11.467928178722875 -5.66987270948954 13.863383318720285 -544841.4101222274 8.875407781759854e-06 18.83585371572276 18.69897607325224 18.505833710056176 174.72599641489458 409.15644654782903 400.0 -0.0002622422009117311 0.3210132604917232 0.3300200056665844 -0.0012520976152262074 -14.960277747983586 2.5288355371949566e-08 0.011655509812253467 0.005645159777816841 0.006010299839050314 0.33294330237044883 0.005390860655105578 0.006264649157147891 0.008032902405107048 0.008032902405124128 53.63906011035842 1.7491154974575986
170.0 11.471042749299249 -5.671383263818688 15.023253525624432 -544651.3446899996 9.22154376276602e-06 19.48473900654646 19.327893126431942 19.134323409200558 174.51012147285806 409.45154216142913 400.0 -0.00029666003087391033 0.34171997624777406 0.35041559734590433 -0.0014046565163941826 -15.4158107474486 2.521861545765168e-08 0.012410057170498767 0.006001803715398898 0.006408203262917598 0.35372181629882476 0.005716495732872514 0.006693561437626252 0.008552585682683616 0.008552585682704299 50.48839116106718 1.7573603436343945
180.0 11.474270829501581 -5.673012224191039 16.151524672426604 -544455.1941308556 9.530858180723279e-06 20.059698984935405 19.882476794925296 19.68907969290413 174.28622814483356 409.67664045759807 400.0 -0.00033323625047464774 0.3624174223747902 0.3706192920312768 -0.0015614920555758656 -15.79559629205851 2.514242103221303e-08 0.013165353361876058 0.006358567568327406 0.006806735604084722 0.37430273437678796 0.006041375409509158 0.007123977952366901 0.009073122355548914 0.009073122355570123 47.68795301040436 1.7647927716341596
190.0 11.477600686160615 -5.674756487235701 17.24789847453279 -544253.6636609 9.808179817780884e-06 20.571138461134424 20.373231188941197 20.18049930586729 174.055114828376 409.84203753057704 400.0 -0.0003719704985147231 0.38309745077236923 0.3906391552671328 -0.0017218710372628257 -16.103140857914102 2.5061895951987393e-08 0.01392109644801161 0.0067154252370205374 0.007205621023681649 0.394688051517976 0.006365621521429174 0.007555474926582438 0.009594332928117996 0.009594332928145433 45.18243057895744 1.771522431827018
200.0 11.481022128417296 -5.676612940778533 18.312617806238237 -544047.361346459 1.0057707114425485e-05 21.02793104042601 20.809106831796228 20.61744204434077 173.81747464818133 409.95641296032824 400.0 -0.00041286166573327064 0.403753721112025 0.4104889960852406 -0.0018850945356013152 -16.341927251321152 2.497900363910667e-08 0.014677023888805337 0.007072363326248876 0.007604610376768152 0.414885961494745 0.006689361684054915 0.007987662204750423 0.010116057228002682 0.010116057228036875 42.92757373438599 1.7776423570800264
210.0 11.484526301782848 -5.678578507321548 19.34629089868374 -543836.8121596898 1.0283067489776701e-05 21.43761980647254 21.19770579587566 21.00743252369955 173.57390941606408 410.0270479617364 400.0 -0.00045590807718943907 0.4243816021931658 0.4301872827729888 -0.0020504973606059206 -16.51536152946088 2.4895524013280832e-08 0.015432912308163349 0.007429381290954535 0.008003480832247209 0.43490983484474827 0.00701272948123805 0.0084201828269253 0.010638154651721982 0.010638154651713552 40.88756253472343 1.7832316713903156
220.0 11.48810550410221 -5.680650173623821 20.34976571295947 -543622.4702027789 1.0487384043379783e-05 21.80660964075563 21.545477748348617 21.35685356190179 173.32494222927676 410.0600429269377 400.0 -0.0005011076629962388 0.4449780463719713 0.44975607885384145 -0.0022174471245070587 -16.62674009901386 2.4813039784257275e-08 0.01618857653733717 0.007786491267757966 0.008402035084697144 0.4547771973482148 0.007335864494302523 0.00885271204303465 0.01116050399354604 0.011160503993536193 39.03309106658698 1.7883578347380034
230.0 11.491753024393947 -5.682825010244002 21.324040449799085 -543404.7291897812 1.0673341516360472e-05 22.140340753074582 21.85789651582659 21.671120707910028 173.07102866015504 410.0605071798286 400.0 -0.000548458115121021 0.46554144614600335 0.46922004516455407 -0.002385343068672618 -16.679230418671636 2.4732931135623718e-08 0.01694386808156858 0.00814371763538974 0.008800100260584328 0.47450875850258145 0.007658912109986193 0.009284955971582383 0.011683002936028237 0.011683002935998102 37.33995117656481 1.7930785295925662
240.0 11.495463003518934 -5.685100183848923 22.27020006550218 -543183.9313584159 1.084324734704714e-05 22.443440038436215 22.139613875048017 21.954834500487166 172.81256592692768 410.0327386511634 400.0 -0.0005979570287445725 0.4860714809012707 0.48860553794904515 -0.0025536147562875465 -16.675860837344104 2.4656377407904188e-08 0.01769867314291864 0.008501096351959456 0.00919752660382288 0.4941275228865006 0.007982023133377491 0.009716650009541146 0.012205567273754858 0.012205567273711835 35.787970292516704 1.7974432241843283
250.0 11.499230314640801 -5.687472964328399 23.189371504844193 -542960.3750105355 1.0999086174425452e-05 22.71985045470138 22.39459085905644 22.211910635830723 172.54990146294853 409.9803536180039 400.0 -0.0006496020276013606 0.5065689604758882 0.5079398188706592 -0.0027217207025092703 -16.61951655421289 2.458436422675837e-08 0.018452910318069286 0.008858674118319943 0.009594186010211513 0.5136580028441033 0.008305353240161397 0.01014755707790789 0.012728129935891685 0.012728129935834241 34.36020418757659 1.8014944817306877
260.0 11.503050461169714 -5.689940728201535 24.08269240967577 -542734.3208771241 1.1142567453179803e-05 22.972940261417474 22.626208512706366 22.445689879589917 172.2833395407531 409.90640930233184 400.0 -0.0007033908732269168 0.5270356707779996 0.5272503818275595 -0.0028891469885017895 -16.512939673487217 2.4517694559399845e-08 0.019206528075430253 0.009216507414387438 0.0099899704682198 0.5331255395414519 0.008629062305313368 0.010577465770116886 0.013250639865001652 0.013250639864927197 33.042316046217415 1.8052690489991137
270.0 11.506919489842032 -5.692500959397396 24.951289531571046 -542505.9974873522 1.1275166419968516e-05 23.20559457685509 22.837360637069594 22.659030183288902 172.01314748973982 409.81349878216633 400.0 -0.0007593215584797441 0.5474742253420248 0.546564393566189 -0.003055405890728739 -16.35873198778881 2.4457002344858777e-08 0.019959502100956178 0.009574661451241697 0.010384790452704648 0.5525557312459519 0.008953313644444521 0.011006188456511655 0.013773060802050386 0.013773060801967758 31.822093529668773 1.8087987651966542
280.0 11.510833916774795 -5.695151248199723 25.79626413040913 -542275.6056996683 1.1398159061172912e-05 23.420291797741626 23.030531135446466 22.854383557742615 171.73956049628194 409.703829675262 400.0 -0.0008173923862115656 0.5678879255140024 0.565908239999008 -0.0032200345461825463 -16.15935956412108 2.4402767567909415e-08 0.020711832587647985 0.009933209076455951 0.01077857330908124 0.5719739623132879 0.009278273200866487 0.011433559386781502 0.014295370019563172 0.014295370019468383 30.689069338918138 1.812111316893765
290.0 11.514790664552196 -5.697889288931657 26.618682396172407 -542043.3225306716 1.1512651771834575e-05 23.619167258772354 23.207858393701787 23.033860091477425 171.4627860696733 409.579288538731 400.0 -0.0008776020339324674 0.5882806309582334 0.5853071672949259 -0.0033825936669283287 -15.91715849806877 2.4355331886331244e-08 0.021463541530041125 0.010292229664242123 0.011171261657665545 0.5914050232763188 0.009604108707099024 0.011859432822942093 0.01481755703727524 0.014817557037172736 29.63422029144369 1.8152308700602002
300.0 11.51878700865632 -5.700712876800201 27.419569473867963 -541809.3043966676 1.1619606435639403e-05 23.804066236869062 23.3711888454741 23.199281231206857 171.18300761044114 409.44149361760907 400.0 -0.0009399496056881851 0.6086566413828419 0.6047850056621996 -0.00354266631284015 -15.634341395069724 2.431491414822431e-08 0.022214670072467357 0.010651808016250389 0.011562811841136125 0.6108728110512144 0.009930989284657127 0.012283680787810228 0.015339622347806156 0.015339622347696888 28.64972659040009 1.8181785950973115
310.0 11.522820531788723 -5.703619904205426 28.1999060621204 -541573.6898642458 1.1719861600502601e-05 23.976588110524432 23.522121566865305 23.35222414676753 170.90038759253696 409.29183812868536 400.0 -0.001004434672305289 0.6290205897780754 0.6243639637569028 -0.003699856727674502 -15.313004265977867 2.42816253343312e-08 0.022965275948740416 0.011012033293325845 0.011953192432462631 0.6304000980801301 0.010259085199796514 0.012706190748943903 0.015861576173541874 0.015861576173427306 27.728777693239387 1.820973107550655
320.0 11.526889084855707 -5.706608356735441 28.96062683804248 -541336.6019902129 1.1814150353994352e-05 24.138123199390975 23.662045453815335 23.49405871698335 170.61507013113334 409.13152586651444 400.0 -0.0010710573010905091 0.6493773470237826 0.6440644824076233 -0.0038537892414329702 -14.955133610068772 2.4255482623909946e-08 0.02371543104121756 0.011372997993647344 0.012342382815828177 0.6500083597998526 0.010588564666424447 0.013126866374793112 0.016383437270637798 0.01638343727052298 26.865414585180563 1.82363083673028
330.0 11.530990753571148 -5.709676309006211 29.702620165172974 -541098.150317653 1.1903115373742026e-05 24.289883552388314 23.79217027493516 23.625978414873355 170.3271833657736 408.96160045407726 400.0 -0.0011398180763463961 0.6697319374225726 0.6639051375149568 -0.004004107240091726 -14.562613517015572 2.4236422411038542e-08 0.024465219078918528 0.01173479698836064 0.012730371849114764 0.6697176508289929 0.010919594344212859 0.01354562473470567 0.016905231791469296 0.01690523179135046 26.054400734493502 1.8261663311261482
340.0 11.535123829796914 -5.712821920459704 30.42672868957096 -540858.4325835166 1.1987321692020252e-05 24.43292874192079 23.913552668110043 23.749026158593946 170.0368413103796 408.7829701761276 400.0 -0.0012107181115633572 0.6900894645253443 0.6839025833268458 -0.004150472202357391 -14.137232660081809 2.4224312194367283e-08 0.025214733487505706 0.012097526622179194 0.01311715661328224 0.689546521467413 0.011252338762893962 0.013962394724611743 0.01742699221308148 0.017426992212963205 25.291115823869927 1.8285925207998774
350.0 11.539286786907603 -5.716043431200378 31.13375053722483 -540617.5361836841 1.2067267456253222e-05 24.56818752384593 24.027117959945265 23.864115995198425 169.7441456461092 408.5964273850586 400.0 -0.0012837590544360425 0.7104550465109609 0.7040715286475003 -0.00429256280226157 -13.680691082303426 2.4218961331892557e-08 0.025964075398362988 0.012461283883504306 0.0135027412513268 0.7095119673402691 0.011586959682712426 0.01437711571565056 0.017948756336285718 0.017948756336169828 24.571467702153512 1.8309209346985054
360.0 11.543478258530953 -5.719339157925215 31.82444090461903 -540375.5394336727 1.2143393049415838e-05 24.696476076659362 24.13367852972236 23.972051336858517 169.44918701336505 408.4026658726491 400.0 -0.0013589430856659973 0.7308337603340089 0.7244247398008428 -0.004430074075312084 -13.194606699645954 2.4220130698360854e-08 0.02671335181942387 0.012826165646127534 0.013887135897406274 0.7296294061867011 0.011923615513110861 0.014789736306313007 0.01847056635748899 0.018470566357374596 23.891819013130604 1.8331618817993727
370.0 11.547697020182703 -5.722707489984495 32.49951389218018 -540132.512656659 1.2216088865911279e-05 24.81851340877358 24.233949309846558 24.073540343480303 169.15204645340825 408.20229481463144 400.0 -0.001436272912379094 0.7512305938561658 0.7449730652932752 -0.004562716645477866 -12.680521463148121 2.4227541311334993e-08 0.027462673967038435 0.013192267982806427 0.01427035569513119 0.7499126768431039 0.012262460790494882 0.015200213176543548 0.01899246801367595 0.018992468013564422 23.248925724314372 1.8353246127940934
380.0 11.55194197333833 -5.72614688559696 33.15964447242278 -539888.5191252057 1.2285701870208332e-05 24.934934402617216 24.32856090837669 24.169208924546137 168.85279635650707 407.99585059135455 400.0 -0.0015157517568658455 0.771650405199453 0.7657254780710802 -0.0046902160096900705 -12.139907136848514 2.4240882007273764e-08 0.02821215575538459 0.013559685549520398 0.014652419902719845 0.7703740563665016 0.012603645714569872 0.015608510040814712 0.019514509799474763 0.019514509799369223 22.63988536331702 1.8374174454178798
390.0 11.556212131586978 -5.729655868233528 33.805470515723016 -539643.615878687 1.235254124632471e-05 25.046300902065553 24.41807075231583 24.259611770015553 168.5515013904034 407.78380674581786 400.0 -0.001597383341490878 0.7920978886048495 0.7866891320499968 -0.004812311876166493 -11.574170661357421 2.4259816254711408e-08 0.028961912438044635 0.013928511038200897 0.015033351081844481 0.7910242919881715 0.012947315741805167 0.016014596696239464 0.02003674225427522 0.020036742254176898 22.062093219194583 1.8394478807418084
400.0 11.560506608571727 -5.733233023176623 34.4375948194118 -539397.8544347835 1.2416883192623932e-05 25.153111158340348 24.502972579396936 24.34524172812074 168.2482194623413 407.56658240125023 400.0 -0.0016811718703079132 0.8125775461322851 0.807869430219607 -0.0049287575526099 -10.984659084406994 2.4283988191010926e-08 0.029712059394993943 0.014298834695004441 0.01541317436634676 0.8118726451895142 0.013293611233908017 0.01641844816108592 0.02055921731667503 0.020559217316582685 21.513205114708835 1.841422698936049
410.0 11.564824607441896 -5.736876994257009 35.05658710249137 -539151.2814104534 1.2478975043642272e-05 25.255807904598175 24.583704548211916 24.426537802488955 167.94300227219742 407.3445494017662 400.0 -0.0017671220080430383 0.8330936645919343 0.8292701021092188 -0.0050393193801582525 -10.372664049878422 2.4313027964438182e-08 0.030462711057265373 0.014670743900685027 0.015791916806529544 0.8329269456647181 0.013642667158716678 0.016820043898548694 0.021081987743019562 0.021081987742938124 20.991105627474926 1.843348040178117
420.0 11.569165411619348 -5.740586480766573 35.662985940611726 -538903.9390652878 1.2539038794355054e-05 25.354785278634356 24.660656189314892 24.503891989861195 167.63589607906528 407.1180383891094 400.0 -0.0018552388567611977 0.8536502971541757 0.8508932887731595 -0.005143776208968987 -9.739425845977479 2.43465564562219e-08 0.031213979961088014 0.015044322809381432 0.016169606784508198 0.8541936533038629 0.01399461284067508 0.017219367120412932 0.02160510658660124 0.02160510658652322 20.493880851728917 1.8452294747947768
430.0 11.57352837667489 -5.744360234542954 36.25730062475137 -538655.865778155 1.2597274161833259e-05 25.450394778667025 24.734174381331258 24.57765514493639 167.3269421219165 406.8873439920121 400.0 -0.0019455279309438485 0.8742512491354342 0.872739633730635 -0.0052419189111272 -9.086137021028064 2.4384189449251693e-08 0.03196597592294134 0.015419652041914412 0.016546273495967354 0.8756779266117279 0.014349571757873701 0.017616404165067642 0.022128626733795963 0.022128626733731407 20.019794961425927 1.8470720649543972
440.0 11.577912923190258 -5.748197057220338 36.840012933688165 -538407.0964662882 1.2653861211896374e-05 25.54295040054627 24.80456850455888 24.64814202204412 167.01617724113655 406.6527292701646 400.0 -0.0020379951311779725 0.8949000675084525 0.8948083785021527 -0.005333549927042812 -8.413945582284825 2.4425541301755798e-08 0.032718805327032904 0.015796808429783572 0.016921946493641628 0.8973836961935303 0.014707661382633281 0.018011143944399625 0.022652600493609797 0.022652600493557645 19.567269969840606 1.8488804183115388
450.0 11.582318530437883 -5.752095797639454 37.41157881482829 -538157.6629546264 1.2708962624161151e-05 25.632733080799426 24.87211489866146 24.715635619262798 166.7036342053352 406.4144295336247 400.0 -0.002132646716920931 0.9156000337245543 0.9170974615366286 -0.005418482841152838 -7.723957798583522 2.4470228176569957e-08 0.03347257051665828 0.01617586480593609 0.017296655287906713 0.9193137421023518 0.01506899306256717 0.018403577454091106 0.023177079236830257 0.02317707923678516 19.13486818834309 1.8506587309663398
460.0 11.586744730800872 -5.756055349409392 37.972429971522146 -537907.5943019676 1.2762725685742091e-05 25.719994556098545 24.937060729851517 24.780390936655873 166.38934212727085 406.1726556334346 400.0 -0.002229489278544295 0.9363541594787889 0.9396036194426747 -0.005496541983386507 -7.017240632293253 2.4517870869494914e-08 0.03422736928129835 0.016556889838641408 0.017670429000001837 0.9414697739750995 0.015433671939181373 0.018793697342116982 0.023702113081351034 0.023702113081317665 18.721276973563892 1.8524108304396056
470.0 11.591191104812607 -5.760074648613447 38.52297535717521 -537656.9170895885 1.2815283991515387e-05 25.80496071805103 24.99962735548154 24.84263822852085 166.0733268059627 405.92759680629314 400.0 -0.002328529709170222 0.9571651850787336 0.9623224895301757 -0.005567562052918925 -6.294823829214217 2.4568097274233716e-08 0.0349832944314533 0.016939947904849074 0.018043296063505798 0.9638525129885157 0.015801796901106092 0.019181497530347216 0.024227750620189496 0.024227750620162566 18.325295422059718 1.854140208002396
480.0 11.595657276751142 -5.7641526716511 39.06360257822002 -537405.6556770961 1.2866758963620096e-05 25.887834545334126 25.060013259586174 24.902585832590788 165.75561100992113 405.67942313978074 400.0 -0.0024297751763236787 0.9780355801108103 0.9852487127433415 -0.005631387760909291 -5.557701697499003 2.462054451607955e-08 0.03574043345369163 0.01732509899959381 0.01841528396998081 0.9864617747529265 0.01617346056920061 0.019566972884491014 0.02475403868887634 0.024754038688861255 17.94582272843569 1.8558500522122128
490.0 11.600142910711353 -5.768288433208309 39.594679209035775 -537153.8324296307 1.2917261140780636e-05 25.96879866484103 25.118396621035906 24.96042262869962 165.43621475080434 405.42828771498716 400.0 -0.002533233093680739 0.9989675461225566 1.0083760361414118 -0.005687873489515519 -4.806834607894667 2.467486078249911e-08 0.03649886823869367 0.017712398678220026 0.018786419054791493 1.009296552345294 0.01654874931086161 0.019950118927832067 0.025281022169137513 0.025281022169120832 17.58184796924805 1.857543273032193
500.0 11.604647707092596 -5.772480984348588 40.11655402261578 -536901.4679199501 1.2966891347891512e-05 26.04801760382867 25.174937566130996 25.016320189684315 165.11515555307943 405.17432847386874 400.0 -0.0026389110932834277 1.0199630210631425 1.0316974141443576 -0.005736882964377273 -4.043150248128247 2.4730706875210227e-08 0.0372586748755004 0.018101898028301457 0.01915672631943382 1.0323550987510297 0.016927743280988443 0.02033093159451196 0.0258087438257803 0.02580874382575548 17.232441113046836 1.8592225292390432
510.0 11.609171399464746 -5.776729410717435 40.62955814124672 -536648.5811084078 1.3015741700951557e-05 26.125639767435587 25.229780149325236 25.070434659602906 164.79244858958742 404.9176698500435 400.0 -0.002746816998090244 1.0410236852467656 1.0552051078326778 -0.005778288938443446 -3.2675446639572443 2.4787757505818895e-08 0.03801992350562262 0.018493643668405568 0.019526229286879953 1.0556350080598256 0.017310516487192267 0.020709407018430347 0.02633724417404122 0.026337244174087344 16.89674508824656 1.860890248298149
520.0 11.613713751746932 -5.781032830853168 41.134006111558264 -536395.1895034814 1.3063896488127018e-05 26.201799182287438 25.283054098988288 25.12290840063239 164.46810696851674 404.65842419773105 400.0 -0.002856958795274352 1.0621509686194843 1.0788907816550477 -0.005811972885607146 -2.480883118414382 2.4845702355044306e-08 0.03878267823095073 0.018887677771040796 0.019894949886540628 1.0791332948269186 0.017697136876914148 0.021085541354036584 0.026866561374859495 0.02686656137490167 16.573968766393357 1.8625486454171407
530.0 11.618274555680872 -5.785390394597438 41.63019690848521 -536141.3093050945 1.3111432975903996e-05 26.276617040093043 25.33487635949045 25.17387144312663 164.14214181646136 404.3966930457038 400.0 -0.002969344610264159 1.083346059130918 1.1027455969664104 -0.005837824701125668 -1.684000799421756 2.4904246913888856e-08 0.03954699706996596 0.0192840381069878 0.02026290836614507 1.10284647107911 0.018087666444257935 0.02145933062570802 0.027396731155038198 0.02739673115507897 16.263380739918546 1.8641997427292356
540.0 11.622853628554482 -5.789801281599164 42.11841487253931 -535886.9555327258 1.3158422089529354e-05 26.350203060680688 25.38535245619057 25.223442758785808 163.81456250583182 404.1325682008596 400.0 -0.0030839826816774552 1.1046099120254074 1.1267603018948824 -0.005855742409322874 -0.8777034039782419 2.496311312416094e-08 0.04031293195696623 0.01968275810898724 0.020630123227279078 1.1267706205174768 0.018482161354438906 0.021830770602527323 0.027927786750670446 0.02792778675071511 15.964303791369126 1.8658453835223485
550.0 11.627450811148265 -5.7942646999058285 42.59893058470649 -535632.1421400175 1.3204929041076768e-05 26.422656703799007 25.43457770597767 25.271731386696157 163.4853767179838 403.8661327215455 400.0 -0.0032008813372038413 1.1259432598832984 1.150925317102851 -0.0058656318760876795 -0.06276762502386933 2.5022039834674816e-08 0.0410805287794883 0.020083866952277128 0.020996611182269687 1.150901469530596 0.018880672083838326 0.02219985669564996 0.028459758871046955 0.028459758871096738 15.676109966096488 1.8674872470223973
560.0 11.632065965884271 -5.798779884636664 43.07200168312893 -535376.8821173917 1.3251013873398238e-05 26.494068244900387 25.482638292730886 25.3188374278166 163.1545906535746 403.59746177755875 400.0 -0.0033200489705019205 1.1473466232573204 1.1752308170837886 -0.005867406525835328 0.7600584353119983 2.5080783088861507e-08 0.041849827449432 0.020487389650007126 0.02136238712989513 1.1752344547016165 0.019283243573773246 0.022566583875658748 0.02899267568118468 0.028992675681242298 15.398216172962021 1.8691268614611134
570.0 11.636698975148885 -5.8033460967324055 43.537873625497966 -535121.187583998 1.3296731963393503e-05 26.564519734724264 25.529612224294457 25.36485292801966 162.82220908003816 403.32662341206213 400.0 -0.003441494019277303 1.1688203217611937 1.1996668067046046 -0.005860987062264437 1.5900549048604207 2.5139116258901356e-08 0.04262086200369229 0.020893347161569948 0.021727464147685366 1.1997647865529073 0.019689915396165384 0.0229309466075269 0.029526562800999336 0.02952656280105049 15.13008024820278 1.8707656169756035
580.0 11.641349739781122 -5.807962621776723 43.99678040092565 -534865.0698701362 1.334213444503772e-05 26.634085851348203 25.575570185248026 25.409862658571832 162.48823547120995 403.0536792172313 400.0 -0.0035652249443890974 1.1903644854819426 1.2242231927763692 -0.005846301192327787 2.4265298142750322 2.5196830041024482e-08 0.04339366073048215 0.021301756512025916 0.02209185349882045 1.2244875093362513 0.020100721929408132 0.02329293880107402 0.030061443319262603 0.03006144331932441 14.87119742655499 1.8724047747191916
590.0 11.646018177690058 -5.8126287688846965 44.448945194747154 -534608.5395912059 1.3387268603560883e-05 26.70283466259984 25.62057629778286 25.453944812101028 162.15267206387455 402.7786849357999 400.0 -0.0036912502102009206 1.2119790665966264 1.2488898504988115 -0.00582328335345812 3.2688187874618024 2.525373232612867e-08 0.04416824631771613 0.021712630920970314 0.022455564651646644 1.2493975567299052 0.02051569254278833 0.0236525537749278 0.030597337820722117 0.03059733782078568 14.621097171301288 1.874045476647561
600.0 11.650704222613825 -5.81734386965417 44.89458100963089 -534351.60671405 1.3432178253217004e-05 26.770828312007424 25.664688801349993 25.497171627317464 161.81551999685144 402.5016909960306 400.0 -0.0038195782661204387 1.2336638510899707 1.27365668468996 -0.005791874443501163 4.116284735814231 2.530964795935219e-08 0.044944636020277 0.022125979939232363 0.022818605310244114 1.2744898033603136 0.020934851787960146 0.02400978423231685 0.031134264424683193 0.031134264424752752 14.379340321372267 1.8756887588934814
610.0 11.655407822986293 -5.822107277175891 45.3338912460062 -534094.280616521 1.3476904019782091e-05 26.838123622693352 25.707960660331008 25.53960993692473 161.47677933360308 402.22274298942654 400.0 -0.0039502175292446175 1.2554184704761338 1.2985136857686255 -0.005752021553787532 4.96831754489718 2.536441840179651e-08 0.04572284184307853 0.02254180959201391 0.023180981454350894 1.2997591121132448 0.021358219596007266 0.024364622247071265 0.031672238833703445 0.03167223883377346 14.145516519105305 1.8773355547992996
620.0 11.660128940902819 -5.826918365098636 45.767070244682415 -533836.5701409663 1.3521483650654805e-05 26.904772647386032 25.750440107792393 25.581321666876285 161.13644914349325 401.9418820980742 400.0 -0.00408317636829429 1.2772424134401854 1.3234509805097496 -0.005703677705150792 5.82433374435858 2.54179013069851e-08 0.046502870737175094 0.02296012252706969 0.023542697387292318 1.325200377242396 0.021785811478737597 0.0247170592584375 0.03221127439091082 0.03221127439098166 13.919241886970008 1.878986706327822
630.0 11.664867551188804 -5.831776526746112 46.19430379436727 -533578.4836422673 1.356595226300686e-05 26.970823156449388 25.792171132372832 25.622364278805094 160.79452760585667 401.6591454765476 400.0 -0.0042184630886890374 1.299135037326355 1.3484588776442978 -0.005646801587296075 6.683776153874713 2.546997002411427e-08 0.04728472480644955 0.023380918166761893 0.023903755790614198 1.350808563326629 0.02221763873296595 0.025067086073483597 0.03275138214479874 0.0327513821448701 13.70015692559875 1.8806429704491647
640.0 11.669623640539655 -5.836681174282041 46.6157696064888 -533320.0290310015 1.3610342571608659e-05 27.03631907500718 25.833193914471252 25.662791166595003 160.45101197882687 401.3745665952251 400.0 -0.004356085918762232 1.321095579405524 1.373527908412176 -0.005581357301650325 7.546113499795878 2.5520513039498454e-08 0.04806840152249407 0.02380419286279312 0.02426415778423078 1.376578740156002 0.022653708646569817 0.025414692875924266 0.033292570920222656 0.033292570920295965 13.48792460890485 1.8823050241036248
650.0 11.674397206747342 -5.84163173792071 47.03163775968848 -533061.213812215 1.3654685116421293e-05 27.101300880479943 25.873545217171692 25.702652018260615 160.10589880300626 401.0881755479345 400.0 -0.004496052997131706 1.343123167868298 1.3986488622193292 -0.005507314108088074 8.410839998778405 2.5569433366968704e-08 0.048853893945688766 0.02422994005263696 0.024623902991072717 1.4025061136624037 0.02309402470525871 0.02575986924043006 0.03383484739461385 0.03383484739468673 13.282228655069344 1.8839734744907868
660.0 11.67918825799035 -5.84662766518005 47.44207111606315 -532802.0451202757 1.3699008439392425e-05 27.165805951746588 25.913258736686863 25.74199313417143 159.75918375139972 400.79999932896294 400.0 -0.004638372361215523 1.365216832493945 1.423812817575155 -0.005424646175810464 9.277474906154714 2.5616647897260023e-08 0.04964119095052373 0.024658150416681054 0.024982989605266046 1.4285860530294043 0.023538586799020322 0.026102604151503405 0.03437821617835995 0.03437821617843399 13.082771954734843 1.8856488604918487
670.0 11.683996812187855 -5.851668420174581 47.84722571114893 -532542.5297501904 1.3743339270345638e-05 27.229868889494824 25.95236541655787 25.78085772097679 159.41086183427714 400.510062082472 400.0 -0.004783051936743483 1.3873755149560303 1.449011168518036 -0.005333332338801331 10.145562028087149 2.566208671576645e-08 0.05043027745349176 0.025088812035252227 0.02534141446299976 1.4548141141424882 0.023987391427327732 0.026442886026164045 0.03492267989849724 0.03492267989857221 12.889275139982157 1.8873316615673812
680.0 11.688822896412049 -5.856753482945914 48.24725111947213 -532282.6741857622 1.3787702679060114e-05 27.29352179928549 25.9908937293632 25.81928615253245 159.06092737791386 400.21838532728594 400.0 -0.004930099528373868 1.4095980787316833 1.4742356467530437 -0.005233355856168344 11.014669197593198 2.5705692397247904e-08 0.051221134642020424 0.025521910544735682 0.025699173115338668 1.4811860595527202 0.02444043190225761 0.026780702739762827 0.03546823928486893 0.0354682392849453 12.70147527959509 1.8890223011575769
690.0 11.693666546348227 -5.86188234882836 48.64229079734055 -532022.484624905 1.3832122210496965e-05 27.356794545089624 26.028869929273135 25.857316205346358 158.70937403397582 399.92498816014387 400.0 -0.005079522811280487 1.43188331858773 1.4994783397432658 -0.005124704177768829 11.884387715484255 2.574741928537577e-08 0.05201374020305653 0.025957429292093024 0.026056259902289894 1.5076978751410997 0.02489769854874281 0.02711604165431373 0.03601489325800939 0.036014893258082346 12.519124687797818 1.8907211497481815
700.0 11.698527805803396 -5.867054527847643 49.03248240445763 -531761.9670024094 1.38766200357997e-05 27.41971498260734 26.066318278426017 25.894983277598833 158.356194852171 399.6298874393031 400.0 -0.005231329323644559 1.4542299696240835 1.5247317050085083 -0.005007368715420974 12.754331757986751 2.578723276426331e-08 0.052808068550111546 0.026395349487157348 0.02641266802755311 1.5343457836806913 0.02535917890127345 0.027448889648838095 0.036562639018074966 0.03656263901814923 12.34198983511783 1.892428532283651
710.0 11.703406726263587 -5.8722695441507895 49.41795810582333 -531501.1270104154 1.3921217063634068e-05 27.482309163477808 26.10326124978238 25.932320582585994 158.00138230236826 399.333097950419 400.0 -0.005385526460138401 1.4766367158604203 1.5499885808918112 -0.004881344620125697 13.62413775342379 2.582510852839179e-08 0.053604091047718856 0.026835650352186883 0.026768389633424212 1.5611262554988121 0.025824857896437414 0.02777923315128145 0.0371114721342723 0.03711147213434815 12.169850351305762 1.8941447308239867
720.0 11.70830336648295 -5.877526935465151 49.79884485522222 -531239.9701168409 1.3965933049087292e-05 27.544601520154583 26.139719708831084 25.969359326098388 157.64492833750936 399.03463255720914 400.0 -0.0055421214661744555 1.4991021983548793 1.5752421940561945 -0.004746630565476274 14.493463730805319 2.586103185664875e-08 0.05440177623230506 0.02727830926814262 0.027123415875388978 1.5880360164428167 0.026294718060726054 0.028107058171579012 0.037661386634155 0.03766138663423079 12.002498111356305 1.895869988510139
730.0 11.713217792115225 -5.8828262525850405 50.175264661587754 -530978.5015819636 1.4010786695642642e-05 27.606615030643226 26.17571307628151 26.006128866665204 157.28682427382756 398.73450233772195 400.0 -0.005701121433058962 1.521625022851481 1.600486163978022 -0.004603228537618607 15.361988643516646 2.589499689551191e-08 0.055201090028722775 0.027723301917316857 0.02747773699602732 1.6150720533570269 0.026768739693150374 0.028432350335572402 0.03821237509238446 0.03821237509245935 11.839736396665183 1.897604511412656
740.0 11.718150075373007 -5.888167058884197 50.54733483935904 -530716.7264733596 1.4055795752053953e-05 27.668371369742076 26.21125947365168 26.04265686504506 156.9270609979944 398.43271670834395 400.0 -0.00586253329378378 1.5442037669537418 1.6257145046970172 -0.004451143631972054 16.229411671522914 2.5927005955749175e-08 0.05600199596169086 0.028170602421923943 0.027831342397862766 1.642231617272632 0.02724690104222913 0.028755094919461738 0.03876442871848669 0.03876442871856208 11.681379124209817 1.8993484745182934
750.0 11.723100294723908 -5.893548929852745 50.91516824393678 -530454.6496793602 1.4100977088146609e-05 27.72989103974386 26.246375853475662 26.078969415661902 156.56562889602813 398.1292835359883 400.0 -0.006026363819635029 1.5668369868284846 1.650921624081956 -0.004290383856934445 17.095451505660495 2.595706882639726e-08 0.05680445536160078 0.028620183478376346 0.028184220714892783 1.6695122245127283 0.027729178477016017 0.02907527688458476 0.039317537443274674 0.03931753744335065 11.52725013740782 1.9011020223442179
760.0 11.728068534605189 -5.898971452657031 51.27887349317953 -530192.2759211961 1.4146346778721486e-05 27.791193490867624 26.281078115676085 26.115091170006185 156.20251784620442 397.8242122918919 400.0 -0.006192619617408461 1.5895232234434455 1.6761023208614385 -0.004120959944706803 17.959845617646163 2.5985202109215094e-08 0.05760842756411346 0.02907201648695283 0.028536359882517424 1.6969116559067354 0.028215546651836093 0.029392880912277368 0.03987169000355257 0.039871690003631395 11.377182552966437 1.9028652721434398
770.0 11.733054885176681 -5.9044342257213 51.63855517593035 -529929.6097639484 1.4191920186886183e-05 27.85229723148543 26.31538121150014 26.151045451823645 155.83771730407685 397.51750178064896 400.0 -0.0063613071272316515 1.6122610083497009 1.7012517796617814 -0.00394288516943333 18.82234951939868 2.6011428576200453e-08 0.058413870103240804 0.029526071676712295 0.028887747205707016 1.7244279543033214 0.02870597866453059 0.0297078914387102 0.04042687402491363 0.04042687402499382 11.231018158639186 1.9046383187967009
780.0 11.738059442088876 -5.909936858329721 51.99431404836097 -529666.655626451 1.4237712012181764e-05 27.913219919778545 26.3492992362762 26.18685435549383 155.47121626755018 397.2091590180148 400.0 -0.006532432621007789 1.6350488690169043 1.726365564284719 -0.003756175172684276 19.682736015246487 2.6035776552360432e-08 0.059220738897479884 0.02998231822543434 0.029238369425195896 1.752059420564131 0.029200446207973494 0.03002029268950639 0.04098307610230679 0.04098307610238778 11.08860685731381 1.90642123409973
790.0 11.743082306274253 -5.915478970247743 52.34624721895842 -529403.4177902519 1.4283736350508309e-05 27.973978449116498 26.382845512126632 26.222538839672364 155.1030032784872 396.89918660685794 400.0 -0.006706002201308227 1.6578853337350254 1.7514396094441327 -0.0035608477964082347 20.540794450421952 2.605827932535667e-08 0.06002898842879194 0.03044072437449875 0.029588212781581767 1.7798046082099457 0.02969891971473184 0.03033006871406009 0.04154028187822509 0.04154028187830851 10.949806153328698 1.9082140686246165
800.0 11.748123583758238 -5.9210601913615974 52.69444832288443 -529139.900407727 1.4330006779137134e-05 28.034589032220136 26.416032661664527 26.258118821047358 154.73306652986375 396.5875860277669 400.0 -0.006882021800783974 1.680768936096531 1.7764702111727775 -0.0033569229233595278 21.396329959138466 2.6078974583309457e-08 0.06083857191422517 0.030901257538613284 0.02993726307722084 1.8076623168857209 0.030201368494760128 0.03063720341946504 0.04209847611834118 0.04209847611842621 10.814480677321715 1.9100168587008135
810.0 11.753183385499003 -5.926680161335307 53.03900768642771 -528876.1075094459 1.4376536376415145e-05 28.09506726144042 26.44887267360267 26.293613245343778 154.3613937409648 396.27435770242494 400.0 -0.007060497182001962 1.7036982190758745 1.8014540160966417 -0.0031444223249986704 22.24916271533867 2.609790388161955e-08 0.061649441470107084 0.03136388441036386 0.03028550573586998 1.8356315848008133 0.03070776086605552 0.030941680604051565 0.042657642784490545 0.042657642784578564 10.682501746284197 1.9118296222379767
820.0 11.758261827222904 -5.932338529283476 53.380012482083664 -528612.04301088 1.4423337772219104e-05 28.155428171410744 26.48137696110504 26.329040161654053 153.98797224969712 395.9595010526516 400.0 -0.007241433937659199 1.7266717387183936 1.8263880097566916 -0.0029233695168340563 23.099127188977974 2.6115112139343857e-08 0.06246154826857115 0.031828571059498226 0.03063292585992966 1.863711680285883 0.031218063213676227 0.03124348505489493 0.043217765104801895 0.0432177651048936 10.553746955804904 1.9136523617339478
830.0 11.763359029299401 -5.938034953459928 53.717546874999115 -528347.7107185007 1.4470423230517127e-05 28.215686302481807 26.513556413648775 26.36441679832532 153.61278899090013 395.6430145527628 400.0 -0.007424837491127813 1.7496880674620932 1.8512695041564884 -0.0026937896211916973 23.946071410541652 2.6130647165362706e-08 0.0632748426866195 0.032295283027064754 0.03097950828536795 1.8919020926103634 0.03173224133579862 0.031542601350820876 0.043778825641060726 0.04377882564113522 10.428099801802036 1.9154850704784017
840.0 11.768475116619976 -5.943769100960737 54.05169216122327 -528083.114335363 1.4517804643315279e-05 28.275855739631822 26.545421443070893 26.39975961494364 153.23583056062353 395.32489577803545 400.0 -0.007610713097392129 1.7727457971050882 1.8760961246881842 -0.0024557092371585293 24.789856246198738 2.614455921429299e-08 0.06408927444755863 0.03276398541432462 0.03132523763424396 1.9202025221813086 0.03225026158281097 0.031839012864747655 0.0443408063530747 0.044340806353149846 10.305449329275593 1.9173277283634753
850.0 11.773610218487832 -5.949540647440932 54.38252689830458 -527818.2574662192 1.4565493601616273e-05 28.335950163038763 26.57698202442179 26.43508436645256 152.85708313786137 395.0051414488778 400.0 -0.0077990658441683975 1.7958435414385552 1.9008657965862028 -0.0022091563179582408 25.63035468579916 2.615690057190801e-08 0.06490479275491919 0.03323464296659774 0.0316700983647818 1.948612870244704 0.03277208988494377 0.03213270286997542 0.0449036886601922 0.04490368866026593 10.185689805856851 1.9191803064357649
860.0 11.778764468528912 -5.955349276844406 54.71012702874773 -527553.1436222114 1.4613501393937327e-05 28.395982878871546 26.60824773218374 26.470406147829646 152.4765325268577 394.6837474707178 400.0 -0.007989900653286466 1.8189799385642789 1.9255767310419032 -0.001954160055174667 26.46745114568129 2.6167725169581943e-08 0.06572134641898567 0.033707220152039453 0.03201407481912363 1.9771332281974996 0.033297691861958044 0.032423654557027615 0.045467453499806076 0.04546745349987001 10.068720418139565 1.9210427636198721
870.0 11.783938004610746 -5.961194681146175 55.03456599673713 -527287.7762252049 1.4661839191604093e-05 28.455966891587007 26.63922777235615 26.505739480487208 152.09416414894326 394.3607089704077 400.0 -0.008183222282350277 1.8421536529138745 1.9502274110997997 -0.001690750769982799 27.301040788005313 2.617708822713568e-08 0.06653888397600428 0.034181681235484325 0.03235715126869354 2.005763866608789 0.033827032926788216 0.03271185104921607 0.046032081382938815 0.046032081382988366 9.95444498895607 1.9229150676075097
880.0 11.789130968767171 -5.967076560106148 55.35591485853883 -527022.1586117947 1.4710517427952811e-05 28.51591477456887 26.669931010862218 26.54109819712285 151.7099631087392 394.03602032975857 400.0 -0.008379035326436714 1.865363376987567 1.9748165774460202 -0.0014189598111385554 28.13102885811303 2.618504592332662e-08 0.06735735380020078 0.03465799034744352 0.032699311957218286 2.034505224041773 0.03436007838326823 0.032997275416932564 0.04659755244689001 0.046597552446922666 9.842771713931686 1.9247971111422657
890.0 11.794343507149845 -5.97299462103445 55.674242387038056 -526756.2940370186 1.4759548374278135e-05 28.57583933587267 26.700365998690685 26.57649612168277 151.32391407509112 393.7096752149828 400.0 -0.008577344220076248 1.8886078328336484 1.999343214189897 -0.0011388194595585756 28.957330041217073 2.6191655093076596e-08 0.0681767042088896 0.035136111548433456 0.03304054114150761 2.0633578957612273 0.034896793543991236 0.03327991066489839 0.04716384650505886 0.04716384650506351 9.733612915806866 1.9266890446492486
900.0 11.799575769968632 -5.9789485785668 55.989615170654915 -526490.1856778301 1.4808936594803698e-05 28.635751603078283 26.73054099413374 26.61194506835607 150.93603222647664 393.38166660461536 400.0 -0.008778153239292036 1.9118857732806196 2.0238065347222114 -0.0008503628392258196 29.779867839443934 2.619697295047431e-08 0.06899688356065402 0.03561600888865756 0.03338082312995264 2.092322622396022 0.03543714387557774 0.03355973968507628 0.04773094309382595 0.047730943093797606 9.626884815134877 1.9285904227056114
910.0 11.80482791145919 -5.9849381544502895 56.302097707100884 -526223.8366363343 1.4858714673446227e-05 28.69568165844645 26.760463982463367 26.64747569071129 150.5472654123766 393.0519868138144 400.0 -0.008981466503698163 1.9351959829452878 2.048205967735159 -0.000553623834361453 30.598573970162775 2.620105683650519e-08 0.06981784034701238 0.036097646463316 0.03372014231888272 2.1214002786310138 0.035981094778735304 0.033836745568277087 0.04829882151674757 0.04829882151667105 9.522507316105619 1.9305164305902514
920.0 11.810100071959976 -5.990963076906732 56.611752434411635 -525957.2499543446 1.4908658674904062e-05 28.755665314903588 26.79014268891071 26.683124174568295 150.16408941969456 392.7206286497717 400.0 -0.00918728796489188 1.9585372762219986 2.0725411403352925 -0.000248636995443634 31.413387753808586 2.6203963988245455e-08 0.0706395231766549 0.03658098841138672 0.03405848317802073 2.1505918585830104 0.03652861177083936 0.034110911405815535 0.04886746081352135 0.04886746081338414 9.420403801580617 1.9325203082114966
930.0 11.815392056403988 -5.9970230725055576 56.918638775733974 -525690.428820569 1.4956670110792399e-05 28.8153881519027 26.819584514115625 26.718576344650042 149.80402522544006 392.387605815612 400.0 -0.009395621153981527 1.9819084468642658 2.0968118072526556 6.456283015103051e-05 32.224254940137776 2.6205751287863813e-08 0.07146187902339166 0.037065998011975576 0.03439582940208275 2.1798984021274963 0.03707965969537864 0.03438221932801301 0.049436838484740335 0.04943683848452136 9.320500861532853 1.9345569346586886
940.0 11.820702619708559 -6.00294244961282 57.227588063715835 -525401.9631682464 1.4999644674584527e-05 28.874258874302008 26.848801457382386 26.753241165519793 149.48465640461112 392.0483458615382 400.0 -0.009606468632675239 2.0053081608905723 2.121017708782213 0.00038594121597264883 33.031125861087745 2.6206474868956094e-08 0.07228484948874088 0.03755263575544212 0.03473216210224306 2.20932084236452 0.037634200934639685 0.034650648554101195 0.05000692778524023 0.050006927784920455 9.22272793673554 1.9364569365143716
950.0 11.826029968382105 -6.00883106933209 57.535650665356506 -525105.1932453929 1.5038598808841131e-05 28.932458395609608 26.877796615383378 26.787299725203326 149.2002678900409 391.70592536984833 400.0 -0.009819832732479985 2.0287351057722423 2.1451586704062824 0.000715463979636253 33.83395746374098 2.6206189327626118e-08 0.07310837647921468 0.0380408624865549 0.03506746234026021 2.2388601238818686 0.038192198528709094 0.03491617795050556 0.05057770173294085 0.05057770173338685 9.12701729816865 1.9382851516498674
960.0 11.831373347185249 -6.014753166106395 57.841122025885156 -524807.9797067473 1.5076755888919527e-05 28.990582340091397 26.906574747042853 26.821347481057174 148.93051346731906 391.36210846959915 400.0 -0.010035716682813832 2.052188209988319 2.169234859034225 0.001053095732603198 34.63271490827657 2.62049481116422e-08 0.07393241004779924 0.03853064339413658 0.035401714980306635 2.2685174832954127 0.03875361987875673 0.03517879016904248 0.05114913877151062 0.051149138771776445 9.033304303632583 1.9401973622928677
970.0 11.836732719842432 -6.020708490458111 58.144055187209496 -524510.3247679616 1.5115092899947899e-05 29.04873517774788 26.93514250976257 26.855488474085746 148.66292210046922 391.0168961343437 400.0 -0.010254124198317657 2.0756665541307475 2.193246703662138 0.0013988001617534335 35.42736962413418 2.620280377985432e-08 0.0747569051007529 0.03902194620792993 0.035734907198903446 2.2982943635213076 0.039318435020169844 0.03543847008058305 0.05172122043486686 0.05172122043493293 8.941527157844835 1.9421577863400532
980.0 11.84210817740518 -6.02669679593 58.44450219631233 -524212.2297894599 1.5153639263308687e-05 29.106891127425865 26.963506403095888 26.889696346789215 148.39447464323138 390.6702809534017 400.0 -0.010475059023839217 2.0991692775399398 2.2171947806366505 0.0017525406332940601 36.21789780257468 2.6199807832089338e-08 0.07558181809227103 0.039514739492247875 0.036067026885937825 2.328192291897309 0.039886615053498074 0.035695203038772966 0.05229392896947467 0.05229392896953403 8.85162661950894 1.9441303436632487
990.0 11.847499813305253 -6.032717841454532 58.742513609057674 -523913.6960460229 1.519239440188186e-05 29.16505380359926 26.991672745513483 26.923974023056783 148.12491291018708 390.32225521376586 400.0 -0.010698524838890895 2.1226955581116513 2.2410797805424783 0.0021142803475117044 37.00427974728967 2.6196010601126394e-08 0.07640710635467374 0.04000899229912185 0.036398062321702805 2.358212846491929 0.04045813183641702 0.035948974518256745 0.05286724684629357 0.052867246846354604 8.763545841470178 1.9461109396358083
1000.0 11.852907722972752 -6.038771391212872 59.038138547155555 -523614.72473077296 1.5231364841428053e-05 29.223232182346855 27.019647681623077 26.958329684324788 147.85422929029423 389.97281092972923 400.0 -0.010924525262018385 2.146244611905236 2.264902498022066 0.002483982376233505 37.78649949361468 2.619146117712728e-08 0.0772327281372786 0.040504674189619935 0.03672800219445196 2.3883576473574624 0.04103295802042677 0.03619977011685183 0.053441156782385854 0.05344115678244276 8.677230250914286 1.9480996712350624
1010.0 11.858332003803794 -6.044857214492805 59.33142475384599 -523315.31695693196 1.5270555092786885e-05 29.281434548352795 27.047437188800888 26.99277072618631 147.5824161651109 389.621939849079 400.0 -0.011153063855460147 2.1698156927324077 2.2886638221664866 0.0028616096955714782 38.56454445052223 2.6186207344816833e-08 0.07805864264335682 0.04100175525389262 0.03705683561730971 2.418628348233636 0.04161106708525466 0.036447575558102144 0.054015641762530146 0.05401564176258916 8.592627436767692 1.950096389927103
1020.0 11.863772755143208 -6.05097508555198 59.622418646967 -523015.4737594219 1.530997012023095e-05 29.339669195220043 27.075047083241376 27.027304467803333 147.3094657010353 389.26963345814755 400.0 -0.011384144129780026 2.193408091679868 2.312364727416707 0.003247125215374845 39.338405064088064 2.6180295532347738e-08 0.07888481006340033 0.04150020612885602 0.037384552143855394 2.449026628639999 0.04219243337015007 0.03669237669325026 0.05459068505913168 0.054590685059188536 8.509687043724833 1.9521010144302013
1030.0 11.869230078261223 -6.05712478348654 59.91116536946447 -522715.1960964335 1.534961465833426e-05 29.3979442359045 27.102483025500202 27.061937970935915 147.03536999542786 388.91588298689453 400.0 -0.011617769548379606 2.2170211365712467 2.3360062649685838 0.003640491805613005 40.108074501719194 2.6173770770862626e-08 0.0797111916047927 0.04199999801359633 0.037711141782389546 2.479554186355434 0.04277703210218371 0.036934159502609 0.05516627025043585 0.05516627025049063 8.428360672447255 1.9541134440761976
1040.0 11.874704076332202 -6.063306092104879 60.197708837522406 -522414.4848509353 1.538949344427091e-05 29.456267672332523 27.129750525607445 27.096678117650665 146.76012096777032 388.5606794134189 400.0 -0.011853943532110054 2.24065419137868 2.3595895546818566 0.004041672319726557 40.873548356494744 2.6166676663862216e-08 0.08053774951815826 0.04250110268270911 0.03803659500894387 2.5102127302914474 0.04336483942175618 0.03717291009640208 0.055742381237244336 0.055742381237296246 8.348601785520907 1.9561335860464957
1050.0 11.880194854433041 -6.06951879980584 60.48209178652617 -522113.3408319978 1.5429611154853668e-05 29.514647381816495 27.15685494782012 27.13153160432463 146.48371043928375 388.2040134671067 400.0 -0.012092669463728525 2.2643066555946425 2.3831157774918683 0.0044506296152326446 41.63482437096752 2.6159055365530958e-08 0.08136444712069536 0.04300349249774553 0.03836090277916822 2.541003973764929 0.04395583240553379 0.03740861471516159 0.05631900225825415 0.05631900225830518 8.270365618791907 1.9581613474213895
1060.0 11.88570251952003 -6.075762699461934 60.76435581479877 -521811.76477620576 1.5469972410487653e-05 29.57309112076525 27.183801515057944 27.1665049524591 146.2061300952641 387.84587563272237 400.0 -0.012333950692347748 2.287977963564315 2.4065861683061502 0.00486732657174689 42.39190217959058 2.6150947567171124e-08 0.08219124881644713 0.04350714041678187 0.03868405653903174 2.5719296281579584 0.04454998908684178 0.03764125972960534 0.056896117903951896 0.05689611790399676 8.193609097716049 1.9601966342847446
1070.0 11.89122718042858 -6.0820375883066164 61.044541425426914 -521509.757348881 1.5510581833359635e-05 29.631606546649007 27.210595313083275 27.201604537263187 145.92737154234075 387.48625615274216 400.0 -0.012577790537795428 2.31166758379263 2.430002009385823 0.0052917261066484705 43.144783069160816 2.614239249099605e-08 0.08301812011396507 0.04401202000236843 0.03900604823453797 2.6029913969727967 0.04514732380418584 0.03787079630977924 0.05747371312930687 0.05747371312935024 8.118290758404227 1.962239359010996
1080.0 11.896768947871383 -6.088343267825829 61.3226880661777 -521207.31914526934 1.5551443989974493e-05 29.69020120096673 27.237241294461676 27.23683657677093 145.64742615763018 387.1251450297238 400.0 -0.012824192295014079 2.3353750182283517 2.453364624195801 0.00572379118847094 43.89346975647793 2.6133427890549474e-08 0.08384502764141408 0.04451810542793447 0.039326870320424374 2.634190970272379 0.045747992511225355 0.038097035130188736 0.058051773265289194 0.05805177326533267 8.044370673053855 1.9642894301313
1090.0 11.902327934424035 -6.094679543653738 61.59883416755946 -520904.4506917612 1.5592563443816078e-05 29.74888253112447 27.263744282335633 27.272207159417185 145.36628525251066 386.7625320291099 400.0 -0.013073159238230445 2.3590998015283904 2.4766753717072834 0.006163484848309565 44.63796618243995 2.6124090057055718e-08 0.08467193915921334 0.045025371482699604 0.039646515767892264 2.665530019496262 0.04635200788768672 0.03831993127152661 0.058630284029185784 0.05863028402922846 7.971810379482176 1.9663467604203797
1100.0 11.907904254542158 -6.1010462254719355 61.87301717932236 -520601.15244687756 1.5633944761166964e-05 29.807657894784967 27.290108974055617 27.30772225363605 145.08394003040573 386.398406679755 400.0 -0.013324694625306747 2.3828415003156445 2.4999356411489155 0.0066107701893181 45.37827732197346 2.6114413831085525e-08 0.08549882357066535 0.045533793575373606 0.03996497807153593 2.697010192657149 0.046959345341707294 0.03853947822895805 0.05920923153401643 0.05920923153405804 7.900572814510178 1.968411266314908
1110.0 11.913498024550947 -6.107443126912714 62.145273605224176 -520297.42480238574 1.5675592467684652e-05 29.866534546460755 27.316339944678774 27.343387699282598 144.8003814520485 386.03275827614783 400.0 -0.01357880170183489 2.4065997124244674 2.523146847178157 0.007065610394487691 46.11440900888645 2.6104432618913226e-08 0.08632565093036522 0.04604334773655292 0.040282251255355374 2.7286331098942886 0.047569975181409666 0.03875567574895559 0.059788602296853996 0.05978860229689193 7.8306222509413255 1.9704828599007393
1120.0 11.919109362651543 -6.113870065465639 62.41563903634665 -519993.26808427006 1.571751112535755e-05 29.92551967006415 27.342441650369775 27.379209244597885 144.51560052471578 385.66557587926286 400.0 -0.013835483705230684 2.43037406614585 2.546310425466268 0.007527968732859543 46.84636777505042 2.6094178413022737e-08 0.08715239245081922 0.046554010620060864 0.040598329878034606 2.7604003593856654 0.04818388303788325 0.03896850941293599 0.0603683832463025 0.06036838324634193 7.761924237920079 1.9725614618538054
1130.0 11.924738388937746 -6.120326862387415 62.68414818301412 -519688.6825536014 1.5759705295462298e-05 29.9846203639607 27.368418431721256 27.415192535281427 144.22958795553168 385.29684831662547 400.0 -0.01409474386885694 2.454164219475378 2.569427828679279 0.00799780856425075 47.57416070318765 2.608368181624286e-08 0.08797902050738941 0.04706575950333082 0.040913209037503256 2.792313493608039 0.04880105501726407 0.039177965490125345 0.06094856172920302 0.06094856172923945 7.694445544459441 1.974646991404167
1140.0 11.930385225394003 -6.126813342615266 62.950834905258986 -519383.66840748605 1.5802179538375427e-05 30.04384364800911 27.39427451700187 27.451343125177747 143.9423344029534 384.9265641833132 400.0 -0.014356585425958992 2.4779698593615738 2.592500522831359 0.008475093342754519 48.29779529246412 2.607297206902493e-08 0.08880550864150351 0.04757857228678964 0.04122688437476302 2.824374025926497 0.049421477679007224 0.03938403096249627 0.06152912551643971 0.06152912551647864 7.628154105936732 1.9767393691122006
1150.0 11.936049995912484 -6.13332933468315 63.21573224207593 -519078.2257798551 1.584493845356567e-05 30.103196478051398 27.42001402535499 27.48766649404985 143.65383038082635 384.55471184161144 400.0 -0.014621011613643022 2.5017907009653673 2.6155299840015465 0.008959786618962367 49.01727933633163 2.606207707942559e-08 0.08963183156252531 0.048092427492512205 0.04153935207710337 2.8565834275126547 0.05004513802626994 0.039586693536255345 0.062110062808157736 0.06211006280819018 7.563018973384907 1.9788385199721388
1160.0 11.941732826306463 -6.1398746706410785 63.478872439429 -518772.3547422425 1.588798664788318e-05 30.16268573724525 27.445640969951278 27.524168041855063 143.36406620394345 384.18127942092815 400.0 -0.014888025676790416 2.525626486928431 2.6385176953901923 0.009451852041240714 49.73262081187126 2.6051023455374488e-08 0.09045796514823937 0.048607304262092005 0.04185060888071581 2.888943124572975 0.05067202367160823 0.039785941476631136 0.06269136223824692 0.06269136223828324 7.499010265405974 1.9809443681018728
1170.0 11.947433844320738 -6.1464491859773345 63.740286977078554 -518466.05530454486 1.593132876514274e-05 30.222318251999155 27.471159261105868 27.560853107299586 143.07303215288064 383.8062548172905 400.0 -0.015157630871863576 2.549476986654 2.661465144699567 0.009951253355916453 50.443827779999424 2.603983653885994e-08 0.09128388644410632 0.04912318235388524 0.0421606520727051 2.921454495877796 0.051302126915539856 0.03998175952856645 0.06327301287827151 0.06327301287830557 7.436099122549741 1.9830568421507948
1180.0 11.953153179654608 -6.153052719543285 64.00000659435491 -518159.3274156643 1.5974969478990647e-05 30.282100789257044 27.496572709364976 27.597726967437744 142.78071829713627 383.429625692379 400.0 -0.015429830470773245 2.573341995602619 2.6843738218192996 0.010457954407094482 51.150908295950074 2.6028540441664743e-08 0.09210957366141918 0.04964004213957753 0.042469479492678736 2.9541188705779944 0.05193543849959612 0.04017413516182307 0.06385500424067055 0.06385500424100422 7.3742576640148725 1.9851758714247691
1190.0 11.958890963973992 -6.159685113481026 64.25806131483897 -517852.17096417834 1.6018913504457613e-05 30.342040064688902 27.52188502857687 27.634794847879018 142.48711456101617 383.0513794729701 400.0 -0.01570462776455936 2.5972213346098942 2.707245216809883 0.010971919133995265 51.85387032936572 2.6017158082398132e-08 0.09293500617461505 0.05015786460071361 0.04277708953352907 2.986937526307883 0.0525719477916095 0.04036305838300553 0.0644373262822376 0.06443732628260655 7.3134589465308615 1.9873013876972383
1200.0 11.964647330939428 -6.1663462131533935 64.51448047010119 -517544.5857788881 1.606316559934861e-05 30.40214274690638 27.547099838921916 27.672061928768837 142.19221075730604 382.67150334887884 400.0 -0.0159820260671765 2.6211148492113665 2.730080818137546 0.011493111570872327 52.55272169346109 2.6005711224391057e-08 0.09376016451734068 0.050676631323888034 0.0430834811423082 3.0199116875319607 0.053211644490565764 0.040548520026774906 0.06501996940565255 0.06501996940605353 7.253676925299095 1.9894333253353722
1210.0 11.970422416219144 -6.173035867076557 64.76929272244125 -517236.57162939984 1.610773055377127e-05 30.462415455291502 27.57222066994602 27.70953334410438 141.89599651314995 382.28998427239355 400.0 -0.016262028719146514 2.645022409001546 2.752882111187121 0.01202149584236253 53.24746998263846 2.5994220514393935e-08 0.09458503037815219 0.05119632449668393 0.04338865381998884 3.05304252416886 0.053854518439222974 0.040730511938929216 0.06560292446245765 0.06560292446208472 7.194886416867719 1.9915716184692258
1220.0 11.976216357517618 -6.179753926854883 65.0225260867683 -516928.1282266103 1.6152613233460262e-05 30.522864780375713 27.59725096353683 27.747214203402716 141.5984613643788 381.90680895589094 400.0 -0.016544639091153376 2.6689439069897527 2.775650576972991 0.012557036164354054 53.9381225180618 2.598270552156699e-08 0.09540958659473804 0.051716926901559664 0.04369260762180069 3.0863311504142064 0.05450055995246835 0.04090902664226967 0.06618618275282354 0.06618618275249549 7.137063063835405 1.9937162071851036
1230.0 11.98202929460368 -6.186500247118077 65.27420795166263 -516619.2552231047 1.6197818540885928e-05 30.58349727064267 27.6221940769444 27.785109579508266 141.2995946311377 381.5219638699733 400.0 -0.016829860587772253 2.6928792590197124 2.7983876911344043 0.013099696835125768 54.62468630068202 2.5971184776948446e-08 0.09623381714882634 0.052238421912251864 0.0439953431557347 3.1197786238597014 0.05514975970698924 0.0410840574418371 0.06676973602949303 0.06676973602921013 7.0801833012767625 1.9958670304846011
1240.0 11.98786136932955 -6.193274685460542 65.52436509953883 -516309.9522136209 1.6243351445968197e-05 30.64431944878161 27.647053285715558 27.823224525712266 140.99938552340268 381.1354352415518 400.0 -0.01711769665094726 2.716828403168786 2.8210949230693436 0.013649442235221751 55.30716797109495 2.595967581271807e-08 0.0970577071591624 0.052760793487218544 0.04429686158207754 3.153385944757149 0.05580210867819313 0.04125559848096927 0.06735357649698233 0.06735357649674412 7.024224324790558 1.9980240310910846
1250.0 11.99371272566842 -6.200077102382795 65.77302372613553 -516000.21873534186 1.6289216979472512e-05 30.705337811645258 27.6718317866426 27.861564076352973 140.69782309778242 380.74720905097956 400.0 -0.017408150763601877 2.7407912991944925 2.8437737352922805 0.014206236822514645 55.985573775925836 2.5948195201449903e-08 0.09788124287476094 0.0532840261643414 0.04459716461196152 3.1871540555251805 0.056457598118957064 0.04142364475580386 0.06793769681280556 0.06793769681261513 6.9691640600851885 2.0001871535646814
1260.0 11.99958350973515 -6.206907361234977 66.02020945918466 -515690.054268257 1.633542024037122e-05 30.76655883511286 27.696532700675963 27.900133252158973 140.39489621121052 380.35727103001585 400.0 -0.01770122645314524 2.764767927997076 2.866425582953889 0.01477004512795481 56.65990954011396 2.593675859503528e-08 0.09870441166748177 0.05380810505517035 0.04489625450569568 3.2210838404351945 0.05711621935750512 0.041588192309976665 0.06852209008794652 0.06852209008779951 6.914981134009202 2.0023563440900816
1270.0 12.00547386982736 -6.213765328162248 66.26594737646701 -515379.4582353622 1.6381966400103386e-05 30.82798898075199 27.721159075815965 27.938937067228153 140.0905936077018 379.9656066583967 400.0 -0.017996927295046563 2.78875829110993 2.889051913523836 0.015340831751217743 57.3301806448213 2.592538076318176e-08 0.09952720202436914 0.05433301583915158 0.04519413407087714 3.2551761254841463 0.05777796401918746 0.041749238005181676 0.06910674988720336 0.06910674988710201 6.86165484695433 2.00453155178009
1280.0 12.01138395644907 -6.220650872052145 66.51026202311711 -515068.430002929 1.642886070043504e-05 30.88963469601708 27.74571388996909 27.977980529404633 139.78490381847647 379.57220116149796 400.0 -0.018295256916245575 2.8127624102106434 2.911654166612445 0.01591856135620151 57.99639201038971 2.5914075631339247e-08 0.1003496035395628 0.05485874475775465 0.045490806660175055 3.2894316784301907 0.05844282411818881 0.04190677942137399 0.06969167022929251 0.06969167022923477 6.809165146548811 2.006712726543353
1290.0 12.017313922354077 -6.227563864483717 66.75317742837619 -514756.9688806168 1.6476108474656533e-05 30.951502427741662 27.77020005377753 28.017268653813957 139.47781526206714 379.1770395062766 400.0 -0.018596218998759597 2.836780326660069 2.9342337739277067 0.016503198666529724 58.658548084112894 2.5902856317971818e-08 0.10117160690607932 0.05538527860865267 0.045786276168931765 3.3238512089933288 0.05911079384234217 0.042060813063737136 0.07027684558687566 0.0702768455868624 6.757492602577957 2.008899822664238
1300.0 12.02326392257687 -6.234504179678451 66.99471712167718 -514445.07412162324 1.6523715122967998e-05 31.013598613308545 27.79462041340851 28.05680645396289 139.1693161269321 378.78010639849623 400.0 -0.018899817283066347 2.860812101063018 2.9567921593456603 0.017094708461014498 59.31665283230865 2.5891735171056186e-08 0.10199320390729966 0.055912604739882917 0.04608054703248974 3.358435369199111 0.05978192591669906 0.04221127799060061 0.07086227088641366 0.07086227088643866 6.706618383059904 2.011092793670115
1310.0 12.029234114471086 -6.241471694452918 67.23490414818063 -514132.7449227524 1.6571686146067417e-05 31.075929700029572 27.818977753306488 28.096598960942465 138.85939451540327 378.3813862788278 400.0 -0.019206055571648274 2.884857812854343 2.9793307390871058 0.017693055569196106 59.97070973642629 2.5880723803740415e-08 0.10281438740833758 0.05644071104407631 0.04637362422333046 3.3931847538622377 0.06045624993400604 0.04235813747433154 0.07144794150793617 0.07144794150798793 6.6565242314184925 2.0132915980652735
1320.0 12.035224657752162 -6.248466288173052 67.47376108377225 -513819.98042442126 1.6620027130547974e-05 31.13850213907321 27.843274798903547 28.13665121708553 138.54803828281 377.98086331889493 400.0 -0.019514937732473873 2.9089175599097565 3.001850921987683 0.018298204866947516 60.62072179283536 2.586983312908725e-08 0.10363515134731661 0.05696958595278565 0.04666551324802337 3.428099901198894 0.06113376316328713 0.04250138818402952 0.0720338532847576 0.0720338532848156 6.607192444694498 2.015496194790271
1330.0 12.04123571453437 -6.255487842710037 67.71131004950304 -513506.77971066127 1.6668743759171412e-05 31.201322394197543 27.86751421928163 28.17696828435056 138.23523510685854 377.5785214174165 400.0 -0.01982646770246144 2.9329914581787064 3.024354109846987 0.01891012127222692 61.2666915159379 2.5859073393837462e-08 0.10445549072651307 0.057499218430877776 0.0469562201439764 3.4631812935544586 0.06181446961599746 0.04264102111051561 0.07262000250308115 0.07262000250313713 6.558605852738771 2.0177065450299763
1340.0 12.047267449377559 -6.262536242397778 67.94757272556538 -513193.14180902886 1.671784181555221e-05 31.264396948267578 27.89169862978894 28.217555250416176 137.9209725473438 377.1743441957047 400.0 -0.02014064949098161 2.9570796413427516 3.046841697851403 0.0195287697409407 61.90862094437455 2.5848454211159954e-08 0.10527540160352532 0.05802959797110207 0.04724575147603701 3.498429358244262 0.062498375673224985 0.042777025930300326 0.07320638590162769 0.07320638590169325 6.510747798338757 2.019922613217099
1350.0 12.053320029328056 -6.2696113739918164 68.18257036475671 -512879.0656905084 1.6767327184059475e-05 31.327732302473287 27.91583059460138 28.25841722741854 137.60523788465187 376.76831499350993 400.0 -0.020457487183391996 2.9811822604955376 3.069315075054745 0.02015411526294353 62.54651164996606 2.583798459232782e-08 0.10609488108238715 0.05856071458878615 0.04753411433290981 3.5338444684914196 0.06318548848049009 0.042909392601897085 0.07379300067122284 0.07379300067128747 6.463602118227208 2.0221443642224153
1360.0 12.059393623966903 -6.276713126629773 68.41632380551131 -512564.5502693419 1.681720585514525e-05 31.391334986309687 27.939912629230182 28.299559361398753 137.2880183143371 376.3604168640003 400.0 -0.020776984944511783 3.0052994838459703 3.091775624910938 0.02078612285838791 63.180364749193316 2.5827672977305767e-08 0.10691392730472023 0.05909255881667791 0.04782131632346685 3.5694269444582813 0.0638758159497007 0.04303811135501954 0.07437984445433829 0.07437984445440503 6.417153124930032 2.024371766404719
1370.0 12.065488405454964 -6.283841391793167 68.648853484474 -512249.5944028374 1.6867483935667448e-05 31.455211559275977 27.963947202969994 28.34098683342858 136.96930071926172 375.95063256924567 400.0 -0.02109914702220482 3.0294314964432147 3.114224725847398 0.02142475757415605 63.81018091690896 2.5817527264212223e-08 0.10773253944092444 0.059625121699993726 0.048107365572889915 3.6051770543602877 0.06456936678239389 0.04316317265853056 0.07496691534468884 0.07496691534475511 6.371385589408555 2.026604789063547
1380.0 12.071604548586972 -6.29099606327064 68.88017944868882 -511934.1968910897 1.6918167647235405e-05 31.519368619719863 27.98793674128832 28.3827048678463 136.64907192529958 375.5389445746342 400.0 -0.021423977750954296 3.0535784999245137 3.1366637518735625 0.022069984480643054 64.43596040210974 2.58075548376525e-08 0.10855071768147856 0.060158394791665196 0.0483922707187244 3.641095015658505 0.06526615039386208 0.0432845672876165 0.07555421188684323 0.07555421188691266 6.326284724457992 2.0288434055550106
1390.0 12.07774223083709 -6.298177037122492 69.11032136734208 -511618.3564767157 1.6969263322915173e-05 31.58381279958462 28.011883628147835 28.42471872637288 136.32731843004794 375.12533504425176 400.0 -0.021751481555412205 3.07774071228207 3.1590940732117385 0.02272176866874906 65.05770304546313 2.5797762595896292e-08 0.10936846322827047 0.06069237014776759 0.04867604090678101 3.6771809963169386 0.06596617700707313 0.043402286221197336 0.07614173307584435 0.07614173307591643 6.281836168821045 2.0310875884399358
1400.0 12.083901632415143 -6.305384211646532 69.33929854316358 -511302.0718444911 1.702077743631681e-05 31.648550784975185 28.035790208265727 28.467033728026962 136.0040266141995 374.70978583454934 400.0 -0.022081662954048852 3.101918367652343 3.181517056948225 0.023380075247204056 65.67540829847464 2.5788156976909382e-08 0.11018577828610181 0.06122704032319605 0.04895868578696433 3.713435116124894 0.06666945775115218 0.043516320534949623 0.07672947835690488 0.07672947835697665 6.238025971984162 2.0333373156395913
1410.0 12.090082936322574 -6.312617487345238 69.56712992345327 -510985.34162095614 1.707271657137858e-05 31.713589303027437 28.059658789304116 28.509655235332435 135.67918260846574 374.2922784891213 400.0 -0.022414526562838828 3.126111716124884 3.203934067695001 0.024044869340192784 66.28907524405317 2.5778743983233664e-08 0.11100266605431265 0.061762398367565044 0.049240215508998035 3.7498574480738625 0.06737600430166939 0.043626661752643264 0.0773174476251528 0.07731744762522692 6.194840579620675 2.0355925643781556
1420.0 12.096286328402513 -6.31987676689407 69.79383411072286 -510668.1643740197 1.7125087459097916e-05 31.778935141479376 28.0834916439877 28.552588673225976 135.3527723383316 373.87279423285173 400.0 -0.022750077098914724 3.150321023568882 3.2263464682534 0.0247161160852663 66.89870261826212 2.576952920571227e-08 0.11181913071850176 0.06229843782131947 0.04952064071803387 3.786448019779733 0.06808582891152755 0.043733301806974226 0.07790564122541539 0.07790564122548904 6.1522668196480055 2.0378533157676797
1430.0 12.102511997408742 -6.327161955111069 70.01942937307993 -510350.5386124157 1.7177896964555576e-05 31.844595145898158 28.10729101215529 28.595839525616356 135.02478151498332 373.4513139650859 400.0 -0.023088319384346176 3.174546571482318 3.248755620281802 0.02539378063164137 67.50428883321618 2.576051784609127e-08 0.11263517744253505 0.06283515271215812 0.049799972550237 3.823206814955208 0.06879894507862074 0.04383623236391431 0.07849405995215376 0.07849405995222643 6.1102918888730295 2.0401195526411215
1440.0 12.108760135053924 -6.3344729589275826 70.24393365418847 -510032.4627852556 1.7231152082836164e-05 31.910576220626098 28.131059102730124 28.639413335676572 134.69519563492452 373.02781825395186 400.0 -0.023429258349888335 3.1987886568540858 3.2711628849495247 0.026077828138796614 68.10583200076772 2.5751714738478945e-08 0.11345081236056231 0.0633725375516125 0.050078222628223465 3.8601337749097278 0.06951536204363401 0.04393545031692828 0.0790827050493711 0.07908270504944459 6.068903340190393 2.042391258581524
1450.0 12.115030936080792 -6.34180968736016 70.46736458301794 -509713.93528140243 1.728485998252145e-05 31.976885350129603 28.154798095623025 28.683315726543693 134.36399996408545 372.6022873290416 400.0 -0.02377289903886202 3.2230475920487325 3.293569623585913 0.026768223775442652 68.70332995705772 2.574312436971345e-08 0.11426604256938673 0.06391058733198246 0.05035540305649458 3.8972288000908577 0.07023506583340437 0.044030976735982386 0.07967157821073036 0.07967157821080378 6.028089070314334 2.044668422349957
1460.0 12.12132459832572 -6.349172051483579 70.68973948325433 -509394.9544288636 1.7339027958253342e-05 32.04352958013138 28.178510143556103 28.727552381821464 134.03117950660942 372.1747010747368 400.0 -0.024119246611027708 3.247323704705857 3.315977198309917 0.027464932718864132 69.29678028764266 2.573475089863125e-08 0.11508087612095874 0.06444929752348401 0.0506315264167824 3.9344917516482827 0.07095806806334791 0.044122808057610825 0.08026068157971157 0.08026068157978578 5.987837308013385 2.0469510312735673
1470.0 12.127641322777466 -6.356559964404925 70.9110753823981 -509075.5184941794 1.739366346955214e-05 32.11051603961285 28.20219737380777 28.772129066975157 133.6967190874816 371.74503902345185 400.0 -0.024468306346528884 3.271617337654328 3.3383869726376862 0.028167920154601046 69.88618035308764 2.572659817426515e-08 0.11589532201502806 0.0649886640716364 0.05090660576331521 3.971922453017606 0.07168439306583396 0.044210928949194095 0.08085001774984739 0.08085001774992084 5.948136602824485 2.0492390765937123
1480.0 12.133981313654806 -6.3639733412388 71.13138902066851 -508755.62568166235 1.744877414454673e-05 32.177851941866926 28.225861889886467 28.817051629795316 133.3606032338305 371.31328034753136 400.0 -0.024820083649921516 3.295928848846436 3.360800312071609 0.028877151276542067 70.47152731502962 2.5718669753009415e-08 0.11670939019214582 0.06552868339499442 0.05118065461808712 4.009520691529897 0.07241407151478928 0.04429531867735654 0.08143958976515975 0.08143958976523213 5.908975814227644 2.051532551562686
1490.0 12.14034477847186 -6.37141209908355 71.35069685958338 -508435.27413268347 1.750436777577396e-05 32.24554458875281 28.24950577312177 28.862326004094957 133.02281629483574 370.87940385207605 400.0 -0.025174584054233562 3.320258611303896 3.3832185846578553 0.029592591287366094 71.05281816244717 2.571096891475635e-08 0.1175230915267828 0.06606935238308859 0.05145368696603599 4.047286220029177 0.07314715935498813 0.044375932171794676 0.08202940112064414 0.08202940112071197 5.870344101254535 2.053831452242136
1500.0 12.146731928115253 -6.378876156998541 71.56901509033457 -508114.4619248517 1.7560452324345186e-05 32.31360137000876 28.273131084181156 28.907958208491593 132.68334227048118 370.44338796657604 400.0 -0.025531813225137093 3.344607013080911 3.4056431615171676 0.030314205399402064 71.63004973816244 2.5703498678049608e-08 0.11833643782075409 0.06661066839467879 0.0517257172502147 4.085218758504995 0.07388368125152218 0.0444527565692319 0.08261945576292311 0.08261945576298926 5.832230912514572 2.056135774812754
1510.0 12.153142976912822 -6.386365435982428 71.78635964187689 -507793.1870712191 1.7617035930107516e-05 32.38202977638581 28.296739864505575 28.953954359045746 132.34216501341473 370.0052107371789 400.0 -0.0258917769651543 3.368974457239037 3.428075417340059 0.03104195883582514 72.20321876537946 2.569626181426748e-08 0.11914944179680624 0.06715262925624295 0.05199676036688947 4.123317995727497 0.07462365674416135 0.044525785052644894 0.08320975809099 0.08320975809105133 5.794625976615962 2.058445519316273
1520.0 12.159578142718138 -6.39387985895245 72.00274618885044 -507471.44751935324 1.767412692229577e-05 32.450837399993986 28.320334137672255 29.000320669142102 131.99926799584108 369.5648498177803 400.0 -0.02625448121797835 3.3933613618389704 3.450516730851884 0.03177581683230776 72.77232187430404 2.5689260860884447e-08 0.11996211709255156 0.06769523326079449 0.05226683166065672 4.161583590892912 0.0753671057238096 0.04459501136874196 0.08380031295714482 0.08380031295720142 5.757519292967298 2.0607606867150774
1530.0 12.166037646985655 -6.401419350724661 72.21819015923099 -507149.2411504403 1.7731733814331243e-05 32.52003194108831 28.343915910676493 29.047063455850207 131.65463453083757 369.1222824614018 400.0 -0.02661993207281842 3.417768159942862 3.472968485238108 0.0325157446390127 73.33735562863882 2.5682498133823716e-08 0.12077447825456533 0.06823847916692916 0.052535946919493655 4.200015175265162 0.07611404715599498 0.04466043109857035 0.08439112566802115 0.08439112566807519 5.7209011229383995 2.063081281123362
1540.0 12.172521714856162 -6.4089838379951765 72.43270674180673 -506826.5657782946 1.7789865315770645e-05 32.58962120933651 28.367487175140198 29.094189140801898 131.30824755906238 368.6774855111821 400.0 -0.02698813576892136 3.4421952996314875 3.495432068534611 0.03326170752299631 73.89831655198584 2.5675975738946027e-08 0.12158654073280571 0.06878236619818853 0.05280412236981422 4.238612353820108 0.07686449747652922 0.04472204325627648 0.0849822019858052 0.08498220198585416 5.684761981367078 2.0654073072729866
1550.0 12.179030575239384 -6.416573249322298 72.64631089342942 -506503.4191483539 1.7848530345354776e-05 32.6596131378814 28.391049908442724 29.14170426390422 130.960089825455 368.2304353906605 400.0 -0.027359098700083087 3.466643244032322 3.5179088739771855 0.034013670771020445 74.45520115402833 2.566969558269711e-08 0.12239832087524513 0.06932689404266622 0.053071374671494934 4.277374706883513 0.07761845916703725 0.044779861708207865 0.08557354812956372 0.08557354812960753 5.649092628394216 2.0677387741629354
1560.0 12.185564460904903 -6.424187515109679 72.85901734609965 -506179.7989365995 1.7907738005650108e-05 32.73001576922141 28.414606074779517 29.18961546890776 130.61014374487857 367.7811080944392 400.0 -0.0277328274193745 3.491112471361379 3.540400300313653 0.034771599692740636 75.00800595649055 2.5663659381955294e-08 0.12320983592282457 0.06987206285293178 0.053337720912904556 4.316301791766637 0.0783759437746652 0.04483389214815937 0.08616517077677836 0.08616517077681529 5.613884061614105 2.070075689375352
1570.0 12.19212360857072 -6.431826567590286 73.07084061384441 -505855.70274845266 1.7967497714137397e-05 32.800837320669906 28.43815762614598 29.237929568595792 130.2583914072372 367.3294791777453 400.0 -0.02810932864380275 3.515603474975224 3.5629077520741115 0.03553545962430674 75.55672751877287 2.5657868673105698e-08 0.1240211040046303 0.0704178732461978 0.05360317860591432 4.35539314439209 0.07913697549175337 0.044884128512876924 0.08675707706499854 0.08675707706503258 5.579127508524369 2.072418073636631
1580.0 12.198708258996577 -6.439490340811384 73.2817949994274 -505531.1281176231 1.802781871750321e-05 32.872085953216136 28.461706503249523 29.286653313415123 129.90481465481528 366.87552374638005 400.0 -0.02848860925927668 3.5401167634351314 3.585432639801008 0.036305215932324046 76.10136246324768 2.5652324820372848e-08 0.12483214413337373 0.07096432630478927 0.053867765680908015 4.3946482809114125 0.07990158238518934 0.0449305617481844 0.08734927459369377 0.08734927459371783 5.544814419263297 2.0747659053390977
1590.0 12.205318657081591 -6.447178770620354 73.49189460089633 -505206.0725048931 1.8088711970457874e-05 32.94377068930448 28.485254636351943 29.335794309065363 129.54939498346513 366.41921644567174 400.0 -0.028870676325497918 3.5646528605822714 3.607976380239117 0.037080834018279885 76.64190750018085 2.564702902345247e-08 0.12564297620114812 0.07151142357687502 0.05413150048180751 4.434066699313099 0.0806695268653615 0.04497344933578662 0.08794177142625086 0.08794177142626897 5.510936459621829 2.077119334522608
1600.0 12.211955051964846 -6.454891794651453 73.7011533179691 -504880.5332968578 1.815018316234286e-05 33.01589798010131 28.508803946043095 29.385357583615985 129.19211358271914 365.96053144947734 400.0 -0.02925553708109502 3.589212305624226 3.6305403964853196 0.03786227932328266 77.17835945222657 2.5641982324468252e-08 0.12645362097549093 0.07205916707750662 0.05439440176109615 4.47364788101954 0.08144058257201774 0.045013038403473184 0.08853457609219133 0.08853457609220376 5.477485504317993 2.079477881932575
