#T volume alpha alpha_xx alpha_yy alpha_zz alpha_yz alpha_zy alpha_xz alpha_zx alpha_xy alpha_yx
0.0  11.606706   0.0000e+00   6.5642e-08   9.3476e-08   7.7192e-08   1.6425e-09  -3.0006e-10   1.0456e-09   5.9546e-09  -1.3767e-09   2.6873e-09
10.0  11.606709  -2.3778e-09  -1.9825e-09  -2.8212e-09  -2.3307e-09  -4.9331e-11   9.3230e-12  -3.1517e-11  -1.7937e-10   4.1293e-11  -8.1294e-11
20.0  11.606749   2.9363e-07   2.4472e-07   3.4850e-07   2.8778e-07   6.1252e-09  -1.1167e-09   3.8986e-09   2.2203e-08  -5.1345e-09   1.0017e-08
30.0  11.606972   1.0967e-06   9.1382e-07   1.3020e-06   1.0748e-06   2.2961e-08  -4.0850e-09   1.4578e-08   8.3063e-08  -1.9266e-08   3.7362e-08
40.0  11.607566   2.3635e-06   1.9681e-06   2.8074e-06   2.3159e-06   4.9926e-08  -8.3462e-09   3.1507e-08   1.7972e-07  -4.1985e-08   8.0236e-08
50.0  11.608638   3.8004e-06   3.1613e-06   4.5186e-06   3.7228e-06   8.1548e-08  -1.2111e-08   5.0919e-08   2.9102e-07  -6.8844e-08   1.2821e-07
60.0  11.610211   5.2195e-06   4.3349e-06   6.2149e-06   5.1109e-06   1.1454e-07  -1.4006e-08   7.0450e-08   4.0379e-07  -9.7219e-08   1.7449e-07
70.0  11.612261   6.5272e-06   5.4098e-06   7.7865e-06   6.3879e-06   1.4735e-07  -1.3253e-08   8.8941e-08   5.1159e-07  -1.2588e-07   2.1563e-07
80.0  11.614742   7.6918e-06   6.3594e-06   9.1964e-06   7.5229e-06   1.7947e-07  -9.5725e-09   1.0601e-07   6.1229e-07  -1.5441e-07   2.5049e-07
90.0  11.617605   8.7117e-06   7.1824e-06   1.0442e-05   8.5142e-06   2.1080e-07  -2.9982e-09   1.2163e-07   7.0569e-07  -1.8270e-07   2.7908e-07
100.0  11.620799   9.5981e-06   7.8886e-06   1.1537e-05   9.3731e-06   2.4142e-07   6.2665e-09   1.3592e-07   7.9240e-07  -2.1074e-07   3.0192e-07
110.0  11.624283   1.0367e-05   8.4919e-06   1.2498e-05   1.0115e-05   2.7142e-07   1.7941e-08   1.4906e-07   8.7326e-07  -2.3855e-07   3.1973e-07
120.0  11.628018   1.1034e-05   9.0065e-06   1.3345e-05   1.0757e-05   3.0091e-07   3.1724e-08   1.6121e-07   9.4914e-07  -2.6612e-07   3.3324e-07
130.0  11.631972   1.1616e-05   9.4456e-06   1.4093e-05   1.1313e-05   3.2994e-07   4.7320e-08   1.7255e-07   1.0208e-06  -2.9345e-07   3.4317e-07
140.0  11.636117   1.2124e-05   9.8208e-06   1.4759e-05   1.1797e-05   3.5859e-07   6.4460e-08   1.8320e-07   1.0889e-06  -3.2050e-07   3.5012e-07
150.0  11.640429   1.2570e-05   1.0142e-05   1.5354e-05   1.2219e-05   3.8687e-07   8.2903e-08   1.9328e-07   1.1540e-06  -3.4724e-07   3.5465e-07
160.0  11.644890   1.2964e-05   1.0418e-05   1.5890e-05   1.2590e-05   4.1481e-07   1.0244e-07   2.0289e-07   1.2165e-06  -3.7364e-07   3.5720e-07
170.0  11.649482   1.3314e-05   1.0656e-05   1.6375e-05   1.2918e-05   4.4243e-07   1.2288e-07   2.1210e-07   1.2768e-06  -3.9965e-07   3.5817e-07
180.0  11.654192   1.3627e-05   1.0862e-05   1.6816e-05   1.3209e-05   4.6972e-07   1.4407e-07   2.2099e-07   1.3352e-06  -4.2523e-07   3.5791e-07
190.0  11.659007   1.3907e-05   1.1040e-05   1.7221e-05   1.3468e-05   4.9668e-07   1.6588e-07   2.2960e-07   1.3919e-06  -4.5035e-07   3.5668e-07
200.0  11.663917   1.4161e-05   1.1195e-05   1.7593e-05   1.3701e-05   5.2331e-07   1.8819e-07   2.3798e-07   1.4472e-06  -4.7496e-07   3.5473e-07
210.0  11.668914   1.4391e-05   1.1330e-05   1.7938e-05   1.3911e-05   5.4961e-07   2.1089e-07   2.4618e-07   1.5012e-06  -4.9904e-07   3.5226e-07
220.0  11.673991   1.4601e-05   1.1448e-05   1.8259e-05   1.4102e-05   5.7556e-07   2.3392e-07   2.5421e-07   1.5540e-06  -5.2254e-07   3.4944e-07
230.0  11.679139   1.4794e-05   1.1553e-05   1.8559e-05   1.4276e-05   6.0116e-07   2.5718e-07   2.6211e-07   1.6058e-06  -5.4544e-07   3.4644e-07
240.0  11.684356   1.4972e-05   1.1645e-05   1.8840e-05   1.4436e-05   6.2640e-07   2.8062e-07   2.6990e-07   1.6566e-06  -5.6770e-07   3.4336e-07
250.0  11.689634   1.5136e-05   1.1727e-05   1.9106e-05   1.4584e-05   6.5127e-07   3.0419e-07   2.7760e-07   1.7065e-06  -5.8930e-07   3.4034e-07
260.0  11.694971   1.5290e-05   1.1800e-05   1.9356e-05   1.4721e-05   6.7575e-07   3.2782e-07   2.8522e-07   1.7556e-06  -6.1021e-07   3.3746e-07
270.0  11.700362   1.5434e-05   1.1865e-05   1.9594e-05   1.4849e-05   6.9984e-07   3.5149e-07   2.9278e-07   1.8039e-06  -6.3040e-07   3.3480e-07
280.0  11.705805   1.5569e-05   1.1925e-05   1.9820e-05   1.4969e-05   7.2352e-07   3.7515e-07   3.0028e-07   1.8515e-06  -6.4985e-07   3.3246e-07
290.0  11.711296   1.5697e-05   1.1978e-05   2.0036e-05   1.5082e-05   7.4680e-07   3.9877e-07   3.0775e-07   1.8984e-06  -6.6854e-07   3.3049e-07
300.0  11.716834   1.5818e-05   1.2028e-05   2.0242e-05   1.5190e-05   7.6964e-07   4.2232e-07   3.1518e-07   1.9446e-06  -6.8643e-07   3.2896e-07
310.0  11.722415   1.5933e-05   1.2073e-05   2.0439e-05   1.5292e-05   7.9205e-07   4.4578e-07   3.2259e-07   1.9901e-06  -7.0350e-07   3.2793e-07
320.0  11.728039   1.6043e-05   1.2115e-05   2.0629e-05   1.5390e-05   8.1400e-07   4.6911e-07   3.2998e-07   2.0350e-06  -7.1973e-07   3.2743e-07
330.0  11.733704   1.6148e-05   1.2155e-05   2.0811e-05   1.5484e-05   8.3550e-07   4.9230e-07   3.3735e-07   2.0793e-06  -7.3510e-07   3.2753e-07
340.0  11.739408   1.6250e-05   1.2193e-05   2.0986e-05   1.5575e-05   8.5652e-07   5.1532e-07   3.4472e-07   2.1230e-06  -7.4959e-07   3.2826e-07
350.0  11.745149   1.6347e-05   1.2229e-05   2.1155e-05   1.5663e-05   8.7706e-07   5.3816e-07   3.5208e-07   2.1661e-06  -7.6316e-07   3.2966e-07
360.0  11.750927   1.6442e-05   1.2264e-05   2.1318e-05   1.5749e-05   8.9710e-07   5.6079e-07   3.5945e-07   2.2085e-06  -7.7581e-07   3.3178e-07
370.0  11.756741   1.6534e-05   1.2297e-05   2.1475e-05   1.5833e-05   9.1664e-07   5.8321e-07   3.6681e-07   2.2504e-06  -7.8749e-07   3.3465e-07
380.0  11.762590   1.6623e-05   1.2331e-05   2.1627e-05   1.5916e-05   9.3565e-07   6.0539e-07   3.7418e-07   2.2916e-06  -7.9820e-07   3.3830e-07
390.0  11.768473   1.6710e-05   1.2364e-05   2.1773e-05   1.5997e-05   9.5413e-07   6.2732e-07   3.8157e-07   2.3323e-06  -8.0791e-07   3.4277e-07
400.0  11.774389   1.6795e-05   1.2397e-05   2.1915e-05   1.6077e-05   9.7207e-07   6.4899e-07   3.8896e-07   2.3723e-06  -8.1658e-07   3.4808e-07
410.0  11.780338   1.6878e-05   1.2430e-05   2.2052e-05   1.6156e-05   9.8944e-07   6.7037e-07   3.9637e-07   2.4118e-06  -8.2421e-07   3.5428e-07
420.0  11.786319   1.6960e-05   1.2464e-05   2.2184e-05   1.6235e-05   1.0062e-06   6.9147e-07   4.0379e-07   2.4506e-06  -8.3076e-07   3.6139e-07
430.0  11.792332   1.7041e-05   1.2498e-05   2.2312e-05   1.6313e-05   1.0225e-06   7.1225e-07   4.1123e-07   2.4888e-06  -8.3621e-07   3.6944e-07
440.0  11.798376   1.7120e-05   1.2533e-05   2.2436e-05   1.6391e-05   1.0381e-06   7.3272e-07   4.1869e-07   2.5263e-06  -8.4054e-07   3.7846e-07
450.0  11.804451   1.7198e-05   1.2570e-05   2.2556e-05   1.6470e-05   1.0531e-06   7.5286e-07   4.2617e-07   2.5632e-06  -8.4372e-07   3.8848e-07
460.0  11.810556   1.7275e-05   1.2607e-05   2.2671e-05   1.6548e-05   1.0675e-06   7.7265e-07   4.3367e-07   2.5995e-06  -8.4571e-07   3.9954e-07
470.0  11.816692   1.7352e-05   1.2646e-05   2.2782e-05   1.6627e-05   1.0812e-06   7.9209e-07   4.4120e-07   2.6351e-06  -8.4651e-07   4.1165e-07
480.0  11.822859   1.7427e-05   1.2686e-05   2.2890e-05   1.6706e-05   1.0943e-06   8.1116e-07   4.4874e-07   2.6700e-06  -8.4607e-07   4.2484e-07
490.0  11.829055   1.7502e-05   1.2728e-05   2.2993e-05   1.6785e-05   1.1067e-06   8.2984e-07   4.5632e-07   2.7043e-06  -8.4437e-07   4.3916e-07
500.0  11.835281   1.7577e-05   1.2772e-05   2.3093e-05   1.6866e-05   1.1184e-06   8.4813e-07   4.6392e-07   2.7378e-06  -8.4139e-07   4.5462e-07
510.0  11.841537   1.7651e-05   1.2817e-05   2.3188e-05   1.6947e-05   1.1294e-06   8.6601e-07   4.7155e-07   2.7707e-06  -8.3709e-07   4.7126e-07
520.0  11.847822   1.7725e-05   1.2865e-05   2.3280e-05   1.7029e-05   1.1397e-06   8.8348e-07   4.7921e-07   2.8028e-06  -8.3145e-07   4.8910e-07
530.0  11.854137   1.7799e-05   1.2915e-05   2.3368e-05   1.7112e-05   1.1492e-06   9.0051e-07   4.8689e-07   2.8341e-06  -8.2443e-07   5.0819e-07
540.0  11.860481   1.7872e-05   1.2966e-05   2.3452e-05   1.7196e-05   1.1580e-06   9.1710e-07   4.9461e-07   2.8648e-06  -8.1600e-07   5.2854e-07
550.0  11.866855   1.7946e-05   1.3021e-05   2.3531e-05   1.7281e-05   1.1660e-06   9.3323e-07   5.0236e-07   2.8946e-06  -8.0613e-07   5.5018e-07
560.0  11.873259   1.8019e-05   1.3077e-05   2.3607e-05   1.7367e-05   1.1733e-06   9.4889e-07   5.1014e-07   2.9236e-06  -7.9480e-07   5.7316e-07
570.0  11.879692   1.8092e-05   1.3137e-05   2.3680e-05   1.7455e-05   1.1797e-06   9.6407e-07   5.1795e-07   2.9519e-06  -7.8195e-07   5.9750e-07
580.0  11.886155   1.8165e-05   1.3199e-05   2.3748e-05   1.7545e-05   1.1853e-06   9.7875e-07   5.2579e-07   2.9793e-06  -7.6758e-07   6.2324e-07
590.0  11.892647   1.8239e-05   1.3264e-05   2.3812e-05   1.7635e-05   1.1900e-06   9.9291e-07   5.3367e-07   3.0058e-06  -7.5162e-07   6.5040e-07
600.0  11.899169   1.8312e-05   1.3331e-05   2.3872e-05   1.7728e-05   1.1939e-06   1.0066e-06   5.4158e-07   3.0315e-06  -7.3406e-07   6.7903e-07
610.0  11.905721   1.8386e-05   1.3402e-05   2.3927e-05   1.7822e-05   1.1969e-06   1.0197e-06   5.4952e-07   3.0563e-06  -7.1486e-07   7.0916e-07
620.0  11.912303   1.8460e-05   1.3476e-05   2.3979e-05   1.7918e-05   1.1990e-06   1.0322e-06   5.5750e-07   3.0802e-06  -6.9397e-07   7.4082e-07
630.0  11.918915   1.8534e-05   1.3553e-05   2.4026e-05   1.8015e-05   1.2001e-06   1.0442e-06   5.6552e-07   3.1032e-06  -6.7135e-07   7.7405e-07
640.0  11.925558   1.8609e-05   1.3633e-05   2.4070e-05   1.8115e-05   1.2003e-06   1.0556e-06   5.7357e-07   3.1252e-06  -6.4698e-07   8.0890e-07
650.0  11.932230   1.8683e-05   1.3717e-05   2.4108e-05   1.8216e-05   1.1996e-06   1.0664e-06   5.8166e-07   3.1463e-06  -6.2080e-07   8.4538e-07
660.0  11.938934   1.8759e-05   1.3804e-05   2.4143e-05   1.8320e-05   1.1978e-06   1.0766e-06   5.8979e-07   3.1663e-06  -5.9278e-07   8.8356e-07
670.0  11.945668   1.8834e-05   1.3895e-05   2.4172e-05   1.8426e-05   1.1950e-06   1.0861e-06   5.9796e-07   3.1853e-06  -5.6287e-07   9.2346e-07
680.0  11.952433   1.8910e-05   1.3989e-05   2.4198e-05   1.8534e-05   1.1912e-06   1.0950e-06   6.0616e-07   3.2033e-06  -5.3103e-07   9.6513e-07
690.0  11.959229   1.8987e-05   1.4088e-05   2.4218e-05   1.8644e-05   1.1862e-06   1.1032e-06   6.1440e-07   3.2202e-06  -4.9721e-07   1.0086e-06
700.0  11.966057   1.9064e-05   1.4190e-05   2.4234e-05   1.8756e-05   1.1802e-06   1.1108e-06   6.2269e-07   3.2360e-06  -4.6137e-07   1.0539e-06
710.0  11.972916   1.9141e-05   1.4297e-05   2.4245e-05   1.8871e-05   1.1731e-06   1.1176e-06   6.3101e-07   3.2507e-06  -4.2345e-07   1.1012e-06
720.0  11.979808   1.9219e-05   1.4408e-05   2.4251e-05   1.8988e-05   1.1648e-06   1.1237e-06   6.3937e-07   3.2642e-06  -3.8341e-07   1.1504e-06
730.0  11.986731   1.9298e-05   1.4523e-05   2.4252e-05   1.9108e-05   1.1553e-06   1.1291e-06   6.4778e-07   3.2765e-06  -3.4120e-07   1.2015e-06
740.0  11.993687   1.9377e-05   1.4642e-05   2.4248e-05   1.9231e-05   1.1446e-06   1.1338e-06   6.5622e-07   3.2875e-06  -2.9676e-07   1.2547e-06
750.0  12.000676   1.9458e-05   1.4766e-05   2.4238e-05   1.9356e-05   1.1327e-06   1.1376e-06   6.6471e-07   3.2974e-06  -2.5004e-07   1.3100e-06
760.0  12.007697   1.9538e-05   1.4895e-05   2.4224e-05   1.9484e-05   1.1195e-06   1.1406e-06   6.7324e-07   3.3059e-06  -2.0098e-07   1.3675e-06
770.0  12.014752   1.9620e-05   1.5028e-05   2.4203e-05   1.9615e-05   1.1050e-06   1.1429e-06   6.8181e-07   3.3132e-06  -1.4953e-07   1.4271e-06
780.0  12.021841   1.9702e-05   1.5167e-05   2.4177e-05   1.9749e-05   1.0891e-06   1.1442e-06   6.9043e-07   3.3190e-06  -9.5622e-08   1.4890e-06
790.0  12.028964   1.9785e-05   1.5310e-05   2.4145e-05   1.9886e-05   1.0719e-06   1.1447e-06   6.9908e-07   3.3235e-06  -3.9233e-08   1.5532e-06
800.0  12.036120   1.9866e-05   1.5457e-05   2.4104e-05   2.0024e-05   1.0531e-06   1.1442e-06   7.0771e-07   3.3261e-06   1.9872e-08   1.6197e-06
810.0  12.043309   1.9940e-05   1.5602e-05   2.4050e-05   2.0156e-05   1.0327e-06   1.1423e-06   7.1598e-07   3.3259e-06   8.0730e-08   1.6870e-06
820.0  12.050528   2.0007e-05   1.5742e-05   2.3986e-05   2.0281e-05   1.0112e-06   1.1387e-06   7.2353e-07   3.3228e-06   1.4099e-07   1.7524e-06
830.0  12.057775   2.0073e-05   1.5881e-05   2.3922e-05   2.0403e-05   9.8913e-07   1.1337e-06   7.3039e-07   3.3176e-06   1.9975e-07   1.8154e-06
840.0  12.065050   2.0138e-05   1.6021e-05   2.3859e-05   2.0524e-05   9.6657e-07   1.1273e-06   7.3665e-07   3.3105e-06   2.5715e-07   1.8762e-06
850.0  12.072353   2.0205e-05   1.6160e-05   2.3798e-05   2.0645e-05   9.4350e-07   1.1196e-06   7.4230e-07   3.3016e-06   3.1311e-07   1.9348e-06
860.0  12.079685   2.0271e-05   1.6300e-05   2.3738e-05   2.0764e-05   9.1992e-07   1.1104e-06   7.4732e-07   3.2908e-06   3.6761e-07   1.9911e-06
870.0  12.087045   2.0339e-05   1.6440e-05   2.3681e-05   2.0884e-05   8.9582e-07   1.0999e-06   7.5171e-07   3.2780e-06   4.2059e-07   2.0450e-06
880.0  12.094435   2.0406e-05   1.6581e-05   2.3625e-05   2.1002e-05   8.7118e-07   1.0879e-06   7.5543e-07   3.2633e-06   4.7203e-07   2.0966e-06
890.0  12.101854   2.0475e-05   1.6722e-05   2.3571e-05   2.1120e-05   8.4601e-07   1.0745e-06   7.5849e-07   3.2466e-06   5.2187e-07   2.1457e-06
900.0  12.109302   2.0543e-05   1.6863e-05   2.3519e-05   2.1237e-05   8.2028e-07   1.0595e-06   7.6087e-07   3.2278e-06   5.7009e-07   2.1922e-06
910.0  12.116780   2.0613e-05   1.7005e-05   2.3470e-05   2.1354e-05   7.9399e-07   1.0430e-06   7.6254e-07   3.2070e-06   6.1664e-07   2.2362e-06
920.0  12.124287   2.0683e-05   1.7147e-05   2.3422e-05   2.1469e-05   7.6713e-07   1.0249e-06   7.6349e-07   3.1840e-06   6.6148e-07   2.2775e-06
930.0  12.131826   2.0753e-05   1.7289e-05   2.3377e-05   2.1584e-05   7.3969e-07   1.0051e-06   7.6372e-07   3.1588e-06   7.0456e-07   2.3161e-06
940.0  12.139394   2.0824e-05   1.7432e-05   2.3334e-05   2.1698e-05   7.1166e-07   9.8378e-07   7.6319e-07   3.1314e-06   7.4583e-07   2.3519e-06
950.0  12.146993   2.0896e-05   1.7575e-05   2.3293e-05   2.1812e-05   6.8302e-07   9.6073e-07   7.6190e-07   3.1017e-06   7.8526e-07   2.3848e-06
960.0  12.154624   2.0969e-05   1.7718e-05   2.3255e-05   2.1924e-05   6.5376e-07   9.3595e-07   7.5982e-07   3.0696e-06   8.2279e-07   2.4149e-06
970.0  12.162285   2.1042e-05   1.7862e-05   2.3219e-05   2.2036e-05   6.2388e-07   9.0940e-07   7.5693e-07   3.0352e-06   8.5838e-07   2.4419e-06
980.0  12.169979   2.1115e-05   1.8006e-05   2.3186e-05   2.2147e-05   5.9336e-07   8.8106e-07   7.5323e-07   2.9983e-06   8.9198e-07   2.4659e-06
990.0  12.177704   2.1190e-05   1.8150e-05   2.3155e-05   2.2257e-05   5.6218e-07   8.5087e-07   7.4868e-07   2.9590e-06   9.2353e-07   2.4867e-06
1000.0  12.185461   2.1265e-05   1.8295e-05   2.3127e-05   2.2366e-05   5.3034e-07   8.1880e-07   7.4327e-07   2.9170e-06   9.5298e-07   2.5043e-06
1010.0  12.193251   2.1341e-05   1.8440e-05   2.3102e-05   2.2474e-05   4.9782e-07   7.8480e-07   7.3698e-07   2.8725e-06   9.8029e-07   2.5186e-06
1020.0  12.201074   2.1417e-05   1.8586e-05   2.3079e-05   2.2581e-05   4.6461e-07   7.4883e-07   7.2979e-07   2.8253e-06   1.0054e-06   2.5295e-06
1030.0  12.208931   2.1495e-05   1.8732e-05   2.3060e-05   2.2687e-05   4.3069e-07   7.1084e-07   7.2168e-07   2.7754e-06   1.0282e-06   2.5369e-06
1040.0  12.216820   2.1573e-05   1.8878e-05   2.3043e-05   2.2792e-05   3.9605e-07   6.7078e-07   7.1262e-07   2.7227e-06   1.0487e-06   2.5408e-06
1050.0  12.224744   2.1652e-05   1.9024e-05   2.3030e-05   2.2896e-05   3.6067e-07   6.2862e-07   7.0259e-07   2.6672e-06   1.0669e-06   2.5410e-06
1060.0  12.232702   2.1732e-05   1.9171e-05   2.3019e-05   2.2999e-05   3.2454e-07   5.8429e-07   6.9157e-07   2.6087e-06   1.0826e-06   2.5374e-06
1070.0  12.240694   2.1812e-05   1.9319e-05   2.3012e-05   2.3101e-05   2.8765e-07   5.3775e-07   6.7953e-07   2.5473e-06   1.0958e-06   2.5301e-06
1080.0  12.248722   2.1894e-05   1.9467e-05   2.3009e-05   2.3202e-05   2.4997e-07   4.8895e-07   6.6646e-07   2.4827e-06   1.1064e-06   2.5188e-06
1090.0  12.256785   2.1976e-05   1.9615e-05   2.3008e-05   2.3301e-05   2.1148e-07   4.3783e-07   6.5232e-07   2.4151e-06   1.1144e-06   2.5035e-06
1100.0  12.264883   2.2059e-05   1.9763e-05   2.3012e-05   2.3400e-05   1.7218e-07   3.8433e-07   6.3709e-07   2.3442e-06   1.1197e-06   2.4840e-06
1110.0  12.273018   2.2143e-05   1.9912e-05   2.3019e-05   2.3497e-05   1.3205e-07   3.2841e-07   6.2074e-07   2.2701e-06   1.1222e-06   2.4603e-06
1120.0  12.281189   2.2229e-05   2.0061e-05   2.3029e-05   2.3592e-05   9.1057e-08   2.6999e-07   6.0325e-07   2.1926e-06   1.1219e-06   2.4322e-06
1130.0  12.289398   2.2315e-05   2.0211e-05   2.3044e-05   2.3687e-05   4.9193e-08   2.0903e-07   5.8458e-07   2.1117e-06   1.1186e-06   2.3997e-06
1140.0  12.297644   2.2402e-05   2.0361e-05   2.3062e-05   2.3780e-05   6.4362e-09   1.4546e-07   5.6470e-07   2.0272e-06   1.1123e-06   2.3626e-06
1150.0  12.305927   2.2490e-05   2.0511e-05   2.3084e-05   2.3872e-05  -3.7234e-08   7.9205e-08   5.4360e-07   1.9392e-06   1.1030e-06   2.3208e-06
1160.0  12.314249   2.2579e-05   2.0662e-05   2.3111e-05   2.3962e-05  -8.1837e-08   1.0212e-08   5.2122e-07   1.8474e-06   1.0905e-06   2.2742e-06
1170.0  12.322610   2.2669e-05   2.0813e-05   2.3142e-05   2.4051e-05  -1.2740e-07  -6.1593e-08   4.9755e-07   1.7519e-06   1.0748e-06   2.2226e-06
1180.0  12.331009   2.2760e-05   2.0965e-05   2.3177e-05   2.4138e-05  -1.7393e-07  -1.3628e-07   4.7255e-07   1.6524e-06   1.0557e-06   2.1659e-06
1190.0  12.339449   2.2852e-05   2.1117e-05   2.3216e-05   2.4224e-05  -2.2147e-07  -2.1392e-07   4.4619e-07   1.5490e-06   1.0332e-06   2.1040e-06
1200.0  12.347929   2.2946e-05   2.1269e-05   2.3261e-05   2.4308e-05  -2.7003e-07  -2.9459e-07   4.1842e-07   1.4415e-06   1.0072e-06   2.0368e-06
1210.0  12.356449   2.3040e-05   2.1422e-05   2.3310e-05   2.4391e-05  -3.1964e-07  -3.7837e-07   3.8922e-07   1.3298e-06   9.7752e-07   1.9640e-06
1220.0  12.365011   2.3136e-05   2.1575e-05   2.3364e-05   2.4471e-05  -3.7032e-07  -4.6533e-07   3.5854e-07   1.2138e-06   9.4417e-07   1.8856e-06
1230.0  12.373614   2.3233e-05   2.1729e-05   2.3422e-05   2.4550e-05  -4.2209e-07  -5.5556e-07   3.2635e-07   1.0934e-06   9.0700e-07   1.8014e-06
1240.0  12.382259   2.3331e-05   2.1882e-05   2.3487e-05   2.4627e-05  -4.7500e-07  -6.4915e-07   2.9260e-07   9.6850e-07   8.6591e-07   1.7113e-06
1250.0  12.390947   2.3430e-05   2.2037e-05   2.3556e-05   2.4703e-05  -5.2906e-07  -7.4619e-07   2.5726e-07   8.3894e-07   8.2079e-07   1.6150e-06
1260.0  12.399679   2.3531e-05   2.2191e-05   2.3631e-05   2.4776e-05  -5.8429e-07  -8.4675e-07   2.2027e-07   7.0462e-07   7.7152e-07   1.5124e-06
1270.0  12.408454   2.3633e-05   2.2346e-05   2.3711e-05   2.4847e-05  -6.4074e-07  -9.5095e-07   1.8161e-07   5.6540e-07   7.1800e-07   1.4033e-06
1280.0  12.417274   2.3737e-05   2.2502e-05   2.3798e-05   2.4917e-05  -6.9844e-07  -1.0589e-06   1.4121e-07   4.2117e-07   6.6008e-07   1.2876e-06
1290.0  12.426139   2.3842e-05   2.2657e-05   2.3890e-05   2.4984e-05  -7.5740e-07  -1.1706e-06   9.9036e-08   2.7177e-07   5.9766e-07   1.1650e-06
1300.0  12.435050   2.3948e-05   2.2813e-05   2.3988e-05   2.5049e-05  -8.1767e-07  -1.2863e-06   5.5034e-08   1.1708e-07   5.3060e-07   1.0354e-06
1310.0  12.444007   2.4055e-05   2.2970e-05   2.4093e-05   2.5111e-05  -8.7928e-07  -1.4061e-06   9.1530e-09  -4.3056e-08   4.5877e-07   8.9853e-07
1320.0  12.453011   2.4165e-05   2.3127e-05   2.4204e-05   2.5171e-05  -9.4226e-07  -1.5299e-06  -3.8660e-08  -2.0879e-07   3.8202e-07   7.5423e-07
1330.0  12.462063   2.4275e-05   2.3284e-05   2.4322e-05   2.5229e-05  -1.0067e-06  -1.6581e-06  -8.8460e-08  -3.8028e-07   3.0022e-07   6.0227e-07
1340.0  12.471163   2.4388e-05   2.3441e-05   2.4446e-05   2.5285e-05  -1.0725e-06  -1.7906e-06  -1.4030e-07  -5.5768e-07   2.1321e-07   4.4241e-07
1350.0  12.480312   2.4502e-05   2.3599e-05   2.4578e-05   2.5337e-05  -1.1398e-06  -1.9277e-06  -1.9425e-07  -7.4116e-07   1.2083e-07   2.7444e-07
1360.0  12.489510   2.4617e-05   2.3758e-05   2.4717e-05   2.5388e-05  -1.2087e-06  -2.0694e-06  -2.5036e-07  -9.3091e-07   2.2940e-08   9.8100e-08
1370.0  12.498759   2.4735e-05   2.3916e-05   2.4864e-05   2.5435e-05  -1.2791e-06  -2.2159e-06  -3.0870e-07  -1.1271e-06  -8.0645e-08  -8.6848e-08
1380.0  12.508060   2.4854e-05   2.4075e-05   2.5018e-05   2.5479e-05  -1.3512e-06  -2.3673e-06  -3.6934e-07  -1.3299e-06  -1.9009e-07  -2.8067e-07
1390.0  12.517412   2.4975e-05   2.4234e-05   2.5180e-05   2.5521e-05  -1.4249e-06  -2.5238e-06  -4.3234e-07  -1.5395e-06  -3.0558e-07  -4.8362e-07
1400.0  12.526817   2.5097e-05   2.4394e-05   2.5351e-05   2.5559e-05  -1.5003e-06  -2.6855e-06  -4.9777e-07  -1.7562e-06  -4.2730e-07  -6.9600e-07
1410.0  12.536275   2.5222e-05   2.4554e-05   2.5530e-05   2.5595e-05  -1.5774e-06  -2.8526e-06  -5.6572e-07  -1.9801e-06  -5.5545e-07  -9.1808e-07
1420.0  12.545788   2.5348e-05   2.4714e-05   2.5718e-05   2.5627e-05  -1.6564e-06  -3.0252e-06  -6.3625e-07  -2.2115e-06  -6.9022e-07  -1.1502e-06
1430.0  12.555357   2.5477e-05   2.4875e-05   2.5914e-05   2.5655e-05  -1.7372e-06  -3.2036e-06  -7.0945e-07  -2.4505e-06  -8.3182e-07  -1.3926e-06
1440.0  12.564981   2.5607e-05   2.5036e-05   2.6121e-05   2.5681e-05  -1.8199e-06  -3.3878e-06  -7.8540e-07  -2.6975e-06  -9.8048e-07  -1.6456e-06
1450.0  12.574662   2.5740e-05   2.5197e-05   2.6336e-05   2.5702e-05  -1.9046e-06  -3.5780e-06  -8.6418e-07  -2.9526e-06  -1.1364e-06  -1.9097e-06
1460.0  12.584402   2.5875e-05   2.5358e-05   2.6562e-05   2.5720e-05  -1.9913e-06  -3.7746e-06  -9.4590e-07  -3.2162e-06  -1.2999e-06  -2.1851e-06
1470.0  12.594200   2.6012e-05   2.5520e-05   2.6798e-05   2.5734e-05  -2.0801e-06  -3.9776e-06  -1.0306e-06  -3.4884e-06  -1.4711e-06  -2.4721e-06
1480.0  12.604058   2.6151e-05   2.5682e-05   2.7044e-05   2.5743e-05  -2.1711e-06  -4.1873e-06  -1.1185e-06  -3.7698e-06  -1.6504e-06  -2.7715e-06
1490.0  12.613976   2.6283e-05   2.5834e-05   2.7291e-05   2.5740e-05  -2.2633e-06  -4.4018e-06  -1.2090e-06  -4.0583e-06  -1.8369e-06  -3.0814e-06
1500.0  12.623948   2.6400e-05   2.5970e-05   2.7526e-05   2.5721e-05  -2.3534e-06  -4.6131e-06  -1.2985e-06  -4.3429e-06  -2.0230e-06  -3.3897e-06
1510.0  12.633972   2.6513e-05   2.6097e-05   2.7755e-05   2.5702e-05  -2.4399e-06  -4.8167e-06  -1.3848e-06  -4.6164e-06  -2.2033e-06  -3.6875e-06
1520.0  12.644046   2.6627e-05   2.6223e-05   2.7984e-05   2.5688e-05  -2.5234e-06  -5.0139e-06  -1.4682e-06  -4.8801e-06  -2.3785e-06  -3.9759e-06
1530.0  12.654172   2.6742e-05   2.6347e-05   2.8214e-05   2.5681e-05  -2.6037e-06  -5.2044e-06  -1.5485e-06  -5.1334e-06  -2.5483e-06  -4.2544e-06
1540.0  12.664351   2.6860e-05   2.6469e-05   2.8445e-05   2.5679e-05  -2.6807e-06  -5.3880e-06  -1.6258e-06  -5.3761e-06  -2.7125e-06  -4.5227e-06
1550.0  12.674582   2.6978e-05   2.6590e-05   2.8676e-05   2.5683e-05  -2.7544e-06  -5.5643e-06  -1.6998e-06  -5.6078e-06  -2.8710e-06  -4.7804e-06
1560.0  12.684867   2.7099e-05   2.6708e-05   2.8908e-05   2.5694e-05  -2.8247e-06  -5.7333e-06  -1.7705e-06  -5.8281e-06  -3.0235e-06  -5.0273e-06
1570.0  12.695207   2.7221e-05   2.6825e-05   2.9140e-05   2.5711e-05  -2.8913e-06  -5.8946e-06  -1.8377e-06  -6.0367e-06  -3.1698e-06  -5.2629e-06
1580.0  12.705602   2.7345e-05   2.6939e-05   2.9373e-05   2.5735e-05  -2.9543e-06  -6.0481e-06  -1.9013e-06  -6.2331e-06  -3.3098e-06  -5.4869e-06
1590.0  12.716053   2.7471e-05   2.7051e-05   2.9606e-05   2.5766e-05  -3.0134e-06  -6.1933e-06  -1.9613e-06  -6.4171e-06  -3.4432e-06  -5.6989e-06
1600.0  12.726562   2.7599e-05   2.7161e-05   2.9840e-05   2.5804e-05  -3.0685e-06  -6.3301e-06  -2.0175e-06  -6.5880e-06  -3.5698e-06  -5.8984e-06
1610.0  12.737128   2.7728e-05   2.7269e-05   3.0075e-05   2.5850e-05  -3.1196e-06  -6.4581e-06  -2.0697e-06  -6.7456e-06  -3.6894e-06  -6.0851e-06
1620.0  12.747753   2.7860e-05   2.7374e-05   3.0310e-05   2.5903e-05  -3.1664e-06  -6.5771e-06  -2.1179e-06  -6.8893e-06  -3.8016e-06  -6.2585e-06
1630.0  12.758437   2.7993e-05   2.7477e-05   3.0546e-05   2.5964e-05  -3.2089e-06  -6.6867e-06  -2.1619e-06  -7.0187e-06  -3.9064e-06  -6.4182e-06
1640.0  12.769182   2.8129e-05   2.7577e-05   3.0782e-05   2.6033e-05  -3.2468e-06  -6.7867e-06  -2.2015e-06  -7.1333e-06  -4.0034e-06  -6.5636e-06
1650.0  12.779988   2.8267e-05   2.7674e-05   3.1019e-05   2.6111e-05  -3.2801e-06  -6.8766e-06  -2.2366e-06  -7.2326e-06  -4.0923e-06  -6.6944e-06
1660.0  12.790857   2.8407e-05   2.7769e-05   3.1256e-05   2.6197e-05  -3.3084e-06  -6.9562e-06  -2.2671e-06  -7.3160e-06  -4.1729e-06  -6.8099e-06
1670.0  12.801790   2.8549e-05   2.7861e-05   3.1494e-05   2.6293e-05  -3.3318e-06  -7.0250e-06  -2.2927e-06  -7.3830e-06  -4.2448e-06  -6.9097e-06
1680.0  12.812786   2.8694e-05   2.7949e-05   3.1733e-05   2.6398e-05  -3.3500e-06  -7.0827e-06  -2.3133e-06  -7.4329e-06  -4.3078e-06  -6.9932e-06
1690.0  12.823849   2.8841e-05   2.8035e-05   3.1972e-05   2.6512e-05  -3.3628e-06  -7.1289e-06  -2.3288e-06  -7.4653e-06  -4.3616e-06  -7.0597e-06
1700.0  12.834978   2.8990e-05   2.8118e-05   3.2212e-05   2.6636e-05  -3.3700e-06  -7.1632e-06  -2.3388e-06  -7.4794e-06  -4.4057e-06  -7.1088e-06
1710.0  12.846174   2.9142e-05   2.8197e-05   3.2452e-05   2.6771e-05  -3.3715e-06  -7.1850e-06  -2.3434e-06  -7.4747e-06  -4.4399e-06  -7.1398e-06
1720.0  12.857440   2.9296e-05   2.8273e-05   3.2693e-05   2.6916e-05  -3.3669e-06  -7.1941e-06  -2.3422e-06  -7.4503e-06  -4.4638e-06  -7.1520e-06
1730.0  12.868775   2.9453e-05   2.8345e-05   3.2934e-05   2.7073e-05  -3.3562e-06  -7.1899e-06  -2.3350e-06  -7.4057e-06  -4.4770e-06  -7.1447e-06
1740.0  12.880182   2.9613e-05   2.8414e-05   3.3176e-05   2.7241e-05  -3.3390e-06  -7.1719e-06  -2.3216e-06  -7.3400e-06  -4.4791e-06  -7.1172e-06
1750.0  12.891661   2.9776e-05   2.8479e-05   3.3418e-05   2.7420e-05  -3.3151e-06  -7.1395e-06  -2.3018e-06  -7.2524e-06  -4.4698e-06  -7.0688e-06
1760.0  12.903214   2.9942e-05   2.8539e-05   3.3661e-05   2.7612e-05  -3.2843e-06  -7.0924e-06  -2.2753e-06  -7.1422e-06  -4.4485e-06  -6.9987e-06
1770.0  12.914842   3.0110e-05   2.8596e-05   3.3904e-05   2.7817e-05  -3.2464e-06  -7.0298e-06  -2.2419e-06  -7.0085e-06  -4.4149e-06  -6.9060e-06
1780.0  12.926547   3.0282e-05   2.8648e-05   3.4148e-05   2.8035e-05  -3.2010e-06  -6.9513e-06  -2.2014e-06  -6.8504e-06  -4.3684e-06  -6.7899e-06
1790.0  12.938329   3.0457e-05   2.8696e-05   3.4393e-05   2.8267e-05  -3.1478e-06  -6.8561e-06  -2.1533e-06  -6.6670e-06  -4.3085e-06  -6.6496e-06
1800.0  12.950191   3.0635e-05   2.8740e-05   3.4638e-05   2.8513e-05  -3.0866e-06  -6.7437e-06  -2.0976e-06  -6.4573e-06  -4.2349e-06  -6.4840e-06
1810.0  12.962134   3.0817e-05   2.8778e-05   3.4883e-05   2.8773e-05  -3.0170e-06  -6.6134e-06  -2.0338e-06  -6.2201e-06  -4.1468e-06  -6.2922e-06
1820.0  12.974159   3.1002e-05   2.8811e-05   3.5129e-05   2.9049e-05  -2.9388e-06  -6.4644e-06  -1.9616e-06  -5.9546e-06  -4.0437e-06  -6.0731e-06
1830.0  12.986268   3.1191e-05   2.8840e-05   3.5376e-05   2.9341e-05  -2.8515e-06  -6.2961e-06  -1.8807e-06  -5.6595e-06  -3.9251e-06  -5.8257e-06
1840.0  12.998462   3.1383e-05   2.8862e-05   3.5623e-05   2.9650e-05  -2.7548e-06  -6.1076e-06  -1.7908e-06  -5.3336e-06  -3.7903e-06  -5.5488e-06
1850.0  13.010744   3.1580e-05   2.8880e-05   3.5870e-05   2.9975e-05  -2.6483e-06  -5.8981e-06  -1.6915e-06  -4.9758e-06  -3.6386e-06  -5.2413e-06
1860.0  13.023116   3.1780e-05   2.8891e-05   3.6118e-05   3.0319e-05  -2.5317e-06  -5.6668e-06  -1.5823e-06  -4.5846e-06  -3.4693e-06  -4.9018e-06
1870.0  13.035578   3.1985e-05   2.8896e-05   3.6366e-05   3.0681e-05  -2.4045e-06  -5.4127e-06  -1.4630e-06  -4.1588e-06  -3.2818e-06  -4.5290e-06
1880.0  13.048133   3.2194e-05   2.8894e-05   3.6615e-05   3.1062e-05  -2.2662e-06  -5.1350e-06  -1.3330e-06  -3.6968e-06  -3.0753e-06  -4.1216e-06
1890.0  13.060783   3.2408e-05   2.8886e-05   3.6864e-05   3.1464e-05  -2.1164e-06  -4.8325e-06  -1.1919e-06  -3.1971e-06  -2.8489e-06  -3.6780e-06
1900.0  13.073530   3.2626e-05   2.8871e-05   3.7113e-05   3.1886e-05  -1.9547e-06  -4.5043e-06  -1.0393e-06  -2.6582e-06  -2.6018e-06  -3.1968e-06
1910.0  13.086376   3.2849e-05   2.8848e-05   3.7363e-05   3.2330e-05  -1.7805e-06  -4.1493e-06  -8.7457e-07  -2.0783e-06  -2.3330e-06  -2.6762e-06
1920.0  13.099323   3.3077e-05   2.8818e-05   3.7613e-05   3.2797e-05  -1.5932e-06  -3.7662e-06  -6.9727e-07  -1.4556e-06  -2.0418e-06  -2.1147e-06
1930.0  13.112374   3.3310e-05   2.8780e-05   3.7863e-05   3.3288e-05  -1.3923e-06  -3.3538e-06  -5.0683e-07  -7.8826e-07  -1.7269e-06  -1.5102e-06
1940.0  13.125530   3.3548e-05   2.8733e-05   3.8114e-05   3.3804e-05  -1.1771e-06  -2.9109e-06  -3.0265e-07  -7.4262e-08  -1.3875e-06  -8.6094e-07
1950.0  13.138795   3.3793e-05   2.8677e-05   3.8364e-05   3.4345e-05  -9.4713e-07  -2.4361e-06  -8.4122e-08   6.8845e-07  -1.0223e-06  -1.6489e-07
1960.0  13.152171   3.4043e-05   2.8612e-05   3.8615e-05   3.4914e-05  -7.0155e-07  -1.9277e-06   1.4948e-07   1.5023e-06  -6.3005e-07   5.8035e-07
1970.0  13.165660   3.4299e-05   2.8538e-05   3.8866e-05   3.5510e-05  -4.3994e-07  -1.3849e-06   3.9860e-07   2.3689e-06  -2.1001e-07   1.3762e-06
1980.0  13.179266   3.4559e-05   2.8451e-05   3.9114e-05   3.6135e-05  -1.6046e-07  -8.0354e-07   6.6491e-07   3.2939e-06   2.4097e-07   2.2282e-06
1990.0  13.192984   3.4790e-05   2.8327e-05   3.9322e-05   3.6746e-05   1.3208e-07  -1.9372e-07   9.4317e-07   4.2580e-06   7.1447e-07   3.1193e-06
2000.0  13.206800   3.4987e-05   2.8180e-05   3.9494e-05   3.7320e-05   4.2379e-07   4.1452e-07   1.2204e-06   5.2166e-06   1.1875e-06   4.0073e-06
2010.0  13.220709   3.5186e-05   2.8040e-05   3.9669e-05   3.7886e-05   7.0879e-07   1.0080e-06   1.4920e-06   6.1546e-06   1.6509e-06   4.8773e-06
2020.0  13.234712   3.5390e-05   2.7912e-05   3.9850e-05   3.8446e-05   9.8788e-07   1.5884e-06   1.7587e-06   7.0749e-06   2.1060e-06   5.7321e-06
2030.0  13.248812   3.5597e-05   2.7795e-05   4.0038e-05   3.9001e-05   1.2605e-06   2.1544e-06   2.0201e-06   7.9756e-06   2.5520e-06   6.5698e-06
2040.0  13.263010   3.5808e-05   2.7689e-05   4.0232e-05   3.9549e-05   1.5264e-06   2.7056e-06   2.2759e-06   8.8561e-06   2.9886e-06   7.3900e-06
2050.0  13.277308   3.6024e-05   2.7594e-05   4.0433e-05   4.0091e-05   1.7852e-06   3.2412e-06   2.5258e-06   9.7152e-06   3.4153e-06   8.1917e-06
2060.0  13.291708   3.6244e-05   2.7513e-05   4.0642e-05   4.0625e-05   2.0366e-06   3.7604e-06   2.7697e-06   1.0552e-05   3.8315e-06   8.9741e-06
2070.0  13.306213   3.6468e-05   2.7444e-05   4.0857e-05   4.1153e-05   2.2802e-06   4.2625e-06   3.0071e-06   1.1365e-05   4.2369e-06   9.7361e-06
2080.0  13.320824   3.6697e-05   2.7389e-05   4.1080e-05   4.1673e-05   2.5158e-06   4.7467e-06   3.2377e-06   1.2154e-05   4.6308e-06   1.0477e-05
2090.0  13.335544   3.6931e-05   2.7347e-05   4.1311e-05   4.2185e-05   2.7428e-06   5.2121e-06   3.4613e-06   1.2917e-05   5.0127e-06   1.1195e-05
2100.0  13.350374   3.7170e-05   2.7321e-05   4.1550e-05   4.2688e-05   2.9608e-06   5.6578e-06   3.6774e-06   1.3653e-05   5.3820e-06   1.1890e-05
2110.0  13.365319   3.7414e-05   2.7310e-05   4.1797e-05   4.3182e-05   3.1695e-06   6.0828e-06   3.8858e-06   1.4360e-05   5.7381e-06   1.2560e-05
2120.0  13.380378   3.7664e-05   2.7315e-05   4.2054e-05   4.3667e-05   3.3684e-06   6.4862e-06   4.0859e-06   1.5038e-05   6.0802e-06   1.3204e-05
2130.0  13.395557   3.7919e-05   2.7338e-05   4.2319e-05   4.4142e-05   3.5569e-06   6.8668e-06   4.2774e-06   1.5684e-05   6.4078e-06   1.3821e-05
2140.0  13.410856   3.8180e-05   2.7378e-05   4.2595e-05   4.4606e-05   3.7346e-06   7.2236e-06   4.4599e-06   1.6297e-05   6.7199e-06   1.4409e-05
2150.0  13.426279   3.8447e-05   2.7436e-05   4.2880e-05   4.5059e-05   3.9009e-06   7.5553e-06   4.6328e-06   1.6876e-05   7.0160e-06   1.4967e-05
2160.0  13.441830   3.8721e-05   2.7514e-05   4.3176e-05   4.5500e-05   4.0553e-06   7.8608e-06   4.7958e-06   1.7418e-05   7.2950e-06   1.5493e-05
2170.0  13.457509   3.9001e-05   2.7613e-05   4.3483e-05   4.5929e-05   4.1972e-06   8.1386e-06   4.9482e-06   1.7922e-05   7.5562e-06   1.5986e-05
2180.0  13.473322   3.9288e-05   2.7733e-05   4.3801e-05   4.6345e-05   4.3258e-06   8.3874e-06   5.0895e-06   1.8385e-05   7.7985e-06   1.6444e-05
2190.0  13.489271   3.9582e-05   2.7876e-05   4.4131e-05   4.6747e-05   4.4405e-06   8.6057e-06   5.2191e-06   1.8806e-05   8.0210e-06   1.6864e-05
2200.0  13.505359   3.9884e-05   2.8043e-05   4.4474e-05   4.7135e-05   4.5407e-06   8.7918e-06   5.3364e-06   1.9183e-05   8.2226e-06   1.7245e-05
2210.0  13.521590   4.0193e-05   2.8234e-05   4.4830e-05   4.7507e-05   4.6254e-06   8.9441e-06   5.4407e-06   1.9512e-05   8.4021e-06   1.7585e-05
2220.0  13.537969   4.0510e-05   2.8453e-05   4.5200e-05   4.7862e-05   4.6940e-06   9.0608e-06   5.5314e-06   1.9791e-05   8.5584e-06   1.7882e-05
2230.0  13.554497   4.0836e-05   2.8699e-05   4.5585e-05   4.8201e-05   4.7454e-06   9.1399e-06   5.6076e-06   2.0018e-05   8.6901e-06   1.8132e-05
2240.0  13.571181   4.1171e-05   2.8974e-05   4.5984e-05   4.8521e-05   4.7788e-06   9.1794e-06   5.6685e-06   2.0190e-05   8.7958e-06   1.8334e-05
2250.0  13.588023   4.1515e-05   2.9280e-05   4.6400e-05   4.8822e-05   4.7932e-06   9.1771e-06   5.7133e-06   2.0303e-05   8.8741e-06   1.8485e-05
2260.0  13.605028   4.1868e-05   2.9619e-05   4.6832e-05   4.9103e-05   4.7875e-06   9.1306e-06   5.7411e-06   2.0355e-05   8.9233e-06   1.8581e-05
2270.0  13.622201   4.2232e-05   2.9993e-05   4.7283e-05   4.9362e-05   4.7605e-06   9.0374e-06   5.7507e-06   2.0340e-05   8.9418e-06   1.8619e-05
2280.0  13.639547   4.2607e-05   3.0403e-05   4.7752e-05   4.9598e-05   4.7110e-06   8.8948e-06   5.7413e-06   2.0257e-05   8.9277e-06   1.8596e-05
2290.0  13.657071   4.2992e-05   3.0852e-05   4.8240e-05   4.9809e-05   4.6377e-06   8.6999e-06   5.7115e-06   2.0100e-05   8.8791e-06   1.8508e-05
2300.0  13.674778   4.3390e-05   3.1342e-05   4.8750e-05   4.9994e-05   4.5392e-06   8.4496e-06   5.6603e-06   1.9865e-05   8.7938e-06   1.8352e-05
2310.0  13.692674   4.3800e-05   3.1876e-05   4.9281e-05   5.0152e-05   4.4138e-06   8.1405e-06   5.5862e-06   1.9547e-05   8.6695e-06   1.8122e-05
2320.0  13.710764   4.4223e-05   3.2456e-05   4.9836e-05   5.0280e-05   4.2600e-06   7.7689e-06   5.4877e-06   1.9141e-05   8.5038e-06   1.7815e-05
2330.0  13.729056   4.4659e-05   3.3085e-05   5.0416e-05   5.0377e-05   4.0760e-06   7.3309e-06   5.3635e-06   1.8642e-05   8.2940e-06   1.7425e-05
2340.0  13.747555   4.5111e-05   3.3766e-05   5.1021e-05   5.0440e-05   3.8597e-06   6.8222e-06   5.2116e-06   1.8042e-05   8.0373e-06   1.6947e-05
2350.0  13.766268   4.5577e-05   3.4503e-05   5.1654e-05   5.0468e-05   3.6091e-06   6.2382e-06   5.0304e-06   1.7337e-05   7.7304e-06   1.6375e-05
2360.0  13.785203   4.6060e-05   3.5299e-05   5.2317e-05   5.0457e-05   3.3218e-06   5.5739e-06   4.8178e-06   1.6518e-05   7.3701e-06   1.5702e-05
2370.0  13.804368   4.6561e-05   3.6158e-05   5.3011e-05   5.0405e-05   2.9955e-06   4.8238e-06   4.5716e-06   1.5577e-05   6.9525e-06   1.4922e-05
2380.0  13.823770   4.7079e-05   3.7085e-05   5.3738e-05   5.0309e-05   2.6272e-06   3.9819e-06   4.2894e-06   1.4507e-05   6.4737e-06   1.4026e-05
2390.0  13.843419   4.7617e-05   3.8084e-05   5.4501e-05   5.0165e-05   2.2141e-06   3.0416e-06   3.9688e-06   1.3297e-05   5.9293e-06   1.3007e-05
2400.0  13.863324   4.8176e-05   3.9161e-05   5.5302e-05   4.9970e-05   1.7528e-06   1.9958e-06   3.6068e-06   1.1938e-05   5.3144e-06   1.1856e-05
2410.0  13.883496   4.8757e-05   4.0320e-05   5.6143e-05   4.9721e-05   1.2398e-06   8.3665e-07   3.2003e-06   1.0418e-05   4.6237e-06   1.0563e-05
2420.0  13.903943   4.9361e-05   4.1569e-05   5.7027e-05   4.9411e-05   6.7102e-07  -4.4462e-07   2.7459e-06   8.7244e-06   3.8515e-06   9.1157e-06
2430.0  13.924678   4.9991e-05   4.2914e-05   5.7958e-05   4.9038e-05   4.2156e-08  -1.8575e-06   2.2397e-06   6.8443e-06   2.9913e-06   7.5033e-06
2440.0  13.945714   5.0648e-05   4.4362e-05   5.8938e-05   4.8595e-05  -6.5168e-07  -3.4127e-06   1.6777e-06   4.7622e-06   2.0360e-06   5.7122e-06
2450.0  13.967062   5.1334e-05   4.5922e-05   5.9973e-05   4.8076e-05  -1.4159e-06  -5.1219e-06   1.0551e-06   2.4614e-06   9.7777e-07   3.7274e-06
2460.0  13.988738   5.2051e-05   4.7602e-05   6.1064e-05   4.7474e-05  -2.2564e-06  -6.9981e-06   3.6675e-07  -7.6795e-08  -1.9208e-07   1.5327e-06
2470.0  14.010755   5.2802e-05   4.9413e-05   6.2218e-05   4.6783e-05  -3.1800e-06  -9.0561e-06  -3.9310e-07  -2.8732e-06  -1.4833e-06  -8.9027e-07
2480.0  14.033131   5.3589e-05   5.1367e-05   6.3440e-05   4.5993e-05  -4.1942e-06  -1.1312e-05  -1.2309e-06  -5.9512e-06  -2.9067e-06  -3.5620e-06
2490.0  14.055883   5.4416e-05   5.3474e-05   6.4734e-05   4.5096e-05  -5.3074e-06  -1.3785e-05  -2.1540e-06  -9.3369e-06  -4.4746e-06  -6.5054e-06
2500.0  14.079029   5.5286e-05   5.5750e-05   6.6107e-05   4.4079e-05  -6.5291e-06  -1.6495e-05  -3.1705e-06  -1.3060e-05  -6.2005e-06  -9.7463e-06
2510.0  14.102592   5.6203e-05   5.8211e-05   6.7566e-05   4.2931e-05  -7.8702e-06  -1.9466e-05  -4.2898e-06  -1.7154e-05  -8.1001e-06  -1.3314e-05
2520.0  14.126594   5.7171e-05   6.0874e-05   6.9119e-05   4.1638e-05  -9.3429e-06  -2.2724e-05  -5.5223e-06  -2.1656e-05  -1.0191e-05  -1.7241e-05
2530.0  14.151059   5.8196e-05   6.3759e-05   7.0776e-05   4.0185e-05  -1.0961e-05  -2.6300e-05  -6.8802e-06  -2.6611e-05  -1.2493e-05  -2.1566e-05
2540.0  14.176015   5.9282e-05   6.6889e-05   7.2545e-05   3.8551e-05  -1.2742e-05  -3.0230e-05  -8.3772e-06  -3.2068e-05  -1.5030e-05  -2.6332e-05
2550.0  14.201492   6.0436e-05   7.0292e-05   7.4438e-05   3.6716e-05  -1.4703e-05  -3.4554e-05  -1.0029e-05  -3.8086e-05  -1.7827e-05  -3.1589e-05
2560.0  14.227524   6.1667e-05   7.3996e-05   7.6469e-05   3.4656e-05  -1.6865e-05  -3.9318e-05  -1.1855e-05  -4.4727e-05  -2.0915e-05  -3.7392e-05
2570.0  14.254148   6.2983e-05   7.8041e-05   7.8654e-05   3.2337e-05  -1.9257e-05  -4.4584e-05  -1.3877e-05  -5.2081e-05  -2.4334e-05  -4.3818e-05
2580.0  14.281404   6.4390e-05   8.2450e-05   8.1003e-05   2.9739e-05  -2.1898e-05  -5.0390e-05  -1.6113e-05  -6.0202e-05  -2.8108e-05  -5.0913e-05
