# T(K) V(Ang^3) B(GPa) C11 C12 C44 E(GPa) G(GPa) B_correction_factor
0.0  16.642904    75.4602    99.5167    63.4320    31.9544    70.9034    26.3896     1.0042
10.0  16.642907    75.4601    99.5164    63.4319    31.9543    70.9031    26.3895     1.0042
20.0  16.642956    75.4574    99.5116    63.4302    31.9532    70.8998    26.3882     1.0042
30.0  16.643204    75.4423    99.4858    63.4206    31.9475    70.8823    26.3815     1.0040
40.0  16.643944    75.4011    99.4134    63.3950    31.9305    70.8312    26.3620     1.0037
50.0  16.645453    75.3265    99.2781    63.3506    31.8958    70.7301    26.3230     1.0031
60.0  16.647886    75.2184    99.0763    63.2895    31.8400    70.5711    26.2614     1.0023
70.0  16.651279    75.0806    98.8117    63.2151    31.7621    70.3536    26.1766     1.0014
80.0  16.655597    74.9181    98.4914    63.1314    31.6631    70.0808    26.0699     1.0003
90.0  16.660767    74.7354    98.1233    63.0415    31.5447    69.7578    25.9432     0.9993
100.0  16.666703    74.5367    97.7145    62.9478    31.4089    69.3902    25.7987     0.9982
110.0  16.673317    74.3253    97.2713    62.8523    31.2577    68.9834    25.6384     0.9971
120.0  16.680528    74.1037    96.7988    62.7562    31.0932    68.5422    25.4644     0.9961
130.0  16.688263    73.8740    96.3012    62.6604    30.9170    68.0708    25.2783     0.9950
140.0  16.696460    73.6377    95.7819    62.5656    30.7305    67.5728    25.0816     0.9940
150.0  16.705064    73.3961    95.2437    62.4723    30.5352    67.0512    24.8754     0.9930
160.0  16.714029    73.1500    94.6887    62.3806    30.3321    66.5086    24.6609     0.9921
170.0  16.723316    72.9001    94.1186    62.2908    30.1220    65.9471    24.4388     0.9912
180.0  16.732891    72.6471    93.5350    62.2031    29.9060    65.3684    24.2100     0.9903
190.0  16.742727    72.3913    92.9390    62.1174    29.6845    64.7742    23.9750     0.9894
200.0  16.752800    72.1331    92.3315    62.0339    29.4582    64.1657    23.7344     0.9885
210.0  16.763089    71.8728    91.7134    61.9525    29.2276    63.5439    23.4887     0.9877
220.0  16.773577    71.6106    91.0853    61.8733    28.9931    62.9099    23.2383     0.9869
230.0  16.784250    71.3467    90.4479    61.7962    28.7551    62.2644    22.9834     0.9861
240.0  16.795094    71.0813    89.8015    61.7212    28.5139    61.6080    22.7244     0.9853
250.0  16.806098    70.8144    89.1466    61.6483    28.2699    60.9414    22.4616     0.9846
260.0  16.817254    70.5462    88.4836    61.5775    28.0231    60.2651    22.1951     0.9838
270.0  16.828553    70.2767    87.8127    61.5087    27.7739    59.5795    21.9252     0.9831
280.0  16.839988    70.0060    87.1342    61.4419    27.5225    58.8851    21.6520     0.9823
290.0  16.851554    69.7342    86.4484    61.3772    27.2690    58.1821    21.3756     0.9816
300.0  16.863244    69.4614    85.7555    61.3143    27.0136    57.4708    21.0964     0.9809
310.0  16.875054    69.1875    85.0555    61.2534    26.7563    56.7516    20.8142     0.9802
320.0  16.886981    68.9125    84.3488    61.1944    26.4974    56.0247    20.5293     0.9795
330.0  16.899021    68.6367    83.6355    61.1372    26.2370    55.2902    20.2418     0.9788
340.0  16.911171    68.3598    82.9157    61.0819    25.9750    54.5484    19.9518     0.9781
350.0  16.923428    68.0820    82.1895    61.0283    25.7117    53.7995    19.6593     0.9774
360.0  16.935790    67.8033    81.4570    60.9765    25.4472    53.0435    19.3644     0.9768
370.0  16.948256    67.5238    80.7184    60.9264    25.1814    52.2807    19.0672     0.9761
380.0  16.960824    67.2433    79.9738    60.8781    24.9145    51.5112    18.7679     0.9754
390.0  16.973492    66.9619    79.2232    60.8313    24.6466    50.7351    18.4663     0.9747
400.0  16.986259    66.6797    78.4668    60.7862    24.3776    49.9525    18.1627     0.9741
410.0  16.999125    66.3967    77.7046    60.7427    24.1077    49.1636    17.8570     0.9734
420.0  17.012089    66.1127    76.9367    60.7007    23.8370    48.3684    17.5494     0.9728
430.0  17.025149    65.8280    76.1633    60.6603    23.5654    47.5670    17.2398     0.9721
440.0  17.038306    65.5423    75.3844    60.6213    23.2930    46.7595    16.9284     0.9715
450.0  17.051559    65.2559    74.6001    60.5838    23.0199    45.9460    16.6152     0.9708
460.0  17.064908    64.9685    73.8104    60.5476    22.7461    45.1267    16.3002     0.9701
470.0  17.078354    64.6804    73.0155    60.5128    22.4717    44.3015    15.9836     0.9695
480.0  17.091895    64.3914    72.2154    60.4794    22.1967    43.4705    15.6652     0.9688
490.0  17.105532    64.1015    71.4103    60.4472    21.9212    42.6339    15.3453     0.9682
500.0  17.119266    63.8109    70.6002    60.4162    21.6452    41.7918    15.0239     0.9675
510.0  17.133096    63.5193    69.7851    60.3864    21.3687    40.9441    14.7009     0.9669
520.0  17.147024    63.2269    68.9653    60.3578    21.0918    40.0911    14.3766     0.9662
530.0  17.161049    62.9337    68.1407    60.3302    20.8145    39.2327    14.0508     0.9656
540.0  17.175172    62.6396    67.3114    60.3037    20.5369    38.3690    13.7237     0.9649
550.0  17.189393    62.3447    66.4777    60.2782    20.2590    37.5002    13.3953     0.9643
560.0  17.203713    62.0489    65.6395    60.2536    19.9809    36.6264    13.0657     0.9636
570.0  17.218134    61.7522    64.7969    60.2298    19.7026    35.7476    12.7350     0.9630
580.0  17.232655    61.4547    63.9501    60.2069    19.4241    34.8639    12.4031     0.9623
590.0  17.247277    61.1562    63.0991    60.1848    19.1455    33.9754    12.0702     0.9616
600.0  17.262002    60.8569    62.2442    60.1633    18.8669    33.0822    11.7363     0.9610
610.0  17.276829    60.5568    61.3853    60.1425    18.5882    32.1845    11.4015     0.9603
620.0  17.291761    60.2557    60.5226    60.1223    18.3095    31.2824    11.0658     0.9596
630.0  17.306799    59.9537    59.6562    60.1025    18.0309    30.3758    10.7293     0.9590
640.0  17.321942    59.6509    58.7862    60.0832    17.7524    29.4651    10.3921     0.9583
650.0  17.337193    59.3471    57.9129    60.0642    17.4741    28.5503    10.0542     0.9576
660.0  17.352552    59.0424    57.0362    60.0456    17.1960    27.6316     9.7157     0.9570
670.0  17.368021    58.7368    56.1564    60.0270    16.9182    26.7090     9.3768     0.9563
680.0  17.383601    58.4303    55.2736    60.0087    16.6406    25.7828     9.0374     0.9556
690.0  17.399293    58.1228    54.3879    59.9903    16.3634    24.8531     8.6976     0.9549
700.0  17.415099    57.8144    53.4996    59.9719    16.0867    23.9201     8.3576     0.9542
710.0  17.431019    57.5051    52.6087    59.9533    15.8104    22.9839     8.0173     0.9535
720.0  17.447056    57.1948    51.7155    59.9344    15.5347    22.0447     7.6770     0.9528
730.0  17.463211    56.8835    50.8200    59.9152    15.2595    21.1028     7.3367     0.9521
740.0  17.479486    56.5712    49.9226    59.8955    14.9850    20.1583     6.9964     0.9514
750.0  17.495881    56.2580    49.0234    59.8753    14.7113    19.2115     6.6564     0.9507
760.0  17.512399    55.9438    48.1226    59.8544    14.4383    18.2625     6.3166     0.9500
770.0  17.529042    55.6285    47.2204    59.8326    14.1662    17.3117     5.9772     0.9493
780.0  17.545810    55.3123    46.3170    59.8100    13.8949    16.3592     5.6384     0.9485
790.0  17.562707    54.9951    45.4126    59.7863    13.6247    15.4054     5.3001     0.9478
800.0  17.579733    54.6768    44.5076    59.7614    13.3556    14.4506     4.9626     0.9471
810.0  17.596890    54.3574    43.6021    59.7351    13.0876    13.4950     4.6259     0.9463
820.0  17.614181    54.0371    42.6963    59.7074    12.8208    12.5390     4.2903     0.9456
830.0  17.631608    53.7156    41.7907    59.6781    12.5554    11.5829     3.9557     0.9448
840.0  17.649172    53.3931    40.8854    59.6470    12.2913    10.6270     3.6225     0.9440
850.0  17.666876    53.0695    39.9807    59.6139    12.0287     9.6719     3.2906     0.9433
860.0  17.684722    52.7448    39.0769    59.5788    11.7677     8.7177     2.9603     0.9425
870.0  17.702712    52.4190    38.1745    59.5413    11.5084     7.7651     2.6317     0.9417
880.0  17.720848    52.0921    37.2735    59.5014    11.2509     6.8143     2.3049     0.9409
890.0  17.739133    51.7641    36.3746    59.4588    10.9952     5.8660     1.9803     0.9401
900.0  17.757569    51.4349    35.4779    59.4134    10.7415     4.9206     1.6578     0.9393
910.0  17.776159    51.1045    34.5839    59.3649    10.4899     3.9786     1.3378     0.9385
920.0  17.794905    50.7730    33.6930    59.3130    10.2405     3.0406     1.0203     0.9376
930.0  17.813811    50.4403    32.8055    59.2577     9.9935     2.1072     0.7057     0.9368
940.0  17.832878    50.1064    31.9220    59.1986     9.7489     1.1790     0.3940     0.9359
