#T volume alpha alpha_xx alpha_yy alpha_zz alpha_yz alpha_zy alpha_xz alpha_zx alpha_xy alpha_yx
0.0  10.993887   0.0000e+00   1.4186e-08   1.4186e-08   1.4186e-08  -3.9431e-25  -3.9431e-25  -3.9431e-25   3.9431e-25   3.9431e-25   3.9431e-25
10.0  10.993889   1.0758e-08   1.0758e-08   1.0758e-08   1.0758e-08   1.0924e-25   1.0924e-25   1.0924e-25  -1.0924e-25  -1.0924e-25  -1.0924e-25
20.0  10.993902   8.1962e-08   8.1962e-08   8.1962e-08   8.1962e-08  -2.2165e-25  -2.2165e-25  -2.2165e-25   2.2165e-25   2.2165e-25   2.2165e-25
30.0  10.993961   3.1858e-07   3.1858e-07   3.1858e-07   3.1858e-07   1.0692e-23   1.0692e-23   1.0692e-23  -1.0692e-23  -1.0692e-23  -1.0692e-23
40.0  10.994143   8.3845e-07   8.3845e-07   8.3845e-07   8.3845e-07   1.1557e-23   1.1557e-23   1.1557e-23  -1.1557e-23  -1.1557e-23  -1.1557e-23
50.0  10.994543   1.6236e-06   1.6237e-06   1.6237e-06   1.6237e-06  -2.1748e-23  -2.1748e-23  -2.1748e-23   2.1748e-23   2.1748e-23   2.1748e-23
60.0  10.995232   2.5674e-06   2.5674e-06   2.5674e-06   2.5674e-06   7.5003e-23   7.5003e-23   7.5003e-23  -7.5003e-23  -7.5003e-23  -7.5003e-23
70.0  10.996243   3.5606e-06   3.5607e-06   3.5607e-06   3.5607e-06   5.4012e-23   5.4012e-23   5.4012e-23  -5.4012e-23  -5.4012e-23  -5.4012e-23
80.0  10.997578   4.5278e-06   4.5278e-06   4.5278e-06   4.5278e-06  -1.7592e-22  -1.7592e-22  -1.7592e-22   1.7592e-22   1.7592e-22   1.7592e-22
90.0  10.999223   5.4270e-06   5.4271e-06   5.4271e-06   5.4271e-06  -1.7508e-22  -1.7508e-22  -1.7508e-22   1.7508e-22   1.7508e-22   1.7508e-22
100.0  11.001151   6.2406e-06   6.2407e-06   6.2407e-06   6.2407e-06  -1.1313e-22  -1.1313e-22  -1.1313e-22   1.1313e-22   1.1313e-22   1.1313e-22
110.0  11.003332   6.9652e-06   6.9653e-06   6.9653e-06   6.9653e-06   1.4348e-22   1.4348e-22   1.4348e-22  -1.4348e-22  -1.4348e-22  -1.4348e-22
120.0  11.005740   7.6052e-06   7.6052e-06   7.6052e-06   7.6052e-06  -5.8153e-23  -5.8153e-23  -5.8153e-23   5.8153e-23   5.8153e-23   5.8153e-23
130.0  11.008346   8.1683e-06   8.1684e-06   8.1684e-06   8.1684e-06   2.8863e-22   2.8863e-22   2.8863e-22  -2.8863e-22  -2.8863e-22  -2.8863e-22
140.0  11.011127   8.6636e-06   8.6637e-06   8.6637e-06   8.6637e-06  -2.1700e-22  -2.1700e-22  -2.1700e-22   2.1700e-22   2.1700e-22   2.1700e-22
150.0  11.014063   9.0999e-06   9.1000e-06   9.1000e-06   9.1000e-06   5.6176e-23   5.6176e-23   5.6176e-23  -5.6176e-23  -5.6176e-23  -5.6176e-23
160.0  11.017136   9.4853e-06   9.4854e-06   9.4854e-06   9.4854e-06   4.2114e-22   4.2114e-22   4.2114e-22  -4.2114e-22  -4.2114e-22  -4.2114e-22
170.0  11.020329   9.8271e-06   9.8272e-06   9.8272e-06   9.8272e-06  -2.1352e-22  -2.1352e-22  -2.1352e-22   2.1352e-22   2.1352e-22   2.1352e-22
180.0  11.023629   1.0132e-05   1.0132e-05   1.0132e-05   1.0132e-05  -4.0146e-22  -4.0146e-22  -4.0146e-22   4.0146e-22   4.0146e-22   4.0146e-22
190.0  11.027026   1.0404e-05   1.0404e-05   1.0404e-05   1.0404e-05   9.7976e-23   1.2915e-21   9.7976e-23   1.4228e-21   1.4228e-21   1.4228e-21
200.0  11.030510   1.0649e-05   1.0649e-05   1.0649e-05   1.0649e-05   2.9295e-22   2.9295e-22   2.9295e-22  -2.9295e-22  -2.9295e-22  -2.9295e-22
210.0  11.034071   1.0870e-05   1.0870e-05   1.0870e-05   1.0870e-05  -2.8873e-22  -2.8873e-22  -2.8873e-22   2.8873e-22   2.8873e-22   2.8873e-22
220.0  11.037704   1.1071e-05   1.1071e-05   1.1071e-05   1.1071e-05  -1.8071e-22  -1.8071e-22  -1.8071e-22   1.8071e-22   1.8071e-22   1.8071e-22
230.0  11.041402   1.1255e-05   1.1255e-05   1.1255e-05   1.1255e-05   2.1437e-22   2.1437e-22   2.1437e-22  -2.1437e-22  -2.1437e-22  -2.1437e-22
240.0  11.045158   1.1423e-05   1.1423e-05   1.1423e-05   1.1423e-05   2.9344e-22   2.9344e-22   2.9344e-22  -2.9344e-22  -2.9344e-22  -2.9344e-22
250.0  11.048970   1.1578e-05   1.1578e-05   1.1578e-05   1.1578e-05   3.4282e-22   3.4282e-22   3.4282e-22  -3.4282e-22  -3.4282e-22  -3.4282e-22
260.0  11.052833   1.1721e-05   1.1721e-05   1.1721e-05   1.1721e-05  -2.5295e-22  -2.5295e-22  -2.5295e-22   2.5295e-22   2.5295e-22   2.5295e-22
270.0  11.056742   1.1855e-05   1.1855e-05   1.1855e-05   1.1855e-05   1.5941e-23   1.5941e-23   1.5941e-23  -1.5941e-23  -1.5941e-23  -1.5941e-23
280.0  11.060696   1.1979e-05   1.1979e-05   1.1979e-05   1.1979e-05   1.2882e-22   1.2882e-22   1.2882e-22  -1.2882e-22  -1.2882e-22  -1.2882e-22
290.0  11.064691   1.2096e-05   1.2096e-05   1.2096e-05   1.2096e-05  -2.5456e-22   1.2735e-21  -2.5456e-22   1.6081e-21   1.6081e-21   1.6081e-21
300.0  11.068725   1.2205e-05   1.2205e-05   1.2205e-05   1.2205e-05   4.0149e-22   4.0149e-22   4.0149e-22  -4.0149e-22  -4.0149e-22  -4.0149e-22
310.0  11.072796   1.2309e-05   1.2309e-05   1.2309e-05   1.2309e-05  -4.0234e-22  -4.0234e-22  -4.0234e-22   4.0234e-22   4.0234e-22   4.0234e-22
320.0  11.076902   1.2407e-05   1.2407e-05   1.2407e-05   1.2407e-05   2.3781e-22   2.3781e-22   2.3781e-22  -2.3781e-22  -2.3781e-22  -2.3781e-22
330.0  11.081042   1.2501e-05   1.2501e-05   1.2501e-05   1.2501e-05   1.8180e-22   1.8180e-22   1.8180e-22  -1.8180e-22  -1.8180e-22  -1.8180e-22
340.0  11.085213   1.2590e-05   1.2590e-05   1.2590e-05   1.2590e-05  -8.6753e-23  -8.6753e-23  -8.6753e-23   8.6753e-23   8.6753e-23   8.6753e-23
350.0  11.089415   1.2675e-05   1.2675e-05   1.2675e-05   1.2675e-05  -6.2679e-23  -6.2679e-23  -6.2679e-23   6.2679e-23   6.2679e-23   6.2679e-23
360.0  11.093646   1.2757e-05   1.2757e-05   1.2757e-05   1.2757e-05  -9.6852e-22   1.5386e-21  -9.6852e-22   1.4090e-21   1.4090e-21   1.4090e-21
370.0  11.097906   1.2836e-05   1.2836e-05   1.2836e-05   1.2836e-05  -1.4947e-21   1.0282e-21  -1.4947e-21   1.0803e-21   1.0803e-21   1.0803e-21
380.0  11.102193   1.2911e-05   1.2912e-05   1.2912e-05   1.2912e-05  -3.7752e-22  -3.7752e-22  -3.7752e-22   3.7752e-22   3.7752e-22   3.7752e-22
390.0  11.106506   1.2985e-05   1.2985e-05   1.2985e-05   1.2985e-05   2.0086e-22   2.0086e-22   2.0086e-22  -2.0086e-22  -2.0086e-22  -2.0086e-22
400.0  11.110846   1.3056e-05   1.3056e-05   1.3056e-05   1.3056e-05   3.8739e-23   3.8739e-23   3.8739e-23  -3.8739e-23  -3.8739e-23  -3.8739e-23
410.0  11.115210   1.3125e-05   1.3125e-05   1.3125e-05   1.3125e-05  -1.6458e-22  -1.6458e-22  -1.6458e-22   1.6458e-22   1.6458e-22   1.6458e-22
420.0  11.119599   1.3192e-05   1.3192e-05   1.3192e-05   1.3192e-05  -1.3820e-22  -1.3820e-22  -1.3820e-22   1.3820e-22   1.3820e-22   1.3820e-22
430.0  11.124011   1.3258e-05   1.3258e-05   1.3258e-05   1.3258e-05  -4.1712e-22  -4.1712e-22  -4.1712e-22   4.1712e-22   4.1712e-22   4.1712e-22
440.0  11.128447   1.3322e-05   1.3322e-05   1.3322e-05   1.3322e-05   3.5802e-23   3.5802e-23   3.5802e-23  -3.5802e-23  -3.5802e-23  -3.5802e-23
450.0  11.132906   1.3385e-05   1.3385e-05   1.3385e-05   1.3385e-05   5.0253e-23   5.0253e-23   5.0253e-23  -5.0253e-23  -5.0253e-23  -5.0253e-23
460.0  11.137388   1.3446e-05   1.3446e-05   1.3446e-05   1.3446e-05  -1.8563e-22  -1.8563e-22  -1.8563e-22   1.8563e-22   1.8563e-22   1.8563e-22
470.0  11.141891   1.3506e-05   1.3506e-05   1.3506e-05   1.3506e-05  -4.1202e-22  -4.1202e-22  -4.1202e-22   4.1202e-22   4.1202e-22   4.1202e-22
480.0  11.146417   1.3565e-05   1.3565e-05   1.3565e-05   1.3565e-05   1.3614e-22   1.3614e-22   1.3614e-22  -1.3614e-22  -1.3614e-22  -1.3614e-22
490.0  11.150964   1.3624e-05   1.3624e-05   1.3624e-05   1.3624e-05  -6.6985e-24  -6.6985e-24  -6.6985e-24   6.6985e-24   6.6985e-24   6.6985e-24
500.0  11.155532   1.3681e-05   1.3681e-05   1.3681e-05   1.3681e-05  -9.9140e-23  -9.9140e-23  -9.9140e-23   9.9140e-23   9.9140e-23   9.9140e-23
510.0  11.160121   1.3738e-05   1.3738e-05   1.3738e-05   1.3738e-05  -2.0571e-22  -2.0571e-22  -2.0571e-22   2.0571e-22   2.0571e-22   2.0571e-22
520.0  11.164730   1.3793e-05   1.3793e-05   1.3793e-05   1.3793e-05  -2.1485e-22  -2.1485e-22  -2.1485e-22   2.1485e-22   2.1485e-22   2.1485e-22
530.0  11.169360   1.3849e-05   1.3849e-05   1.3849e-05   1.3849e-05   2.2141e-22   1.2552e-21   2.2141e-22   9.5577e-22   9.5577e-22   9.5577e-22
540.0  11.174011   1.3903e-05   1.3903e-05   1.3903e-05   1.3903e-05  -1.7189e-23  -1.7189e-23  -1.7189e-23   1.7189e-23   1.7189e-23   1.7189e-23
550.0  11.178682   1.3958e-05   1.3957e-05   1.3957e-05   1.3957e-05   3.5941e-22   3.5941e-22   3.5941e-22  -3.5941e-22  -3.5941e-22  -3.5941e-22
560.0  11.183373   1.4011e-05   1.4011e-05   1.4011e-05   1.4011e-05  -1.2579e-22  -1.2579e-22  -1.2579e-22   1.2579e-22   1.2579e-22   1.2579e-22
570.0  11.188083   1.4064e-05   1.4064e-05   1.4064e-05   1.4064e-05  -1.5826e-22   1.7666e-21  -1.5826e-22   1.3134e-21   1.3134e-21   1.3134e-21
580.0  11.192814   1.4117e-05   1.4117e-05   1.4117e-05   1.4117e-05  -1.1850e-22   9.7011e-22  -1.1850e-22   1.2683e-21   1.2683e-21   1.2683e-21
590.0  11.197564   1.4170e-05   1.4170e-05   1.4170e-05   1.4170e-05   3.7375e-22   1.4731e-21   3.7375e-22   1.6177e-21   1.6177e-21   1.6177e-21
600.0  11.202334   1.4222e-05   1.4222e-05   1.4222e-05   1.4222e-05  -1.3492e-21   1.4549e-21  -1.3492e-21   1.6412e-21   1.6412e-21   1.6412e-21
610.0  11.207123   1.4274e-05   1.4274e-05   1.4274e-05   1.4274e-05  -6.8909e-23  -6.8909e-23  -6.8909e-23   6.8909e-23   6.8909e-23   6.8909e-23
620.0  11.211932   1.4326e-05   1.4325e-05   1.4325e-05   1.4325e-05   2.6513e-22   2.6513e-22   2.6513e-22  -2.6513e-22  -2.6513e-22  -2.6513e-22
630.0  11.216760   1.4377e-05   1.4377e-05   1.4377e-05   1.4377e-05  -1.9396e-22  -1.9396e-22  -1.9396e-22   1.9396e-22   1.9396e-22   1.9396e-22
640.0  11.221608   1.4428e-05   1.4428e-05   1.4428e-05   1.4428e-05   3.6764e-22   1.5200e-21   3.6764e-22   1.5973e-21   1.5973e-21   1.5973e-21
650.0  11.226475   1.4479e-05   1.4479e-05   1.4479e-05   1.4479e-05   2.5409e-22   2.5409e-22   2.5409e-22  -2.5409e-22  -2.5409e-22  -2.5409e-22
660.0  11.231361   1.4530e-05   1.4530e-05   1.4530e-05   1.4530e-05  -3.2875e-22  -3.2875e-22  -3.2875e-22   3.2875e-22   3.2875e-22   3.2875e-22
670.0  11.236266   1.4581e-05   1.4581e-05   1.4581e-05   1.4581e-05  -3.5904e-23  -3.5904e-23  -3.5904e-23   3.5904e-23   3.5904e-23   3.5904e-23
680.0  11.241191   1.4632e-05   1.4632e-05   1.4632e-05   1.4632e-05   3.5703e-22   3.5703e-22   3.5703e-22  -3.5703e-22  -3.5703e-22  -3.5703e-22
690.0  11.246135   1.4683e-05   1.4683e-05   1.4683e-05   1.4683e-05  -1.5414e-22  -1.5414e-22  -1.5414e-22   1.5414e-22   1.5414e-22   1.5414e-22
700.0  11.251099   1.4733e-05   1.4733e-05   1.4733e-05   1.4733e-05  -2.5603e-22  -2.5603e-22  -2.5603e-22   2.5603e-22   2.5603e-22   2.5603e-22
710.0  11.256081   1.4784e-05   1.4784e-05   1.4784e-05   1.4784e-05   1.0798e-22   1.3335e-21   1.0798e-22   1.8204e-21   1.8204e-21   1.8204e-21
720.0  11.261083   1.4835e-05   1.4835e-05   1.4835e-05   1.4835e-05   1.6814e-22   1.6814e-22   1.6814e-22  -1.6814e-22  -1.6814e-22  -1.6814e-22
730.0  11.266105   1.4885e-05   1.4885e-05   1.4885e-05   1.4885e-05  -3.2487e-22  -3.2487e-22  -3.2487e-22   3.2487e-22   3.2487e-22   3.2487e-22
740.0  11.271145   1.4936e-05   1.4936e-05   1.4936e-05   1.4936e-05  -2.6125e-22  -2.6125e-22  -2.6125e-22   2.6125e-22   2.6125e-22   2.6125e-22
750.0  11.276206   1.4987e-05   1.4987e-05   1.4987e-05   1.4987e-05   4.1783e-22   4.1783e-22   4.1783e-22  -4.1783e-22  -4.1783e-22  -4.1783e-22
760.0  11.281285   1.5038e-05   1.5037e-05   1.5037e-05   1.5037e-05   3.1130e-22   1.5891e-21   3.1130e-22   1.5909e-21   1.5909e-21   1.5909e-21
770.0  11.286384   1.5088e-05   1.5088e-05   1.5088e-05   1.5088e-05  -1.7284e-22  -1.7284e-22  -1.7284e-22   1.7284e-22   1.7284e-22   1.7284e-22
780.0  11.291503   1.5139e-05   1.5139e-05   1.5139e-05   1.5139e-05   2.2725e-22   2.2725e-22   2.2725e-22  -2.2725e-22  -2.2725e-22  -2.2725e-22
790.0  11.296641   1.5191e-05   1.5190e-05   1.5190e-05   1.5190e-05   1.2001e-22   1.2001e-22   1.2001e-22  -1.2001e-22  -1.2001e-22  -1.2001e-22
800.0  11.301799   1.5242e-05   1.5241e-05   1.5241e-05   1.5241e-05  -2.0375e-23  -2.0375e-23  -2.0375e-23   2.0375e-23   2.0375e-23   2.0375e-23
810.0  11.306977   1.5293e-05   1.5293e-05   1.5293e-05   1.5293e-05   3.8032e-22   3.8032e-22   3.8032e-22  -3.8032e-22  -3.8032e-22  -3.8032e-22
820.0  11.312174   1.5344e-05   1.5344e-05   1.5344e-05   1.5344e-05  -2.9992e-22  -2.9992e-22  -2.9992e-22   2.9992e-22   2.9992e-22   2.9992e-22
830.0  11.317391   1.5396e-05   1.5396e-05   1.5396e-05   1.5396e-05  -3.8672e-22  -3.8672e-22  -3.8672e-22   3.8672e-22   3.8672e-22   3.8672e-22
840.0  11.322629   1.5448e-05   1.5448e-05   1.5448e-05   1.5448e-05  -1.9701e-23  -1.9701e-23  -1.9701e-23   1.9701e-23   1.9701e-23   1.9701e-23
850.0  11.327886   1.5500e-05   1.5500e-05   1.5500e-05   1.5500e-05   5.7416e-22   1.9475e-21   5.7416e-22   1.2803e-21   1.2803e-21   1.2803e-21
860.0  11.333164   1.5552e-05   1.5552e-05   1.5552e-05   1.5552e-05  -2.0973e-22  -2.0973e-22  -2.0973e-22   2.0973e-22   2.0973e-22   2.0973e-22
870.0  11.338461   1.5605e-05   1.5604e-05   1.5604e-05   1.5604e-05   8.2661e-22   8.2661e-22   8.2661e-22  -8.2661e-22  -8.2661e-22  -8.2661e-22
880.0  11.343780   1.5657e-05   1.5657e-05   1.5657e-05   1.5657e-05  -8.0999e-22  -8.0999e-22  -8.0999e-22   8.0999e-22   8.0999e-22   8.0999e-22
890.0  11.349118   1.5710e-05   1.5710e-05   1.5710e-05   1.5710e-05  -2.3577e-21   7.5325e-22  -2.3577e-21   8.0222e-22   8.0222e-22   8.0222e-22
900.0  11.354477   1.5763e-05   1.5763e-05   1.5763e-05   1.5763e-05   3.3548e-22   3.3548e-22   3.3548e-22  -3.3548e-22  -3.3548e-22  -3.3548e-22
910.0  11.359857   1.5817e-05   1.5816e-05   1.5816e-05   1.5816e-05   4.8080e-22   1.9198e-21   4.8080e-22   1.3408e-21   1.3408e-21   1.3408e-21
920.0  11.365258   1.5870e-05   1.5870e-05   1.5870e-05   1.5870e-05  -6.0876e-22  -6.0876e-22  -6.0876e-22   6.0876e-22   6.0876e-22   6.0876e-22
930.0  11.370679   1.5924e-05   1.5924e-05   1.5924e-05   1.5924e-05  -1.9738e-21   1.1816e-21  -1.9738e-21   2.0902e-21   2.0902e-21   2.0902e-21
940.0  11.376122   1.5979e-05   1.5978e-05   1.5978e-05   1.5978e-05  -7.4027e-22  -7.4027e-22  -7.4027e-22   7.4027e-22   7.4027e-22   7.4027e-22
950.0  11.381586   1.6033e-05   1.6033e-05   1.6033e-05   1.6033e-05   7.6338e-22   7.6338e-22   7.6338e-22  -7.6338e-22  -7.6338e-22  -7.6338e-22
960.0  11.387071   1.6088e-05   1.6088e-05   1.6088e-05   1.6088e-05  -2.6465e-22  -2.6465e-22  -2.6465e-22   2.6465e-22   2.6465e-22   2.6465e-22
970.0  11.392578   1.6143e-05   1.6143e-05   1.6143e-05   1.6143e-05  -5.7492e-22  -5.7492e-22  -5.7492e-22   5.7492e-22   5.7492e-22   5.7492e-22
980.0  11.398106   1.6199e-05   1.6199e-05   1.6199e-05   1.6199e-05   5.6034e-22   5.6034e-22   5.6034e-22  -5.6034e-22  -5.6034e-22  -5.6034e-22
990.0  11.403656   1.6255e-05   1.6255e-05   1.6255e-05   1.6255e-05   5.9951e-22   5.9951e-22   5.9951e-22  -5.9951e-22  -5.9951e-22  -5.9951e-22
1000.0  11.409228   1.6312e-05   1.6311e-05   1.6311e-05   1.6311e-05   8.4215e-22   8.4215e-22   8.4215e-22  -8.4215e-22  -8.4215e-22  -8.4215e-22
1010.0  11.414822   1.6368e-05   1.6368e-05   1.6368e-05   1.6368e-05   7.1824e-22   7.1824e-22   7.1824e-22  -7.1824e-22  -7.1824e-22  -7.1824e-22
1020.0  11.420439   1.6426e-05   1.6425e-05   1.6425e-05   1.6425e-05   3.1026e-22   3.1026e-22   3.1026e-22  -3.1026e-22  -3.1026e-22  -3.1026e-22
1030.0  11.426077   1.6483e-05   1.6483e-05   1.6483e-05   1.6483e-05  -4.1856e-22  -4.1856e-22  -4.1856e-22   4.1856e-22   4.1856e-22   4.1856e-22
1040.0  11.431739   1.6541e-05   1.6541e-05   1.6541e-05   1.6541e-05   3.3538e-22   3.3538e-22   3.3538e-22  -3.3538e-22  -3.3538e-22  -3.3538e-22
1050.0  11.437423   1.6600e-05   1.6600e-05   1.6600e-05   1.6600e-05  -1.8613e-21   1.4344e-21  -1.8613e-21   1.9075e-21   1.9075e-21   1.9075e-21
1060.0  11.443131   1.6659e-05   1.6659e-05   1.6659e-05   1.6659e-05  -7.5002e-23  -7.5002e-23  -7.5002e-23   7.5002e-23   7.5002e-23   7.5002e-23
1070.0  11.448861   1.6719e-05   1.6718e-05   1.6718e-05   1.6718e-05  -8.4105e-22  -8.4105e-22  -8.4105e-22   8.4105e-22   8.4105e-22   8.4105e-22
1080.0  11.454615   1.6779e-05   1.6778e-05   1.6778e-05   1.6778e-05  -1.5643e-21   1.7685e-21  -1.5643e-21   1.5920e-21   1.5920e-21   1.5920e-21
1090.0  11.460393   1.6839e-05   1.6839e-05   1.6839e-05   1.6839e-05   3.0334e-22   3.0334e-22   3.0334e-22  -3.0334e-22  -3.0334e-22  -3.0334e-22
1100.0  11.466195   1.6900e-05   1.6900e-05   1.6900e-05   1.6900e-05   5.4342e-22   5.4342e-22   5.4342e-22  -5.4342e-22  -5.4342e-22  -5.4342e-22
1110.0  11.472020   1.6962e-05   1.6962e-05   1.6962e-05   1.6962e-05  -7.8968e-22  -7.8968e-22  -7.8968e-22   7.8968e-22   7.8968e-22   7.8968e-22
1120.0  11.477870   1.7024e-05   1.7024e-05   1.7024e-05   1.7024e-05  -6.1979e-22  -6.1979e-22  -6.1979e-22   6.1979e-22   6.1979e-22   6.1979e-22
1130.0  11.483744   1.7087e-05   1.7087e-05   1.7087e-05   1.7087e-05  -2.5951e-22   1.4434e-21  -2.5951e-22   1.9492e-21   1.9492e-21   1.9492e-21
1140.0  11.489644   1.7151e-05   1.7150e-05   1.7150e-05   1.7150e-05  -1.2928e-23   1.7032e-21  -1.2928e-23   1.6960e-21   1.6960e-21   1.6960e-21
1150.0  11.495568   1.7215e-05   1.7214e-05   1.7214e-05   1.7214e-05  -9.8457e-23  -9.8457e-23  -9.8457e-23   9.8457e-23   9.8457e-23   9.8457e-23
1160.0  11.501517   1.7279e-05   1.7279e-05   1.7279e-05   1.7279e-05   7.4100e-22   7.4100e-22   7.4100e-22  -7.4100e-22  -7.4100e-22  -7.4100e-22
1170.0  11.507492   1.7345e-05   1.7344e-05   1.7344e-05   1.7344e-05   2.9787e-22   2.0544e-21   2.9787e-22   1.3650e-21   1.3650e-21   1.3650e-21
1180.0  11.513493   1.7411e-05   1.7411e-05   1.7411e-05   1.7411e-05  -7.5563e-22  -7.5563e-22  -7.5563e-22   7.5563e-22   7.5563e-22   7.5563e-22
1190.0  11.519520   1.7478e-05   1.7477e-05   1.7477e-05   1.7477e-05   3.3653e-22   3.3653e-22   3.3653e-22  -3.3653e-22  -3.3653e-22  -3.3653e-22
1200.0  11.525573   1.7545e-05   1.7545e-05   1.7545e-05   1.7545e-05  -1.9306e-21   1.5617e-21  -1.9306e-21   1.8785e-21   1.8785e-21   1.8785e-21
1210.0  11.531653   1.7613e-05   1.7613e-05   1.7613e-05   1.7613e-05   6.7111e-22   6.7111e-22   6.7111e-22  -6.7111e-22  -6.7111e-22  -6.7111e-22
1220.0  11.537760   1.7682e-05   1.7682e-05   1.7682e-05   1.7682e-05  -4.6238e-22  -4.6238e-22  -4.6238e-22   4.6238e-22   4.6238e-22   4.6238e-22
1230.0  11.543894   1.7752e-05   1.7752e-05   1.7752e-05   1.7752e-05  -1.8752e-22  -1.8752e-22  -1.8752e-22   1.8752e-22   1.8752e-22   1.8752e-22
1240.0  11.550056   1.7823e-05   1.7822e-05   1.7822e-05   1.7822e-05   2.4643e-22   2.4643e-22   2.4643e-22  -2.4643e-22  -2.4643e-22  -2.4643e-22
1250.0  11.556245   1.7894e-05   1.7894e-05   1.7894e-05   1.7894e-05   3.4358e-22   3.4358e-22   3.4358e-22  -3.4358e-22  -3.4358e-22  -3.4358e-22
1260.0  11.562463   1.7966e-05   1.7966e-05   1.7966e-05   1.7966e-05  -6.1175e-22  -6.1175e-22  -6.1175e-22   6.1175e-22   6.1175e-22   6.1175e-22
1270.0  11.568709   1.8039e-05   1.8039e-05   1.8039e-05   1.8039e-05  -8.2308e-22  -8.2308e-22  -8.2308e-22   8.2308e-22   8.2308e-22   8.2308e-22
1280.0  11.574984   1.8113e-05   1.8113e-05   1.8113e-05   1.8113e-05  -1.1309e-22   1.8033e-21  -1.1309e-22   1.6960e-21   1.6960e-21   1.6960e-21
1290.0  11.581289   1.8188e-05   1.8188e-05   1.8188e-05   1.8188e-05   1.5717e-22   1.5717e-22   1.5717e-22  -1.5717e-22  -1.5717e-22  -1.5717e-22
1300.0  11.587623   1.8264e-05   1.8263e-05   1.8263e-05   1.8263e-05   7.7773e-22   7.7773e-22   7.7773e-22  -7.7773e-22  -7.7773e-22  -7.7773e-22
1310.0  11.593987   1.8340e-05   1.8340e-05   1.8340e-05   1.8340e-05  -3.7540e-22  -3.7540e-22  -3.7540e-22   3.7540e-22   3.7540e-22   3.7540e-22
1320.0  11.600381   1.8418e-05   1.8418e-05   1.8418e-05   1.8418e-05  -6.2710e-22  -6.2710e-22  -6.2710e-22   6.2710e-22   6.2710e-22   6.2710e-22
1330.0  11.606806   1.8497e-05   1.8497e-05   1.8497e-05   1.8497e-05   1.7230e-22   1.7230e-22   1.7230e-22  -1.7230e-22  -1.7230e-22  -1.7230e-22
1340.0  11.613263   1.8577e-05   1.8576e-05   1.8576e-05   1.8576e-05   6.1781e-22   6.1781e-22   6.1781e-22  -6.1781e-22  -6.1781e-22  -6.1781e-22
1350.0  11.619751   1.8657e-05   1.8657e-05   1.8657e-05   1.8657e-05   4.0861e-22   2.4383e-21   4.0861e-22   1.1177e-21   1.1177e-21   1.1177e-21
1360.0  11.626271   1.8739e-05   1.8739e-05   1.8739e-05   1.8739e-05  -7.5101e-22  -7.5101e-22  -7.5101e-22   7.5101e-22   7.5101e-22   7.5101e-22
1370.0  11.632823   1.8822e-05   1.8822e-05   1.8822e-05   1.8822e-05   2.6602e-22   2.6602e-22   2.6602e-22  -2.6602e-22  -2.6602e-22  -2.6602e-22
1380.0  11.639408   1.8907e-05   1.8906e-05   1.8906e-05   1.8906e-05  -5.4762e-22   1.5339e-21  -5.4762e-22   2.0480e-21   2.0480e-21   2.0480e-21
1390.0  11.646027   1.8992e-05   1.8992e-05   1.8992e-05   1.8992e-05  -3.6045e-23   2.0632e-21  -3.6045e-23   1.5275e-21   1.5275e-21   1.5275e-21
1400.0  11.652679   1.9079e-05   1.9078e-05   1.9078e-05   1.9078e-05   3.9196e-22   3.9196e-22   3.9196e-22  -3.9196e-22  -3.9196e-22  -3.9196e-22
1410.0  11.659366   1.9166e-05   1.9166e-05   1.9166e-05   1.9166e-05  -4.7049e-22  -4.7049e-22  -4.7049e-22   4.7049e-22   4.7049e-22   4.7049e-22
1420.0  11.666087   1.9255e-05   1.9255e-05   1.9255e-05   1.9255e-05   3.0417e-22   3.0417e-22   3.0417e-22  -3.0417e-22  -3.0417e-22  -3.0417e-22
1430.0  11.672844   1.9346e-05   1.9346e-05   1.9346e-05   1.9346e-05  -5.1177e-22  -5.1177e-22  -5.1177e-22   5.1177e-22   5.1177e-22   5.1177e-22
1440.0  11.679637   1.9438e-05   1.9438e-05   1.9438e-05   1.9438e-05  -8.4456e-22  -8.4456e-22  -8.4456e-22   8.4456e-22   8.4456e-22   8.4456e-22
1450.0  11.686466   1.9531e-05   1.9531e-05   1.9531e-05   1.9531e-05  -7.9811e-22  -7.9811e-22  -7.9811e-22   7.9811e-22   7.9811e-22   7.9811e-22
1460.0  11.693332   1.9625e-05   1.9625e-05   1.9625e-05   1.9625e-05  -2.0101e-22  -2.0101e-22  -2.0101e-22   2.0101e-22   2.0101e-22   2.0101e-22
1470.0  11.700235   1.9721e-05   1.9721e-05   1.9721e-05   1.9721e-05   1.5263e-22   1.5263e-22   1.5263e-22  -1.5263e-22  -1.5263e-22  -1.5263e-22
1480.0  11.707177   1.9819e-05   1.9819e-05   1.9819e-05   1.9819e-05  -4.9631e-22  -4.9631e-22  -4.9631e-22   4.9631e-22   4.9631e-22   4.9631e-22
1490.0  11.714157   1.9918e-05   1.9918e-05   1.9918e-05   1.9918e-05   9.3193e-23   2.3853e-21   9.3193e-23   1.3019e-21   1.3019e-21   1.3019e-21
1500.0  11.721176   2.0019e-05   2.0019e-05   2.0019e-05   2.0019e-05   3.2669e-23   3.2669e-23   3.2669e-23  -3.2669e-23  -3.2669e-23  -3.2669e-23
1510.0  11.728236   2.0121e-05   2.0121e-05   2.0121e-05   2.0121e-05   7.2184e-22   7.2184e-22   7.2184e-22  -7.2184e-22  -7.2184e-22  -7.2184e-22
1520.0  11.735336   2.0225e-05   2.0225e-05   2.0225e-05   2.0225e-05   6.8949e-22   1.3514e-21   6.8949e-22   2.3677e-21   2.3677e-21   2.3677e-21
1530.0  11.742477   2.0331e-05   2.0331e-05   2.0331e-05   2.0331e-05  -6.5696e-22  -6.5696e-22  -6.5696e-22   6.5696e-22   6.5696e-22   6.5696e-22
1540.0  11.749660   2.0439e-05   2.0439e-05   2.0439e-05   2.0439e-05   2.3410e-22   2.6345e-21   2.3410e-22   2.8009e-21   2.8009e-21   2.8009e-21
1550.0  11.756886   2.0548e-05   2.0548e-05   2.0548e-05   2.0548e-05   5.6970e-22   5.6970e-22   5.6970e-22  -5.6970e-22  -5.6970e-22  -5.6970e-22
1560.0  11.764155   2.0659e-05   2.0660e-05   2.0660e-05   2.0660e-05   6.3786e-22   6.3786e-22   6.3786e-22  -6.3786e-22  -6.3786e-22  -6.3786e-22
1570.0  11.771469   2.0773e-05   2.0773e-05   2.0773e-05   2.0773e-05  -7.9517e-22   1.6747e-21  -7.9517e-22   2.1013e-21   2.1013e-21   2.1013e-21
1580.0  11.778827   2.0888e-05   2.0888e-05   2.0888e-05   2.0888e-05   1.7335e-22   2.6672e-21   1.7335e-22   2.8149e-21   2.8149e-21   2.8149e-21
1590.0  11.786231   2.1005e-05   2.1005e-05   2.1005e-05   2.1005e-05   2.0884e-22   2.0884e-22   2.0884e-22  -2.0884e-22  -2.0884e-22  -2.0884e-22
1600.0  11.793682   2.1125e-05   2.1125e-05   2.1125e-05   2.1125e-05   6.8894e-22   1.5380e-21   6.8894e-22   2.2747e-21   2.2747e-21   2.2747e-21
1610.0  11.801180   2.1246e-05   2.1247e-05   2.1247e-05   2.1247e-05   3.2205e-22   3.2205e-22   3.2205e-22  -3.2205e-22  -3.2205e-22  -3.2205e-22
1620.0  11.808726   2.1370e-05   2.1371e-05   2.1371e-05   2.1371e-05  -7.3483e-22  -7.3483e-22  -7.3483e-22   7.3483e-22   7.3483e-22   7.3483e-22
1630.0  11.816321   2.1497e-05   2.1497e-05   2.1497e-05   2.1497e-05   1.3453e-22   1.3453e-22   1.3453e-22  -1.3453e-22  -1.3453e-22  -1.3453e-22
1640.0  11.823967   2.1625e-05   2.1626e-05   2.1626e-05   2.1626e-05   2.6313e-22   2.6313e-22   2.6313e-22  -2.6313e-22  -2.6313e-22  -2.6313e-22
1650.0  11.831663   2.1756e-05   2.1757e-05   2.1757e-05   2.1757e-05  -1.9363e-22  -1.9363e-22  -1.9363e-22   1.9363e-22   1.9363e-22   1.9363e-22
1660.0  11.839412   2.1890e-05   2.1891e-05   2.1891e-05   2.1891e-05  -5.0782e-22  -5.0782e-22  -5.0782e-22   5.0782e-22   5.0782e-22   5.0782e-22
1670.0  11.847214   2.2027e-05   2.2027e-05   2.2027e-05   2.2027e-05   1.0800e-22   1.0800e-22   1.0800e-22  -1.0800e-22  -1.0800e-22  -1.0800e-22
1680.0  11.855070   2.2166e-05   2.2167e-05   2.2167e-05   2.2167e-05   8.1784e-22   8.1784e-22   8.1784e-22  -8.1784e-22  -8.1784e-22  -8.1784e-22
1690.0  11.862981   2.2308e-05   2.2309e-05   2.2309e-05   2.2309e-05   1.6949e-22   1.6949e-22   1.6949e-22  -1.6949e-22  -1.6949e-22  -1.6949e-22
1700.0  11.870948   2.2453e-05   2.2454e-05   2.2454e-05   2.2454e-05  -1.8263e-22  -1.8263e-22  -1.8263e-22   1.8263e-22   1.8263e-22   1.8263e-22
1710.0  11.878973   2.2601e-05   2.2602e-05   2.2602e-05   2.2602e-05  -7.6224e-22   2.0881e-21  -7.6224e-22   1.8782e-21   1.8782e-21   1.8782e-21
1720.0  11.887057   2.2752e-05   2.2754e-05   2.2754e-05   2.2754e-05   6.2262e-22   6.2262e-22   6.2262e-22  -6.2262e-22  -6.2262e-22  -6.2262e-22
1730.0  11.895201   2.2907e-05   2.2908e-05   2.2908e-05   2.2908e-05   2.3828e-22   2.3828e-22   2.3828e-22  -2.3828e-22  -2.3828e-22  -2.3828e-22
