#Found quasiharmonic mode : None
#T(K), volume, F(eV), S(J/K), H(J/K), a(-6/K), Cp(J/mol), Cv, Cpion, Bt(GPa), T_ph-D(K), T-D(K), F_el_atom, S_el_atom, C_el_atom, M_el, Seebeck_coefficients(10**-6 V/K), Lorenz_number(WOK^{-2}), Q_el, Q_p, Q_e, C_mu, W_p, W_e, Y_p, Y_e
0.0 10.993886831896367 -5.743780263568325 0.0 -554190.5463546909 0.0 0.0 0.0 0.0 192.27614127045308 400.0 400.0 0.0 0.0 0.0 0.0 0.0 2.443004551768e-08 0.0 0.0 0.0 0.0 0.0 0.0 0.0 0.0 0.0 0
10.0 10.99388889404251 -5.743783079796613 0.07488419283520482 -554190.0692374844 1.075752408506807e-08 0.12494845341562721 0.12494844015712549 0.08538103916174761 192.27598291472498 283.41827278682536 400.0 -2.050475655604975e-06 0.039567977508538056 0.0395674142538796 -2.5963383817210586e-06 -0.5189496159001026 2.4429676803790344e-08 0.0014465436436114985 0.0007224987903415998 0.0007239089725355956 0.039567883423002576 0.0007214251302464593 0.0007251185133650391 0.0010026701157092649 0.001002670115515446 1240.5598285588176 2.049480664449998
20.0 10.993902132980734 -5.743797336771933 0.26112322026854773 -554186.9712040061 8.196179067529977e-08 0.514993604590838 0.5149920652992556 0.4358474593479696 192.2749663704467 329.1771574700357 400.0 -8.201901091526976e-06 0.07913734393064058 0.07914614524286832 -1.0408361866378284e-05 -1.0460967696782402 2.4433239401160132e-08 0.002893079115514095 0.0014435026639719893 0.001449440571707512 0.07914994093950829 0.0014391319001591338 0.0014539472153549606 0.002005336067849175 0.0020053360676559233 620.2801632614949 0.7181666290941314
30.0 10.993961144043508 -5.743836194789174 0.6190649319780753 -554177.3709491512 3.185761172183474e-07 1.42123518877296 1.4212003062569045 1.3024760421554393 192.27043502852078 341.60300880977206 400.0 -1.8454942670591803e-05 0.1187172998224497 0.11875914661752067 -2.355316182069975e-05 -1.5830121517284577 2.4440247407557597e-08 0.004339833451729014 0.0021630589539447247 0.0021766386192111384 0.11877206033054578 0.0021531420811444434 0.002186691370584571 0.0030081191932137055 0.003008119193020901 413.52084871227987 0.9341012779523846
40.0 10.994143420363663 -5.743921576174944 1.2295167755094982 -554155.000277453 8.38446818318697e-07 3.003647920580809 3.0033257790374153 2.8452478197737245 192.25643801356406 344.6035839899515 400.0 -3.2811285231293914e-05 0.1583128496247863 0.15840010080708494 -4.206719673780665e-05 -2.1180216116080044 2.4446258122070817e-08 0.005787015604338647 0.00288127163626217 0.0029056080905712346 0.15843056663033966 0.0028635470162670746 0.0029234685880715726 0.004011148850284227 0.0040111488500916915 310.1423505352206 1.12543143830871
50.0 10.994543400223302 -5.744081434864219 2.1162601880395058 -554113.7919577983 1.623640527061863e-06 5.07586455426289 5.074354710949972 4.877806334851078 192.22572149523637 346.3434754546633 400.0 -5.127329656214689e-05 0.19792479973929136 0.19805821941181287 -6.59307858837232e-05 -2.6510137971401626 2.445021127608158e-08 0.0072347219874804155 0.003598210004893544 0.0036363761052699306 0.19811721831300586 0.0035704269915057163 0.0036642949959746983 0.005014508424184925 0.00501450842399117 248.1168892832187 1.2713368454704244
60.0 10.995231939416652 -5.744342381754293 3.240506455970867 -554050.3521271965 2.5673997528343767e-06 7.330123529498999 7.325594261147271 7.092371414420848 192.17283866590415 347.75033894646197 400.0 -7.384392651779539e-05 0.23755534347640347 0.2377521150781513 -9.516262216148717e-05 -3.187609575690036 2.445488628155582e-08 0.008683010663408342 0.00431390089538934 0.004368973889508141 0.23785353223979433 0.0042738030976191286 0.004409207565789213 0.006018263351747703 0.006018263351554428 206.76839054970253 1.3827638455809501
70.0 10.996242615604013 -5.744725232953765 4.537800021405347 -553964.0760381899 3.560646135629807e-06 9.5303964645025 9.520236085540944 9.252853377114612 192.0951995175847 348.8752404599178 400.0 -0.0001005270086613064 0.2772128089735765 0.2775430873878881 -0.00012984138488624758 -3.733577480482322 2.4465109557695445e-08 0.010131992111251632 0.005028367583886823 0.005103488646061259 0.27770427347422755 0.004973666844580026 0.005158325266671605 0.007022501245381332 0.007022501245187669 177.23547917520406 1.470155487065185
80.0 10.997578327415495 -5.745244210226072 5.945126345853079 -553856.1856265013 4.5277903494255186e-06 11.548742312663707 11.529973470094061 11.231216931667126 191.99256463770843 349.74387635173764 400.0 -0.0001313278496579781 0.3169132475273037 0.3175253809965817 -0.00017009648156538388 -4.2936303361809225 2.448557703948759e-08 0.01158189692015479 0.005741671079181492 0.005840089955297052 0.31776778617066465 0.005670025386787645 0.005911871533367143 0.008027363506548209 0.008027363506358154 155.08732324719483 1.5404212283805292
90.0 10.999222874140113 -5.745907882832894 7.411648821601942 -553728.7820121136 5.427038750439164e-06 13.337001937495296 13.306682429777851 12.979193981245112 191.8661570868366 350.397460976979 400.0 -0.0001662538660583928 0.35667939474176136 0.357807956250184 -0.00021609673963518208 -4.871534680625883 2.4519622803395807e-08 0.013033102212349244 0.006453930157488634 0.006579036163398811 0.35815781806069075 0.00636292645194027 0.006670175760408973 0.009033058509298178 0.009033058509104025 137.86226960145117 1.5979509270703491
100.0 11.001150543323535 -5.746720529397334 8.900161150531362 -553584.2227646708 6.240622420781055e-06 14.89247181871791 14.847952340951382 14.493974926388171 191.71792837937625 350.87813490744816 400.0 -0.00020531508557345313 0.39653834227820867 0.39849689232973834 -0.0002680414378826866 -5.4701566202312355 2.4568826337584783e-08 0.014486121424132806 0.007165320718633745 0.007320664807082611 0.398985953228391 0.007052461631369534 0.007433659792763271 0.010039858084096291 0.010039858083902887 124.08329053495393 1.645695263311684
110.0 11.003332373271808 -5.747683375762721 10.385007694853957 -553424.7885846349 6.965216978520995e-06 16.23393111250933 16.172968725430728 15.794249058104107 191.5500790208598 351.2220387509275 400.0 -0.0002485244256655338 0.43651889934020055 0.43968205440522673 -0.00032615127554649047 -6.091314329441872 2.4633108386895918e-08 0.01594157091150112 0.007876062821821708 0.008065372183411948 0.44034824636174286 0.007738757364465284 0.008202813547035833 0.011048083232948105 0.011048083232755456 112.81044821171335 1.6857529114250147
120.0 11.005739712699377 -5.748795565193554 11.84928012277893 -553252.5357829498 7.605169953862659e-06 17.38793449583837 17.308707394334547 16.906505675768 191.3647863615378 351.4580526904095 400.0 -0.0002958977351030347 0.476649197885524 0.48142882007037135 -0.0003906577672165474 -6.735610544841851 2.471105415306346e-08 0.017400126496193463 0.008586403077347985 0.008813587504104018 0.48231683262898933 0.008421961916831193 0.008978164579362269 0.012058084840654933 0.012058084840465314 103.4171183884266 1.7196832401497222
130.0 11.008345996793771 -5.750054869787601 13.282329449930288 -553069.250991189 8.168318003771789e-06 18.38189811560032 18.282967576584458 17.85812379855489 191.16406890777282 351.6086068452275 400.0 -0.00034745362673965454 0.5169547935504961 0.52377431704543 -0.0004617913329257024 -7.402365839362192 2.4800304479805173e-08 0.01886247943417282 0.009296597290581448 0.009565746220011256 0.5249359672804862 0.009102233134269522 0.009760246299903297 0.013070223615531286 0.013070223615340007 95.4694903322766 1.7486782077595955
140.0 11.011127466953228 -5.751458194396603 14.677843341080754 -552876.4559929005 8.663619733624592e-06 19.241034938101766 19.121286170385467 18.67430778827553 190.9497313312866 351.690958465202 400.0 -0.0004032131493459215 0.557457328598047 0.5667271498262356 -0.0005397692144206622 -8.089681423745517 2.489793001650655e-08 0.020329297413298315 0.010006895791242613 0.01032226568950737 0.5682214903454553 0.009779728933534895 0.010549568479763415 0.014084851870099724 0.014084851869908944 88.657706789725 1.773665602514129
150.0 11.014063312925767 -5.75300192642832 16.032451418253988 -552675.4338456981 9.099916598109134e-06 19.98728096490841 19.845860930559084 19.37701140725896 190.72335375743688 351.7183833098089 400.0 -0.00046319935080483925 0.5981737229011598 0.6102695576494529 -0.000624784409803036 -8.794607473777669 2.5000749885928445e-08 0.021801193214407367 0.01071753227201507 0.011083525000954258 0.6121626845396253 0.01045460085687573 0.011346592357531634 0.015102298475206498 0.01510229847501505 82.75454651731536 1.7953762257311763
160.0 11.017135525260443 -5.754682175295715 17.34474595803657 -552467.2615751652 9.485349350043961e-06 20.639172147078277 20.475433008656633 19.98481106531531 190.48630296823322 351.70114188097847 400.0 -0.0005274367806829378 0.6391158129524481 0.654361081762969 -0.0007169965018284235 -9.513375637215905 2.510558228452463e-08 0.02327870173975696 0.011428716084709948 0.01184984970497736 0.6567256327653935 0.011126990274070617 0.012151711465686343 0.016122857453116334 0.016122857452889928 77.58960018122465 1.8143906332019848
170.0 11.020328621347288 -5.756494934322221 18.614606326579786 -552252.8425096587 9.827135936098904e-06 21.212128590289385 21.025579953630206 20.51318558850569 190.23975324123433 351.6472187847378 400.0 -0.0005959509725071357 0.6802903439459593 0.6989430017836943 -0.0008165248498222768 -10.24165601753733 2.5209427712277273e-08 0.024762264996690455 0.012140627545359804 0.01262150149303858 0.7018573620018582 0.01179702658812965 0.012965238408560805 0.017146780142798083 0.01714678014250303 73.03256036491572 1.8311731398583808
180.0 11.023629332955714 -5.758436188700005 19.842737682885268 -552032.9353756276 1.0131538096025296e-05 21.718877186242548 21.509147487325038 20.974934203830816 189.984710391104 351.5628785347659 400.0 -0.0006687679371479393 0.7216992216180333 0.7439429824117313 -0.0009234442600297554 -10.974808000878644 2.5309591878449795e-08 0.026252224052346076 0.012853415671873016 0.013398672414491103 0.7474902374760326 0.012464826821456085 0.013787397230889984 0.01817427057602902 0.018174270575642533 68.98208149353445 1.846097266301957
190.0 11.02702629973743 -5.760501986129686 21.030358091916145 -551808.1792721783 1.0403919089350718e-05 22.16988772419004 21.936693854508263 21.38060818778532 189.7220348648552 351.45307874060296 400.0 -0.0007459136894649406 0.7633399404535617 0.7892795364047182 -0.0010377829901973355 -11.70810474445807 2.5403758010030954e-08 0.027748816740527725 0.013567197784061423 0.014181482983423851 0.7935462293050634 0.013130496073759818 0.01461832066676791 0.019205483564339657 0.019205483564422886 65.35815768866892 1.8594651083993796
200.0 11.030509789006434 -5.762688481743861 22.1789874934188 -551579.1145664713 1.0648839364733246e-05 22.57377011043083 22.31689395061766 21.73890406006655 189.45246334532217 351.3217722432324 400.0 -0.0008274138233596144 0.8052061183449661 0.8348660503642803 -0.0011595227865141883 -12.436920332334859 2.5490018964574777e-08 0.029252179867390794 0.01428206046129759 0.014969983426691572 0.8399408073220425 0.013794128474496663 0.015458051392894136 0.02024052495900656 0.02024052495900057 62.096787316140926 1.8715222623804233
210.0 11.034071449167447 -5.764991965374083 23.29030627842091 -551346.2001297816 1.0870162180715788e-05 22.937615472698813 22.656885990672492 22.05700123932815 189.17662733014424 351.172144651195 400.0 -0.0009132931431905925 0.8472880821326494 0.8806142333706591 -0.0012886005658929991 -13.156875646465243 2.556687908431559e-08 0.030762354742841808 0.014998061433680038 0.015764157324151106 0.8865863264267406 0.014455808369097479 0.01630654637374433 0.02127945355962068 0.021279453559531473 59.146162009067304 1.8824693918905202
220.0 11.03770409750899 -5.76740887675256 24.366061351953192 -551109.8274478773 1.1071155528166708e-05 23.267280026643743 22.962559741831104 22.340843092137472 188.8950694835411 351.00677698208966 400.0 -0.0010035753551375102 0.889573462019553 0.9264369345062707 -0.0014249113498517566 -13.863943851969328 2.5633234628262406e-08 0.03227929500301681 0.015715232070637245 0.0165639269425378 0.9333948450074733 0.015115611569164831 0.017163683433851985 0.022322284208201145 0.022322284208040406 56.46389510712003 1.892471266045638
230.0 11.041401540014016 -5.769935812526432 25.408004567418377 -550870.3321321887 1.1254584220181317e-05 23.56761720135773 23.238792022701393 22.595366865204827 188.60825717704324 350.8277796980622 400.0 -0.0010982828179549918 0.9320477648765335 0.9722503361529067 -0.001568312066547633 -14.554519377075215 2.568834021632535e-08 0.033802875854546506 0.016433580201962887 0.017369159658697435 0.980280375528926 0.015773606563840397 0.0180292692907061 0.023368991663485637 0.023368991663300122 54.01497316408867 1.9016638399344632
240.0 11.045158419514491 -5.772569527776222 26.41785321238493 -550628.003302308 1.1422790226889985e-05 23.842665625045626 23.489637264059237 22.824690055742085 188.3165941376836 350.6368904756 400.0 -0.0011974363501219918 0.9746949064691386 1.0179755693035388 -0.0017186258891051633 -15.225455803440138 2.5731767241180168e-08 0.03533290403823565 0.017153093073751208 0.01817967496733246 1.0271606030616673 0.016429855635415543 0.018903048402820095 0.024419514927212272 0.024419514927023944 51.7702196230616 1.9101598425704818
250.0 11.048970088330123 -5.775306933905866 27.397265492384545 -550383.0912397503 1.1577761225867972e-05 24.095800604472704 23.718480941677246 23.03226078490849 188.02043019180425 350.43554990435206 400.0 -0.0013010550887559173 1.0174976906608333 1.06353981956421 -0.001875646831255111 -15.87407859434878 2.5763358799737968e-08 0.03686912796767077 0.01787374029447263 0.018995251673536263 1.073958128785776 0.01708441585289918 0.01978471211477159 0.025473761761059102 0.025473761760869587 49.70512724647746 1.9180531955275864
260.0 11.052832501602932 -5.778145094200245 28.347826182595355 -550135.8136439846 1.1721188326923914e-05 24.329855942040325 23.928162869569874 23.220978939706626 187.72006927537112 350.22496003006637 400.0 -0.001409156394584079 1.0604382297669428 1.1088770023337002 -0.0020391443793125216 -16.49817843073142 2.5783184452905177e-08 0.038411247637903545 0.018595476669833775 0.019815634966618575 1.1206013053563524 0.01773733993629021 0.020673907701613335 0.02653161319544083 0.026531613195257275 47.798960015400795 1.9254225172012234
270.0 11.056742128043966 -5.781081217946544 29.271039134004692 -549886.3607600852 1.1854514395192888e-05 24.54722190097403 24.12107627065053 23.393293814202725 187.4157762400595 350.0061299774193 400.0 -0.001521755796987041 1.1034983047295512 1.1539280867713047 -0.0022088679935962393 -17.095990375699827 2.5791497080555625e-08 0.039958924018904794 0.01931824485934415 0.02064054315699503 1.1670247330715666 0.018388676995770396 0.021570247023134415 0.027592927885302963 0.027592927885119623 46.03405463104721 1.9323339304136171
280.0 11.060695875171621 -5.784112653737743 30.168324356925424 -549634.8995954416 1.1978974215004525e-05 24.74992408228965 24.299247485166696 23.551282938627363 187.10778260318142 349.7799116626492 400.0 -0.001638866973083278 1.1466596669000204 1.1986411436622835 -0.00238455136019117 -17.666163346876612 2.57886932642815e-08 0.04151178774620091 0.020041977813750868 0.021469673929390524 1.213169482769098 0.01903847315607533 0.022473314590125578 0.028657546212669253 0.02865754621248575 44.39527171406525 1.9388433034270145
290.0 11.064691026612136 -5.787236882381473 31.041018116007905 -549381.5774000476 1.209562788689892e-05 24.939687075839203 24.464400240348766 23.69671589124347 186.79629128277656 349.54702857711095 400.0 -0.001760501755091274 1.1899042852559933 1.242971184595733 -0.002565916314530771 -18.20772357799721 2.5775277990298975e-08 0.043069446999061664 0.020766600972537668 0.02230271002353012 1.2589831054393796 0.019686772078970464 0.023382674920091197 0.029725294072160388 0.029725294071989664 42.8695605644761 1.9449980589662401
300.0 11.068725189402544 -5.790451509700804 31.890374960161452 -549126.5245501891 1.2205388491094528e-05 25.11798596166284 24.618007616380627 23.83110611099956 186.48148057185733 349.3080976562489 400.0 -0.0018866701606783617 1.2332145440792184 1.286879850663279 -0.002752676390813449 -18.720034981525036 2.5751833993751175e-08 0.04463149451637885 0.021492034215223853 0.0231393242987202 1.3044194811443957 0.020333615395881993 0.024297879120496853 0.03079598630394473 0.030795986303829865 41.445610982196506 1.9508386270812628
310.0 11.072796249589635 -5.793754259417967 32.717570948733545 -548869.8569474998 1.2309045085361314e-05 25.286088120492852 24.761334199757407 23.955753121143847 186.16350759824624 349.0636478415428 400.0 -0.0020173804414481216 1.2765733967039188 1.3303349993490086 -0.0029445399768507304 -19.20275863002659 2.5718995734908243e-08 0.046197513744805574 0.02221819357064314 0.02397918417271048 1.349438551993891 0.02097904307142888 0.025218470673376698 0.03186942976026449 0.031869429760218254 40.113572487228446 1.9563996297009167
320.0 11.076902334731715 -5.797142966244773 33.52370756933107 -548611.678023063 1.2407281810137282e-05 25.445087293288694 24.895470397843233 24.071777064150993 185.84251100191554 348.81413455518134 400.0 -0.0021526391454884863 1.3199644810901852 1.3733102291377017 -0.0031412130728493857 -19.65581297790778 2.567742777846126e-08 0.047767084145474294 0.022944992695419563 0.024821955449937462 1.3940059762877788 0.02162309370045345 0.026143990445020842 0.032945426007434435 0.032945426007463474 38.86482619419716 1.9617108410251525
330.0 11.081041782127118 -5.800615569256753 34.30981600485623 -548352.0804185782 1.2500693780703433e-05 25.59593143143546 25.021360477161103 24.180147058391945 185.51861360673652 348.559951547512 400.0 -0.0022924511902143348 1.3633722028143662 1.4157843730435162 -0.0033424016666126675 -20.079335951726055 2.5627807213376772e-08 0.049339785706841166 0.023672344137451003 0.02566730557088646 1.438092733860137 0.0222658047533306 0.027073980953510567 0.03402377367659469 0.03402377367670153 37.69179817078989 1.9667979744913684
340.0 11.085213111823956 -5.8041701055954436 35.07686152018637 -548091.1474024885 1.2589800359061502e-05 25.739445558317577 25.139825562861734 24.281704573354293 185.19192427774115 348.3014405699704 400.0 -0.002436819942485263 1.406781790720517 1.4577409849632852 -0.003547813746759547 -20.473649642428448 2.5570809680099558e-08 0.05091520272464854 0.02440016040276438 0.02651490632519987 1.4816747063545124 0.02290721277977692 0.02800798994487163 0.03510427048386773 0.03510427048404714 36.58780573824355 1.9716833262883746
350.0 11.089415003614846 -5.807804704520727 35.82574781715358 -547828.9540677771 1.2675056220323193e-05 25.87635060817927 25.251582580578216 24.377182771629347 184.8625396602087 348.03889931695807 400.0 -0.002585747303453969 1.450179330010119 1.4991678365499272 -0.0037571609816630163 -20.839228025793172 2.550709854637588e-08 0.052492926917066356 0.025128354845362195 0.027364436076972806 1.5247322506960133 0.02354735357845165 0.0289455733386147 0.03618671494538526 0.03618671494520469 35.54693012461405 1.9763863018224983
360.0 11.09364627736704 -5.811517581819877 36.55732126083583 -547565.5683492093 1.2756860663211968e-05 26.007279018587685 25.357259920154092 24.467222581441238 184.53054578139873 347.7725879811377 400.0 -0.0027392337960454186 1.493551777035583 1.5400564371464458 -0.003970160093773386 -21.176667906210607 2.543731677785392e-08 0.054072559945947334 0.025856842399332867 0.028215581553898816 1.5672497793960136 0.02418626233913616 0.029886297606811177 0.03727090781396644 0.037270907813235346 34.563910345994735 1.9809238572022332
370.0 11.097905876162436 -5.8153070345694875 37.27237491775586 -547301.0518906397 1.2835565420888422e-05 26.132787684502 25.457410441899913 24.55238609936228 184.19601934928153 347.50273469095504 400.0 -0.0028972786532933345 1.5368869595232204 1.5804015851397188 -0.0041865339622324475 -21.486663109673014 2.5362081074496735e-08 0.055653715414190244 0.026585540172888597 0.02906803925059575 1.6092153574803905 0.024823973763102792 0.030829741651087463 0.03835665326712342 0.03835665326671734 33.634054299049986 1.9853108622327629
380.0 11.102192851788065 -5.819171436239993 37.97165237227403 -547035.460787369 1.2911481234000861e-05 26.253368764025456 25.552522320822174 24.633167808256523 183.85902870074514 347.2295400437562 400.0 -0.003059879906236226 1.5801735654336961 1.6202009557689334 -0.004406012487169584 -21.76998183392246 2.528197788002086e-08 0.057236020406349536 0.027314367922907066 0.02992151649467414 1.6506203226966574 0.02546052216623433 0.03177549824011519 0.039443759875628794 0.03944375987513819 32.75316389390273 1.9895603990698025
390.0 11.106506352221194 -5.823109232128107 38.65585130518196 -546768.8462238976 1.2984883431868483e-05 26.36945873388136 25.643028125468515 24.710004006010575 183.5196348462677 346.9531809017363 400.0 -0.0032270344704318286 1.623401123209592 1.6594547278707843 -0.004628333239297686 -22.027446985461307 2.5197560913511442e-08 0.05881911663637965 0.028043248424393513 0.030775732225019854 1.6914589331740784 0.026095941569004313 0.032723175067375335 0.040532041374460724 0.04053204137412053 31.917471706968136 1.9936840179157787
400.0 11.110845610797563 -5.827118935100146 39.325626830180674 -546501.2550238061 1.3056016624961434e-05 26.4814460017175 25.72931244981175 24.783280751650754 183.1778923060373 346.6738135850174 400.0 -0.003398738230129089 1.6665599756642264 1.6981652500667457 -0.004853241932022289 -22.259919283651424 2.5109349916562423e-08 0.06040266125933126 0.028772107753296406 0.03163041752067493 1.7317280447145953 0.026730265776094046 0.03367239548323722 0.041621317268393195 0.04162131726811352 31.123587137449444 1.997691944695983
410.0 11.11520993680397 -5.831199121627919 39.98159459175054 -546232.7301255044 1.3125098737708772e-05 26.58967733923939 25.81171835464039 24.853340593738185 182.8338498400939 346.39157656927614 400.0 -0.00357498611964429 1.7096412494196966 1.7363367455012049 -0.005080492735335204 -22.468282888057516 2.501783035175693e-08 0.0619863274002529 0.029500875493892284 0.032485315922354416 1.7714268184236976 0.02736352844841829 0.03462279895183461 0.04271141329003049 0.042711413289784124 30.368450444681258 2.00159326246867
420.0 11.119598707300526 -5.835348428098613 40.62433363292927 -545963.3109951844 1.3192324426614029e-05 26.69446333365562 25.890552825648193 24.920488280434462 182.48755097652776 346.1065927729994 400.0 -0.0037557722016216782 1.7526368214202954 1.7739750532211593 -0.005309848458895804 -22.653433295266105 2.4923453828940135e-08 0.06356980444672368 0.030229484884271976 0.03334018357949309 1.8105564582535243 0.027995763169476127 0.035574041277247545 0.04380216173439397 0.043802161734179154 29.64929335267103 2.005396060268812
430.0 11.124011359970718 -5.8395655473801655 41.25438904432787 -545693.0339864239 1.3257867996501218e-05 26.796083026736344 25.96609141613979 24.984995623114962 182.139034602876 345.8189715056562 400.0 -0.003941089741720641 1.795539283753673 1.811087403621381 -0.005541080624147875 -22.816267254452633 2.4826639072337274e-08 0.06515279814637104 0.030957872910092693 0.03419478925401119 1.8491199772257922 0.02862700350761917 0.03652579463875188 0.04489340168790971 0.04489340168771895 28.96360515258295 2.0091075596031804
440.0 11.128447386868888 -5.843849225624206 41.87227440753467 -545421.9326542411 1.3321885905007112e-05 26.894787877993906 26.03858221092245 25.04710565300753 181.788335513802 345.5288101322631 400.0 -0.00413093127982733 1.838341907753104 1.847682224986378 -0.005773969444564999 -22.95767446134777 2.472777327452436e-08 0.06673503054554322 0.03168598035604087 0.035048914207523915 1.8871219905600893 0.02925728307549223 0.03747774747005101 0.045984979168927916 0.04598497916874957 28.309103428379636 2.012734222922628
450.0 11.13290632892577 -5.84819825928949 42.47847404662223 -545150.0380301723 1.338451895218349e-05 26.990805165813263 26.108249222797188 25.10703618786161 181.43548468410074 345.2361955014309 400.0 -0.004325288697580015 1.8810386081292438 1.8837689779516527 -0.006008303730570046 -23.078530805628297 2.4627213711928275e-08 0.06831623980031097 0.03241375182301115 0.035902351995164214 1.9245685335732772 0.029886635587540313 0.03842960421277067 0.047076747194597174 0.04707674719442536 27.68370868634727 2.016281849298807
460.0 11.13738777112852 -5.852611492369705 43.073445101729845 -544877.3788638241 1.344589410398452e-05 27.084340906138397 26.17529531289186 25.16498289146192 181.08050978144257 344.94120517334494 400.0 -0.0045241532823386095 1.9236239077017454 1.9193580146764777 -0.00624388073355001 -23.17969296498242 2.4525289521476773e-08 0.06989617988675897 0.033141135717921745 0.03675490818605877 1.9614669020400408 0.030515094916294703 0.03938108497046429 0.04816856578714783 0.04816856578697241 27.08552229436602 2.019755649531916
470.0 11.141891338244415 -5.857087813810241 43.65761943809274 -544603.9818355823 1.3506126139732354e-05 27.17558237925616 26.239904709772066 25.2211219196843 180.72343539014926 344.6439084816424 400.0 -0.004727515787606574 1.9660929031376988 1.9544604595718589 -0.006480505941335036 -23.2619941584005 2.4422303559085572e-08 0.0714746202331539 0.03386808422184866 0.037606400027361646 1.9978255126187598 0.03114269514780124 0.040331925085352674 0.04926030193060969 0.0492603019304347 26.512807237880402 2.023160318820917
480.0 11.146416691072707 -5.861626155100093 44.23140540378665 -544329.8717442935 1.3565319029955362e-05 27.26470031058119 26.30224518917166 25.275612201980042 180.36428322964096 344.3443674509079 400.0 -0.004935366490063473 2.0084412319967346 1.989088108601147 -0.006717992835959533 -23.3262408909933 2.431853427860318e-08 0.07305134529361673 0.03459455324154116 0.038456656066411174 2.0336537809965933 0.03176947063658721 0.04128187465702954 0.05035182948791877 0.05035182948774649 25.96397128178825 2.0265000919726233
490.0 11.150963523083828 -5.866225488025322 44.79518944811787 -544055.0716733546 1.3623567143433014e-05 27.351850766679537 26.36246996546373 25.328597422337 180.00307270663959 344.0426375963027 400.0 -0.005147695243312741 2.050665041258261 2.023253344342536 -0.0069561626226951265 -23.373210541322468 2.4214237584576454e-08 0.0746261540789478 0.03532050234813184 0.03930551574284459 2.0689620154655457 0.032395456060119045 0.04223069801882877 0.05144302908628128 0.05144302908611156 25.437552194437682 2.029778796554843
500.0 11.155531557472827 -5.870884822572288 45.34933761251591 -543779.6031378965 1.3680956365706015e-05 27.43717681174529 26.420719337413203 25.380207747469775 179.6398207189008 343.73876861765297 400.0 -0.005364491528534107 2.092760957454634 2.056969064275512 -0.007194843938217195 -23.403649660430702 2.4109648624562668e-08 0.07619885965848147 0.0360458947066162 0.040152828960973205 2.1037613238163693 0.03302068647292743 0.04317817318555404 0.052533787978159205 0.0525337879779868 24.932204745056698 2.032999901274732
510.0 11.160120544514516 -5.875603204969029 45.894196904290915 -543503.4862155849 1.3737564956445235e-05 27.520809940056335 26.477122123623715 25.4305613200839 179.27454227376342 343.4328050072818 400.0 -0.005585744502155833 2.134726058444816 2.090248619972434 -0.007433872544345133 -23.41827286799826 2.4004983496580838e-08 0.07776928864351958 0.036770696998611845 0.04099845565045634 2.1380635315678584 0.0336451973601477 0.04412409128337185 0.05362399988345698 0.05362399988328488 24.44668923112031 2.036166549017755
520.0 11.164730259208678 -5.880379715854594 46.430096563229 -543226.7396630627 1.379346441225803e-05 27.60287134065921 26.53179691737014 25.47976557550017 178.90725028645014 343.1247865821431 400.0 -0.00581144304074042 2.1765578468322486 2.123105765159038 -0.0076730910128806114 -23.417762246285157 2.3900440855432814e-08 0.07933728066142134 0.03749487934065764 0.04184226532209202 2.1718811097578374 0.03426902469035432 0.04506825597106703 0.054713564817963474 0.05471356481779292 23.979861329693428 2.0392815939337567
530.0 11.169360499185272 -5.885213468566737 46.95734923009564 -542949.3810198081 1.3848720181736656e-05 27.683473002926725 26.584853185761688 25.527918392072433 178.53795597127257 342.8147489504951 400.0 -0.006041575783301493 2.218254224990873 2.1555546108542907 -0.007912348406053765 -23.402767146010532 2.3796203407967393e-08 0.08090268782752927 0.03821841519976378 0.04268413662419252 2.2052271107046866 0.03489220496746022 0.04601048286006903 0.05580238891210403 0.055802388911934696 23.530663097863286 2.0423476339229345
540.0 11.17401108282387 -5.890103607539059 47.47625202526847 -542671.4267009713 1.3903392274820574e-05 27.762718683249567 26.63639223428346 25.575109097204564 178.16666904660815 342.50272392299377 400.0 -0.006276131171069983 2.2598134716331746 2.1876095860450007 -0.008151499956332584 -23.373904330295353 2.3692439292435318e-08 0.08246537422045017 0.03894128130749644 0.04352395690378082 2.2381151103388834 0.03551477528135517 0.04695059893909501 0.05689038422328598 0.056890384223116514 23.0981149732736 2.045367034649669
550.0 11.178681847568036 -5.895049306799538 47.98708754511404 -542392.8920805164 1.3957535850053074e-05 27.840704760440186 26.686508054558647 25.621419357856876 177.79339752529515 342.18873987540644 400.0 -0.006515097484995787 2.3012342198407225 2.21928540258331 -0.008390406748665157 -23.331758393473656 2.3589303340934458e-08 0.08402521536510285 0.039663457573612844 0.04436162177600276 2.270559155891898 0.036136773356982226 0.04788844200812062 0.05797746854457304 0.057977468544405095 22.68130864746139 2.0483419535148735
560.0 11.183372648422415 -5.900049768563112 48.49012478308105 -542113.7915658157 1.4011201704333202e-05 27.917520988925382 26.735288070515203 25.66692396571429 177.41814822323082 341.8728220684701 400.0 -0.006758462881090406 2.3425154364673864 2.2505970232110917 -0.008628935407658009 -23.276882400877973 2.3486938226896546e-08 0.08558209772691407 0.040384927000015405 0.04519703470436899 2.3025737179082535 0.036758237601548595 0.04882386012536549 0.059063565211928515 0.05906356521176314 22.27940070288785 2.0512743643727127
570.0 11.188083356591736 -5.905104221911197 48.985619981727496 -541834.1386647314 1.406443669248088e-05 27.99325115688147 26.78281379591472 25.711691525079225 177.04092664931892 341.55499293205094 400.0 -0.007006215423681666 2.383656402812738 2.2815596318022484 -0.008866957791644514 -23.209798703756427 2.3385475501709423e-08 0.0871359182194303 0.04110567559546136 0.04603010659365679 2.334173645702379 0.037379207149478885 0.049756711069951436 0.06014860291164324 0.06014860291147813 21.891606919849455 2.0541660708803686
580.0 11.192813858261522 -5.9102119215520545 49.473817421515704 -541553.9460460544 1.4117284150700454e-05 28.067973676618223 26.829161414373814 25.755785071519853 176.66173706229876 341.2352723167979 400.0 -0.007258343116846571 2.4246566964689333 2.312188605098373 -0.00910435069524481 -23.130999890558005 2.3285036526122658e-08 0.08868658372716191 0.04182569229142311 0.046860755396893765 2.3653741255418654 0.037999721904822474 0.05068686182233945 0.06123251548939946 0.06123251548920044 21.51719717242141 2.057018727531663
590.0 11.197564053506724 -5.915372146656154 49.95495015162511 -541273.2255940577 1.4169784243221376e-05 28.141762102310775 26.874402291453002 25.799262616947832 176.28058264091482 340.9136777175411 400.0 -0.007514833933911619 2.4655161742427856 2.3424994853629455 -0.009340995561503519 -23.040949841864297 2.3185733303073452e-08 0.09023401064480402 0.04254496885924758 0.047688905737419365 2.396190640968316 0.03861982258080796 0.05161418806399608 0.062315241761904096 0.062315241761765124 21.15549084353941 2.0598338552914632
600.0 11.202333855301811 -5.9205841997611595 50.42924066749589 -540991.9884578823 1.4221974246837447e-05 28.214685583218603 26.918603427086538 25.84217762970393 175.897465605577 340.59022447258303 400.0 -0.007775675845393775 2.506234956052268 2.3725079535146736 -0.009576778204950653 -22.94008486143484 2.308766921924762e-08 0.09177812443326823 0.0432634998288244 0.04851448854624808 2.4266389347863937 0.039239550736185215 0.052538573697083014 0.06339672533219987 0.06339672533204495 20.805852698636976 2.062612851627856
610.0 11.207123188626229 -5.925847405741545 50.896901539483615 -540710.2450963284 1.4273888864419743e-05 28.286809274340207 26.961827855533617 25.8845794719211 175.51238720456038 340.26492594154115 400.0 -0.008040856845271912 2.5468134097112025 2.4022298024191038 -0.009811588545368278 -22.828814860298515 2.299093970290171e-08 0.09331885919297256 0.043981282408434845 0.049337440715510585 2.4567349723581815 0.03985894880813908 0.05345991038483349 0.06447691440845711 0.06447691440829739 20.46768916521357 2.065357006664453
620.0 11.211931989669656 -5.931161110838586 51.35813599665468 -540428.0053185632 1.4325560465478968e-05 28.3581946931404 27.004134999106814 25.926513783017818 175.12534770596005 339.93779366329375 400.0 -0.008310364975758424 2.5872521365162346 2.4316809101225814 -0.010045320353742223 -22.707524574708803 2.2895632805649965e-08 0.09485615725427256 0.04469831640616468 0.05015770476747162 2.486494905935891 0.0404780601415225 0.054378097112750046 0.06555576162761889 0.06555576162745831 20.14044497250506 2.068067511812041
630.0 11.216760205103194 -5.936524681746207 51.81313846922421 -540145.278321249 1.4377019322149962e-05 28.42890004145908 27.04558098112711 25.968022828570533 174.73634667259708 339.60883749803594 400.0 -0.008584188350636778 2.6275519575551223 2.4608772128885508 -0.010277871009914952 -22.576574801908755 2.2801829715711738e-08 0.09638996878467568 0.04541460415239952 0.050975228539249136 2.515935039834444 0.041096929014159816 0.05529303977051586 0.06663322388336357 0.0666332238832034 19.823600111225012 2.070745473756531
640.0 11.221607791434044 -5.941937504749218 52.262095093051144 -539862.0727224597 1.4428293787520656e-05 28.498980480277005 27.08621890289495 26.00914580230132 174.34538265450624 339.27806575352594 400.0 -0.00886231517724256 2.6677139006696806 2.48983467797569 -0.01050914127238649 -22.436303640547088 2.270960520988957e-08 0.09792025141254602 0.046130150423472814 0.05178996488287069 2.5450717963210456 0.04171560065810325 0.05620465075444274 0.0677092621589216 0.06770926215875997 19.516667078379406 2.0733919156132705
650.0 11.226474714403588 -5.947398984909849 52.705184179045204 -539578.3965927983 1.4479410504331231e-05 28.568488388600496 27.12609908886545 26.049919112457534 173.9524537031183 338.94548786162255 400.0 -0.00914473377712391 2.7077391880016246 2.518569276142962 -0.010739035060157815 -22.287027724829567 2.26190280511887e-08 0.09944696986644243 0.046844962366158 0.052601871380119604 2.573921682140697 0.042334116200776845 0.0571128536656656 0.06878384136453976 0.06878384136438087 19.219188376431383 2.0760077942617277
660.0 11.23136094847309 -5.952908545300138 53.14257665046917 -539294.2574839602 1.4530394583947112e-05 28.637473585881704 27.165269303745205 26.09037663195055 173.55755706153468 338.6111040745093 400.0 -0.009431432605505122 2.747629224076345 2.547096953931151 -0.01096745924660787 -22.129043443602495 2.2530161338571615e-08 0.1009700956298683 0.04755904942305143 0.05341091007190155 2.602501255660409 0.04295251118147466 0.058017584448393646 0.06985693017988995 0.06985693017973167 18.9307342398644 2.0785940054553724
670.0 11.236266476335894 -5.958465626276246 53.57443645038726 -539009.662455108 1.4581269720222949e-05 28.705983521855096 27.20377494475382 26.13054991607471 173.16068915022302 338.2749214085781 400.0 -0.009722400269483986 2.7873855843609454 2.5754336057803884 -0.011194323465112 -21.962628137119733 2.2443062814863438e-08 0.10248960661022918 0.0482724232584504 0.05421704720132413 2.6308270946232604 0.04357083309988401 0.058918773510345177 0.07092850090098204 0.07092850090082321 18.650900565351854 2.0811513846819163
680.0 11.241191288489654 -5.964069684792548 54.00092092173533 -538724.6180972528 1.4632058345080765e-05 28.774063459097253 27.241659211952776 26.17046841300454 172.76184598004792 337.9369429863079 400.0 -0.010017625545162596 2.827010004261921 2.603595046092711 -0.011419539926244691 -21.788041265790184 2.2357785138359816e-08 0.10400548682158847 0.04898509768473998 0.055020252970065554 2.658915764554421 0.044189130937402364 0.059816355884186094 0.07199852929173021 0.0719985292915715 18.379307024591895 2.0836807206036143
690.0 11.246135382845187 -5.969720193752591 54.42218116202492 -538439.1305558924 1.4682781770182757e-05 28.841756629669728 27.278963259192153 26.210159648316377 172.36102278515494 337.5971708404325 400.0 -0.010317097393618673 2.866504368519973 2.6315969813533533 -0.01164302324622774 -21.60552554633962 2.227437612318876e-08 0.10551772608029866 0.049697088589064506 0.05582050130733457 2.6867837878664766 0.04480745471771826 0.060710271362580386 0.0730669944399058 0.0730669944397481 18.115595341263575 2.086182758401659
700.0 11.25109876438815 -5.97541664139484 54.83836235470004 -538153.2055520661 1.4733460276402607e-05 28.90910437140359 27.315726327951182 26.249649388959007 171.95821427305074 337.2556059792489 400.0 -0.010620804975860071 2.905870700974823 2.6594549824445837 -0.011864690286314842 -21.41530805188422 2.2192878952984973e-08 0.10702631971295526 0.05040841386024404 0.056617769650907555 2.7144476137337556 0.04542585550222425 0.06160046421073102 0.07413387861745262 0.07413387861729519 17.859427715700708 2.088658204206488
710.0 11.25608144485431 -5.981158530710472 55.24960407874199 -537866.8484020643 1.4784113219076808e-05 28.97614625153388 27.351985866076504 26.28896179425211 171.5534145576732 336.91224844683524 400.0 -0.010928737666700356 2.945111154663523 2.6871844572817705 -0.012084460002693457 -21.2176012732138 2.211333237198888e-08 0.1085312682756088 0.0511190933156745 0.05741203873944055 2.7419235888027944 0.046044385380954095 0.06248688289465475 0.07519916714477043 0.07519916714461572 17.61048538269927 2.091107728991988
720.0 11.261083442459338 -5.986945378891849 55.65604059834706 -537580.0640358694 1.4834759135373609e-05 29.042920180465995 27.387777633225696 26.328119556546003 171.14661719612477 336.5670973755905 400.0 -0.011240885067729217 2.9842280022408874 2.7148006239199893 -0.012302253306585593 -21.01260413938238 2.203577085721393e-08 0.11003257728395896 0.05182914862831629 0.0582032924156746 2.7692279288281383 0.04666309745928436 0.06336947982467461 0.07626284825909814 0.07626284825894279 17.368467289535737 2.0935319749004644
730.0 11.266104781640783 -5.992776716809103 56.057801133975985 -537292.8570145271 1.4885415813626826e-05 29.109462507792976 27.423135794596142 26.367144023534053 170.7378152717588 336.22015103453117 400.0 -0.011557237019191674 3.023223626693138 2.742318484258926 -0.012517992934056912 -20.800502996230698 2.1960224774912203e-08 0.1115302569534968 0.05253860325352038 0.05899151743975202 2.796376691304022 0.04728204584037807 0.06424821111311874 0.07732491298655017 0.07732491298639538 17.133088882647886 2.0959315575474915
740.0 11.271145492842008 -5.998652088513684 56.4550101162908 -537005.2315465193 1.4936100399323867e-05 29.175808115418555 27.458093004368667 26.406055316933745 170.3270012336605 335.8714068716921 400.0 -0.011877783611064847 3.062100512337977 2.7697527984848094 -0.012731603325194069 -20.581472542043464 2.1886720524162764e-08 0.11302432194928663 0.05324748235579701 0.059776703312229236 2.8233857491772087 0.04790128560362127 0.06512303634566535 0.0783853550178916 0.0783853550177396 16.904080992713936 2.098307071231984
750.0 11.276205612310475 -6.004571050766735 56.84778742411355 -536717.1915032808 1.4986829410424512e-05 29.241990486637683 27.492680480120825 26.444872426268375 169.91416715198534 335.5208615527829 400.0 -0.012202515193178599 3.1008612360924173 2.797118060369303 -0.012943010512165462 -20.355676719909695 2.1815280670059396e-08 0.11451479114456546 0.053955812735374566 0.060558842106117554 2.8502707657099355 0.04852087277912139 0.06599391836544406 0.07944417058770867 0.07944417058755712 16.68118880893262 2.10065908710845
760.0 11.28128518191552 -6.0105331725909314 57.23624860759364 -536428.7404339422 1.5037618878074063e-05 29.308041793064927 27.526928069334193 26.483613319524082 169.49930454645158 335.16851099596084 400.0 -0.012531422384446347 3.1395084590007243 2.8244284735408467 -0.013152142015743948 -20.123269566748842 2.1745924068612452e-08 0.11600168738769624 0.05466362275456406 0.061337928307471826 2.877047170560992 0.049140864318468466 0.06686082306922775 0.08050135835687555 0.08050135835672485 16.464170934290742 2.1029881643339774
770.0 11.286384249011332 -6.0165380348448645 57.620505097776324 -536139.8815793311 1.5088484348758854e-05 29.3739929466809 27.560864309005936 26.52229501783913 169.0824044683696 334.81435040134636 400.0 -0.012864496081275233 3.178044918023042 2.8516979288417716 -0.013358926749922718 -19.88439601925588 2.167866598519721e-08 0.11748503727727212 0.05537094226407375 0.06211395866418 2.9037301371540734 0.049761318062059266 0.06772371921521282 0.08155691929839745 0.08155691929824678 16.252798514468076 2.1052948453564597
780.0 11.291502866278108 -6.022585229817466 58.00066440324011 -535850.6178854174 1.5139440947898383e-05 29.439873659152138 27.59451647922832 26.560933676305172 168.66345742513855 334.4583742799956 400.0 -0.013201727465132375 3.216473418061184 2.878939982846961 -0.013563294934087942 -19.63919267722404 2.1613518208081422e-08 0.11896487094425216 0.05607780252897567 0.06288693204213233 2.930334561367477 0.0503822927029401 0.06858257824131204 0.08261085658602468 0.08261085658587752 16.046854433739323 2.1075796583618
790.0 11.296641091621877 -6.0286743608427695 58.376830295093434 -535560.9520161196 1.5190503454896427e-05 29.50571250316736 27.62791065155536 26.599544665519048 168.24245359698617 334.100576477054 400.0 -0.013543108009331938 3.25479682424082 2.906167837648309 -0.013765178012464432 -19.38778852496472 2.1550489158339348e-08 0.12044122184157569 0.05678423615475652 0.06365684928878476 2.9568750416118674 0.05100384774770308 0.06943737409387261 0.08366317548612837 0.08366317548597975 15.84613257197435 2.1098431253518357
800.0 11.301798988058634 -6.034805041932538 58.74910298081565 -535270.886365659 1.524168632390153e-05 29.571536952064665 27.661071732828596 26.638142630110732 167.81938258722033 333.74095019423265 400.0 -0.013888629485049452 3.2930180544270575 2.9333943219539336 -0.013964508580286226 -19.130305611648247 2.148958399720611e-08 0.12191412654013473 0.057490277013138066 0.06442371310331105 2.9833658603095548 0.05162604347438048 0.07028808306575422 0.0847138832521808 0.0847138832520317 15.650437117356189 2.1120857571959535
810.0 11.306976623639255 -6.040976897426734 59.117579267983594 -534980.423070399 1.529300375114818e-05 29.637373432380866 27.694023505103 26.676741558805077 167.39423359990246 333.3794880081083 400.0 -0.014238283966585951 3.3311400719882394 2.9606318735757884 -0.014161220316412426 -18.866859691564294 2.14308047317561e-08 0.12338362453138381 0.05819596016802163 0.06518752791326793 3.0098209668172147 0.052248940887798453 0.07113468364358536 0.08576298902220568 0.08576298902206608 15.459581930027491 2.114308060833335
820.0 11.31217407136648 -6.047189561659994 59.48235271836607 -534689.5640203017 1.5344469678402986e-05 29.703247355235913 27.726788662204232 26.7153548318969 166.9669953733354 333.01618188759534 400.0 -0.014592063835887214 3.369165878793513 2.9878925233390135 -0.014355247921925022 -18.597560825374536 2.1374150319603125e-08 0.12484975803578909 0.05890132180139028 0.06594829975714202 3.0362539617959707 0.05287260167243864 0.07197715636335045 0.08681050371876177 0.08681050371861733 15.2733899522959 2.116510534856204
830.0 11.317391409136322 -6.053442678643778 59.84351379319976 -534398.3108699716 1.5396097859374822e-05 29.769183162036313 27.759388843410584 26.75399528158263 166.53765618383383 332.65102320834075 400.0 -0.014949961786381142 3.4070985084537373 3.0151878804536865 -0.014546527064303816 -18.322513943530716 2.1319616773149772e-08 0.12631257181723005 0.059606399139384536 0.06670603617267597 3.062678083043275 0.053497088143189535 0.07281548367404055 0.08785643995157372 0.08785643995141613 15.091692661486023 2.118693674968061
840.0 11.32262871968732 -6.059735901763136 60.201149990177306 -534106.665049355 1.544790187754147e-05 29.835204356735574 27.79184466468244 26.7926752373647 166.10620389434035 332.28400276566737 400.0 -0.015311970826180037 3.444941019801036 3.042529119370871 -0.014734994326876283 -18.041819373085673 2.126719726382065e-08 0.12777211300294414 0.060311230378592484 0.06746074609052272 3.089106192784728 0.05412246319416353 0.07364964980878062 0.08890081192270743 0.0889008119225657 14.914329561876954 2.120857973523698
850.0 11.327886090562481 -6.066068893487265 60.555345972734166 -533814.6277740957 1.5499895190850445e-05 29.90133354192768 27.824175747812546 26.831406573793455 165.67262587082578 331.91511078538235 400.0 -0.01567808428055975 3.482696490608839 3.0699269681342214 -0.014920587163221755 -17.755573329183267 2.1216882226555442e-08 0.12922843090887182 0.06101585461268278 0.06821243973295775 3.115550766416006 0.05474879024584657 0.07447964066302526 0.08994363533430126 0.08994363533415892 14.741147712508461 2.123003921313044
860.0 11.333163614081409 -6.072441325093185 60.906183692145 -533522.2000555842 1.555209113733876e-05 29.96759244590852 27.856400747823393 26.870200747679025 165.23690910138993 331.54433693317503 400.0 -0.016048295793845296 3.5203680115528444 3.0973916982294942 -0.01510324385597633 -17.463868372511218 2.11686594647529e-08 0.13068157687024295 0.061720311759390266 0.06896112851747982 3.142023882678488 0.05537613319082696 0.075305443679416 0.09098492729861171 0.09098492729847375 14.572001287935342 2.125132006753841
870.0 11.338461387314595 -6.078852876401647 61.25374250287329 -533229.3827107305 1.560450297688288e-05 30.03400195444467 27.888537378896547 26.909068838519506 164.79904001002828 331.1716703227091 400.0 -0.016422599330750215 3.557958680410091 3.124933115925161 -0.015282903479977758 -17.166793834072074 2.1122514255796043e-08 0.13213160407712088 0.06242464248801599 0.06970682496485471 3.1685372152454754 0.05600455633829565 0.0761270477388252 0.09202470625051522 0.09202470625037532 14.406751169275488 2.1272427163178302
880.0 11.343779512078424 -6.085303235525025 61.598099271711185 -532936.1763714368 1.5657143919764126e-05 30.10058214400962 27.92060243908581 26.948021588917396 164.3590047093943 330.7970995216957 400.0 -0.016800989177011304 3.595471596502741 3.1525605550922284 -0.015459505869235465 -16.864436208588234 2.1078429457176547e-08 0.13357856741502658 0.06312888814756151 0.0704495426116057 3.195102025692959 0.05663412435765087 0.07694444305737572 0.09306299186238914 0.09306299186224959 14.245264563149677 2.129336538926977
890.0 11.349118094928498 -6.091792098626121 61.939328481016936 -532642.5814938281 1.571002713766328e-05 30.16735230382122 27.95261183402265 26.987069432345088 163.91678879968273 330.42061255728106 400.0 -0.01718345993964389 3.6329098553794505 3.1802828714761335 -0.015632991587520923 -16.55687951789254 2.103638561321063e-08 0.13502252331025827 0.06383309069552924 0.07118929592653195 3.221729157815724 0.057264902221334874 0.07775762108892338 0.0940998049612776 0.09409980496114301 14.087414646310128 2.1314139622661177
900.0 11.354477247164443 -6.098319169687617 62.277502326497 -532348.598367225 1.5763165776052887e-05 30.234330960904487 27.984580599801614 27.026222522510558 163.47237742785632 330.0421969198254 400.0 -0.017570006546466243 3.6702765437382303 3.2081084383939276 -0.015803301902249916 -16.244205645632785 2.0996361062269075e-08 0.13646352957996824 0.064537292627542 0.07192610023116656 3.2484290332518997 0.05789695514719159 0.0785665744327766 0.0951351674483751 0.09513516744823643 13.933080233965116 2.133475472775059
910.0 11.35985708483652 -6.104884160291428 62.61269080984408 -532054.2271228877 1.581657300885502e-05 30.301535915580335 28.01652292520113 27.06549077176078 163.02575524727848 329.66183956611496 400.0 -0.017960624245331815 3.707574734587296 3.2360451438195557 -0.01597037876134344 -15.926494644607029 2.095833204441821e-08 0.13790164528680685 0.06524153690782233 0.07265997162394093 3.275211648370519 0.05853034854052112 0.07937129674628574 0.09616910222070925 0.09616910222057493 13.782145469973047 2.135521560189159
920.0 11.365257728775186 -6.111486789407958 62.94496182666229 -531759.46774249 1.5870262023214566e-05 30.36898425878931 28.048452173379243 27.104883869968766 162.57690650217592 329.2795269202144 400.0 -0.01835530860269146 3.744807482649328 3.2641003888205433 -0.01613416477291858 -15.603825018040528 2.0922272809322568e-08 0.13933693059830052 0.06594586690078408 0.07339092690797094 3.302086572378976 0.059165147936140514 0.08017178266215999 0.09720163309525726 0.09720163309512236 13.634499537250354 2.137552714332634
930.0 11.37067930459867 -6.118126783193764 63.27438124977223 -531464.3200664294 1.5924246031734403e-05 30.43669239464698 28.08038090314352 27.14441130735657 162.1258149605918 328.89524487535016 400.0 -0.018754055501859195 3.7819778199939913 3.2922810872904096 -0.0162946031873799 -15.276273976081923 2.0888155724259265e-08 0.14076944665037994 0.06665032630353615 0.07411898352208175 3.3290629465895982 0.059801418940449366 0.08096802770993047 0.09823278473500031 0.09823278473486621 13.490036386854065 2.139569423778969
940.0 11.376121942753583 -6.124624472487296 63.59286359616093 -531159.1345578254 1.5978538333159885e-05 30.504587851290793 28.112232662775714 27.183994184351796 161.67246392469556 328.6049358035455 400.0 -0.019156861140713466 3.8190887519139523 3.320593666938996 -0.01645163788184003 -14.943917668775905 2.0855951382040777e-08 0.14219925541564818 0.0673549590797394 0.07484415947521905 3.356149484804435 0.06043922717394819 0.08176002824169999 0.09926258257744691 0.09926258257731435 13.348654484369819 2.1415798034164393
950.0 11.381585778547414 -6.131075354799758 63.90481846824965 -530849.2643157643 1.60331522733941e-05 30.572737335702303 28.14407005780745 27.223693264222774 161.2168361750731 328.35761083915736 400.0 -0.019563722029092116 3.8561432530295123 3.3490440714795255 -0.016605213346531398 -14.606831396740153 2.0825628708672886e-08 0.14362641957585476 0.06805980939465456 0.0755664732838747 3.383354474754813 0.061078638214211084 0.0825477813616437 0.10029105276521688 0.10029105276508352 13.210256572314286 2.143579901713016
960.0 11.387070952184908 -6.137561794202453 64.21405872891337 -530539.19174089 1.6088101299849194e-05 30.641196640337192 28.175944640672274 27.263558876380646 160.75891406599393 328.109113812419 400.0 -0.019974634985730603 3.893144263622812 3.3776377639565425 -0.016755274673022815 -14.265089800752321 2.0797155070525387e-08 0.14505100239866783 0.06876492155153828 0.07628594391246334 3.4106857805393536 0.06171971753953578 0.08333128485913208 0.10131822207878202 0.10131822207864707 13.074749447388912 2.145566648752132
970.0 11.392577608820606 -6.144083536755981 64.52064270026067 -530228.9171976722 1.614339895539489e-05 30.709979481465737 28.20786575295717 27.303599750303935 160.2986794036552 327.8594361356536 400.0 -0.02038959713490686 3.9300946862027533 3.4063797311618043 -0.016901767544053266 -13.918767031401817 2.0770496380820285e-08 0.1464730676188575 0.06947033992954416 0.07700259071660462 3.438150846007894 0.062362530473510785 0.08411053714534675 0.10234411787146169 0.10234411787132913 12.942043751517785 2.1475405551940203
980.0 11.398105898601026 -6.150640334578542 64.82462702398273 -529918.4409489755 1.619905889530382e-05 30.77909902597304 28.2398420455182 27.34382453690283 159.836113563484 327.60856892138435 400.0 -0.020808605902647437 3.9669973822885467 3.4352744890702094 -0.017044638224761665 -13.567936899955464 2.074561720522925e-08 0.14789267932352024 0.07017610892305012 0.07771643338901998 3.4657566990250896 0.06300714213051861 0.0848855371930016 0.10336876800642962 0.10336876800629935 12.812053775675203 2.1495021322814596
990.0 11.403655976726945 -6.157231945687252 65.1260667233708 -529607.7631633714 1.6255094906175532e-05 30.848567914933692 28.271881498041008 27.384241825691728 159.37119737428492 327.35650298000655 400.0 -0.02123165901273136 4.003855169418137 3.464326089241963 -0.017183833555141206 -13.212673011518298 2.072248086636733e-08 0.14930990184168758 0.07088227288265536 0.07842749190814471 3.4935099565624754 0.06365361736247657 0.08565628447921103 0.10439220079596487 0.10439220079583375 12.68469727560984 2.151451891117309
1000.0 11.409228003507414 -6.163858133846058 65.42501526239477 -529296.8839223057 1.631152091262006e-05 30.918398286483523 28.303991438590874 27.42486016036139 158.90391119170505 327.1032288178459 400.0 -0.021658754482313986 4.040670818368077 3.4935381261221314 -0.017319300943531516 -12.853048881568832 2.0701049546992996e-08 0.15072479963792562 0.07158887605775191 0.07913578648915559 3.5214168305536875 0.06430202070681762 0.08642277893110799 0.10541444494269682 0.10541444494256436 12.559895298622385 2.1533903428742383
1010.0 11.414822144427776 -6.170518668419483 65.72152460207516 -528985.8032270181 1.6368350976988412e-05 30.988601793382184 28.33617856316683 27.465688048201958 158.43423477823157 326.84873663418125 400.0 -0.022089890617328047 4.0774470505877245 3.5229137451802246 -0.0174509883610093 -12.489138036882437 2.0681284391713642e-08 0.15213743721016543 0.07229596254086336 0.07984133753746285 3.549483134459822 0.06495241633594587 0.0871850208742196 0.10643552948302418 0.10643552948289248 12.437572020638605 2.1553179955206327
1020.0 11.420438570209848 -6.177213324232325 66.0156452542534 -528674.5210053067 1.6425599342309417e-05 31.059189638208167 28.368448955255804 27.506733986385786 157.96214740548768 326.59301631872665 400.0 -0.02252506600755981 4.114186535835731 3.552455651822379 -0.01757884433651224 -12.121014101851845 2.066314560702174e-08 0.1535478789914474 0.07300357621367731 0.08054416560442168 3.5777142904826 0.06560486800817207 0.08794301098327532 0.10745548373250133 0.10745548373234443 12.31765459286347 2.157235359264462
1030.0 11.426077456898478 -6.183941881434596 66.30742633300045 -528363.0371180043 1.6483280417980006e-05 31.13017258885765 28.40080810539122 27.548006467837542 157.48762785611788 326.33605744752373 400.0 -0.022964279521629116 4.150891890025395 3.582166121020105 -0.017702817952501504 -11.74875087112371 2.064659255946221e-08 0.1549561892559896 0.07371176069500288 0.08124429134544361 3.6061153373750097 0.06625943902042818 0.08869675023556141 0.10847433723341787 0.10847433723323047 12.200072997377358 2.159142943111558
1040.0 11.431738985922955 -6.190704125372184 66.59691560366959 -528051.3513653729 1.654140879855734e-05 31.201561002034016 28.43326093069674 27.589513994449664 157.0106542742568 326.0778492800276 400.0 -0.02340753030157427 4.187565673256035 3.612047007584353 -0.017822858841129385 -11.372422369524307 2.0631583871804047e-08 0.15636243202885353 0.07442055929042957 0.081941735480003 3.634690938784573 0.06691619216257655 0.08944623986627696 0.10949211970419968 0.10949211970398738 12.08475991105429 2.161041253725817
1050.0 11.437423344192585 -6.197499846462169 66.88415952987982 -527739.4634931777 1.659999927598303e-05 31.273364849486043 28.465811794417768 27.631265092450242 156.53120429198842 325.81838075436565 400.0 -0.023854817757405652 4.224210388045008 3.6420997570358047 -0.017938917180725693 -10.992102900098212 2.061807751702579e-08 0.1577666709999465 0.07513001494405565 0.08263651875391093 3.663445392086909 0.06757518967372958 0.0901914813262169 0.11050886099106301 0.11050886099081825 11.971650577268113 2.1629307971976353
1060.0 11.443130724166897 -6.204328840073471 67.16920331839613 -527427.3731986834 1.6659066842283276e-05 31.345593738584554 28.49846452540968 27.673268321587273 156.04925500580157 325.55764048368854 400.0 -0.024306141561391464 4.2608284777347825 3.6723254169972814 -0.018050943692269256 -10.607867081140137 2.060603090999283e-08 0.15916896944155617 0.07584017019188943 0.08332866190344895 3.6923826376426967 0.06823649320034289 0.09093247624121328 0.11152459102121828 0.11152459102120382 11.86068268485174 2.1648120775312987
1070.0 11.448861323958068 -6.211190906411818 67.45209096217033 -527115.0801363459 1.671862671962389e-05 31.418256941175375 28.531222437587683 27.715532292105824 155.56478289683608 325.2956167510166 400.0 -0.02476150164220611 4.2974223250869965 3.702724649069553 -0.018158889636799996 -10.21978987308008 2.0595400996725462e-08 0.1605693901300036 0.07655106711766098 0.08401818562120995 3.721506268447278 0.06890016375642863 0.091669226373575 0.11253933975893646 0.11253933975890534 11.751796253854659 2.1666855979103037
1080.0 11.45461534741604 -6.218085850409502 67.73286528152295 -526802.5839233886 1.6778694360848415e-05 31.491363413812607 28.564088349290305 27.75806567270649 155.07776382514012 325.0322975044949 400.0 -0.02522089817896504 4.333994251044674 3.7332977411061186 -0.018262706811213753 -9.82794659580631 2.0586144341035045e-08 0.16196799527099415 0.07726274730992963 0.08470511052434174 3.7508195400955837 0.06956626168578459 0.09240173358520955 0.11355313716209026 0.1135531371620593 11.644933527641278 2.1685518591087343
1090.0 11.460393004234843 -6.225013481619268 68.01156796366125 -526489.8841451219 1.683928544377774e-05 31.56492181632286 28.597064602567986 27.800877196460885 154.588173061687 324.7676703518539 400.0 -0.025684331595104172 4.370546513664138 3.7640446198619757 -0.018362347545557475 -9.43241293743867 2.0578217208577413e-08 0.16336484642874666 0.0779752518218316 0.08538945712392862 3.7803253810466204 0.07023484662637573 0.09312999980237092 0.11456601314200028 0.1145660131419487 11.540038870935842 2.1704113576443196
1100.0 11.466194510040705 -6.231973614112777 68.28823960052641 -526176.980360169 1.690041591189407e-05 31.63894054699748 28.63015308234807 27.843975683060542 154.0959853424777 324.50172255535733 400.0 -0.02615180255216855 4.4070813072009365 3.7949648639369333 -0.018457764699224548 -9.033264955067008 2.057157564811659e-08 0.16476000445860484 0.07868862113238255 0.08607124579630016 3.8100264031156135 0.07090597747679206 0.09385402698181274 0.11557799752424326 0.11557799752417618 11.437058673422364 2.1722645902361264
1110.0 11.472020086519626 -6.238966066382551 68.56291972520765 -525863.8721053499 1.6962101995016025e-05 31.713427766059624 28.663355235476146 27.887370049077834 153.60117465775437 324.23444102497365 400.0 -0.02662331194351491 4.443600761361434 3.8260577169817855 -0.018548911657175707 -8.630579068173164 2.0566175569949283e-08 0.16615352944371237 0.07940289511011143 0.08675049675607244 3.839924912170886 0.07157971236509753 0.09457381707861487 0.11658912001184797 0.11658912001176162 11.335941258568292 2.174112051895978
1120.0 11.477869961514303 -6.24599066124838 68.83564684681903 -525550.5589005311 1.7024360154215138e-05 31.788391398946384 28.696672089593623 27.931069297844267 153.10371441856427 323.9658123127977 400.0 -0.027098860887942777 4.480106940689982 3.8573221011021226 -0.018635742325682114 -8.224432045417979 2.0561972821451143e-08 0.16754548063478283 0.0801181129784408 0.08742723003053761 3.870022918978775 0.07225610861976547 0.09528937201501739 0.11759941014988211 0.11759941014977979 11.236636797322477 2.175954229581751
1130.0 11.483744369139911 -6.253047225767275 69.10645848404559 -525237.0402532286 1.7087207169760768e-05 31.863839185678728 28.730104271838798 27.975082555258318 152.6035773699064 323.6958226064875 400.0 -0.02757845072324258 4.516601844101943 3.888756630420411 -0.01871821112769211 -7.81490098537293 2.0558923259652293e-08 0.16893591639354602 0.08083431328317965 0.08810146543561745 3.9003221501657412 0.07293522274291792 0.09600069365062808 0.11860889729197736 0.1186088972918513 11.139097226401567 2.1777916106459485
1140.0 11.48964354991408 -6.260135591146957 69.37539119741818 -524923.31566299 1.7150660123879262e-05 31.939778694126364 28.763652027350137 28.019419069374496 152.10073557523492 323.42445772192184 400.0 -0.028062082999673516 4.55308740455497 3.9203596247518657 -0.018796272997562046 -7.402063291749008 2.055698282080807e-08 0.1703248941397635 0.08155153386202713 0.08877322255337543 3.930824059261719 0.07361711037093654 0.09670778376882694 0.11961761056856116 0.1196176105685805 11.043276170881521 2.179624678719781
1150.0 11.495567750877427 -6.267255592663073 69.6424806203197 -524609.3846256563 1.7214736413514083e-05 32.016217343712796 28.79731523754635 28.064088220364656 151.5951604015686 323.1517030961022 400.0 -0.028549759473513306 4.58956548884287 3.9521291233481355 -0.018869883375718453 -6.9859966437815055 2.0556107586964845e-08 0.17171247030134756 0.08226981181615245 0.08944252071055513 3.961529837787338 0.07430182608722483 0.09741064421412274 0.12062557885706915 0.12062557885707832 10.949128870824747 2.18145391343375
1160.0 11.501517225729547 -6.274407069579779 69.90776148885266 -524295.2466374119 1.7279453758729123e-05 32.09316242909793 28.83109343815813 28.10909953043476 151.08682258779032 322.87754377955747 400.0 -0.029041482100470303 4.626037897516002 3.9840628986631734 -0.018938998201765086 -6.566778962091942 2.0556253849414797e-08 0.17309870026799562 0.08298918348346303 0.09010937895894705 3.9924404263474442 0.07498942372571044 0.09810927654228518 0.12163283075311083 0.12163283075310921 10.856612111707086 2.183279790752648
1170.0 11.507492234957663 -6.281589865073683 70.17126767056372 -523980.90119870077 1.7344830217084118e-05 32.17062114050231 28.86498583699994 28.15446267039058 150.5756920614411 322.601964428536 400.0 -0.029537253029114835 4.662506364911572 4.0161584701117325 -0.019003573907808668 -6.144488370760199 2.0557378169136874e-08 0.1744836383477561 0.08370968441407234 0.09077381605648642 4.0235565257100445 0.07567995627993956 0.09880368206781652 0.12263939454389386 0.12263939454389175 10.765684158410265 2.1851027804088874
1180.0 11.513493045987435 -6.288803826160901 70.43303219215996 -523666.3478179125 1.741088423574391e-05 32.2486006045757 28.89899133145696 28.20018748679725 150.06173805039342 322.3249492964338 400.0 -0.030037074594380396 4.698972559299413 4.048413117778441 -0.019063567410651478 -5.7192031558856105 2.0559437434126282e-08 0.1758673377269896 0.08443134934765305 0.0914358504498612 4.054878607836385 0.07637347582342556 0.09949386190356405 0.12364529818303302 0.12364529818302378 10.676304692577354 2.186923352265906
1190.0 11.519519933332905 -6.29604880362734 70.69308726620604 -523351.5860149274 1.7477634602704667e-05 32.32710788335987 28.93310852566957 28.24628398731574 149.54492903620815 322.0464822247849 400.0 -0.030540949310964287 4.735438083128301 4.080823896044134 -0.01911893610324233 -5.291001721149544 2.0562388913668282e-08 0.17724985043327413 0.08515421219265937 0.09209550025819516 4.086406926836755 0.07707003349613968 0.10017981693713444 0.12465056926685827 0.1246505692668434 10.588434753126398 2.188741967639646
1200.0 11.525573178738787 -6.303324651962132 70.95146431683257 -523036.6153245507 1.7545100504155575e-05 32.40615001499829 28.96733574739302 28.29276236790488 149.0252327871603 321.7665466350131 400.0 -0.03104887986684838 4.7719044733639215 4.113387647093404 -0.01916963784534531 -4.859962540807675 2.0566190309562337e-08 0.17863122730106773 0.08587830600733472 0.0927527832577024 4.1181415298238 0.07776967949308859 0.10086154780797917 0.12565523501210063 0.125655235012115 10.502036679735872 2.1905590851158587
1210.0 11.53165307135495 -6.31063122929381 71.20819400460653 -522721.4352996832 1.761330154476673e-05 32.48573403432013 29.001671064526256 28.3396330200376 148.50261612547692 321.48512551794914 400.0 -0.031560869116747894 4.8083732019267105 4.146101014282533 -0.01921563095342456 -4.4261641104437155 2.057079980430023e-08 0.18001151794059972 0.08660366298276087 0.09340771686753005 4.150082267649683 0.07847246305541608 0.10153905488518367 0.12665932223533835 0.12665932223537296 10.417074059142102 2.1923751576977852
1220.0 11.537759907896076 -6.317968397329592 71.4633062504813 -522406.04551442264 1.7682257747340413e-05 32.5658669975824 29.036112301282103 28.386906542253616 147.97704524350482 321.20220142437967 400.0 -0.032076920075724547 4.8448456762067655 4.178960455328782 -0.01925687418949075 -3.9896848958926148 2.0576176106247037e-08 0.18139077070925425 0.08733031442751041 0.09406031813648863 4.182228805495353 0.07917843246357177 0.10221233824568245 0.12766285733351893 0.12766285733357768 10.333511674073176 2.1941906353702816
1230.0 11.543893992820971 -6.325336021297409 71.71683025895751 -522090.4455669622 1.7751989562651747e-05 32.64655599549251 29.070657053994953 28.43459374018752 147.4484853619598 320.917756454503 400.0 -0.03259703591275548 4.881323239661923 4.211962255304992 -0.019293326749274583 -3.5506032806592582 2.0582278491858293e-08 0.18276903268580397 0.08805829075423884 0.09471060373069448 4.2145806333027025 0.07988763503291489 0.10288139765288903 0.12866586626616272 0.1286658662660598 10.251315454679577 2.1960059592266745
1240.0 11.550055638504334 -6.332733969890771 71.96879454042039 -521774.63508239586 1.7822517921878145e-05 32.72780819659929 29.105302706539888 28.48270565719622 146.9169009683602 320.63177224736796 400.0 -0.0331212199443128 4.917807172483942 4.245102539403068 -0.01932494824879903 -3.108997512117688 2.0589066844949535e-08 0.18414634964708737 0.0887876214676789 0.09535858992225188 4.24713707601958 0.08060011711130155 0.10354623253578583 0.12966837453824281 0.1296683745381568 10.170452432312567 2.1978215693405274
1250.0 11.556245165443228 -6.340162115216212 72.21922693279987 -521458.61371527816 1.7893864237797144e-05 32.80963085967204 29.14004644537435 28.53125357420524 146.38225561358738 320.34422996888884 400.0 -0.033649475628188916 4.954298692341151 4.2783772854668 -0.019351698711112864 -2.6649456468610326 2.059650169312519e-08 0.1855227660474862 0.08951833515489635 0.09600429257847515 4.279897303664604 0.08131592407918761 0.10420684196829857 0.13067040718547854 0.13067040718547668 10.090890695531131 2.199637899647019
1260.0 11.56246290243692 -6.347620332743579 72.46815462242496 -521142.38115217374 1.796605040282e-05 32.892031348938175 29.17488527416238 28.580249012692192 145.84451191854725 320.05511030071204 400.0 -0.03418180655716152 4.990798955171186 4.311782336245982 -0.019373538551076867 -2.218525495409631 2.0604544241361964e-08 0.1868983250004017 0.09025045947662573 0.09664772715202918 4.312860341169367 0.08203510035160158 0.10486322464880007 0.13167198875979838 0.1316719887597887 10.012599348195993 2.2014553754836936
1270.0 11.568709186802288 -6.355108501258811 72.7156041642681 -520825.93711397133 1.8039098857394565e-05 32.97501718072861 29.209816027992044 28.629703769355952 145.30363168762165 319.7643934274297 400.0 -0.034718216452865644 5.0273090560400115 4.345313411372656 -0.01939042855913875 -1.7698145665048284 2.0613156402808372e-08 0.18827306826243392 0.09098402116039768 0.09728890867198128 4.346025078004525 0.08275768938248543 0.10551537887994847 0.13267314331627356 0.13267314331637012 9.935548469553417 2.203274421321255
1280.0 11.57498436458598 -6.362626502819325 72.96160150150557 -520509.2813581096 1.8113032581615158e-05 33.05859603033404 29.244835387176064 28.67962991129198 144.75957569950765 319.4720590239316 400.0 -0.035258709159733385 5.063830030047803 4.378966119042056 -0.01940232988465084 -1.3188900113389894 2.062230082692374e-08 0.1896470362195673 0.09171904599534283 0.09792785173518276 4.379390277577607 0.08348373367108852 0.10616330254847878 0.133673894401546 0.13367389440185 9.859709076189018 2.2050954540745864
1290.0 11.58128879078751 -6.370174222711961 73.20617198445963 -520192.4136806736 1.8187875109982645e-05 33.14277575547557 29.27993989062101 28.730039788099337 144.21230380700834 319.1780862417087 400.0 -0.03580328863897514 5.100362853281981 4.4127359673762365 -0.019409204017679593 -0.8658285678240297 2.0631940924956444e-08 0.19102026787554122 0.09245555882835708 0.09856457049847431 4.4129545863853155 0.08421327477045547 0.10680699310508576 0.13467426504302987 0.13467426504352303 9.785053085754 2.206918883841233
1300.0 11.587622829586532 -6.37775154941341 73.44934038893051 -519875.3339183878 1.826365059358133e-05 33.227564433967736 29.315125948761853 28.78094605850772 143.6617748198255 318.8824536953215 400.0 -0.03635195896262863 5.136908443809685 4.446618375460013 -0.019411012769641904 -0.4107065051351718 2.0642040892858465e-08 0.19239280084217528 0.09319358356165039 0.09919907867146247 4.446716542914493 0.08494635329791435 0.10744644754426093 0.13567427773904456 0.13567427773970994 9.71155328236658 2.20874511699793
1310.0 11.59398685459965 -6.385358374553052 73.69113093401016 -519558.0419504213 1.834038380950911e-05 33.31297038501288 29.350389856064442 28.8323617009679 143.10794661042567 318.5851394467462 400.0 -0.036904724307793985 5.1734676627140175 4.48060868404498 -0.01940771825300735 0.04640043130118837 2.0652565731704928e-08 0.1937646713318944 0.0939331431519172 0.09983138950987422 4.480674586291689 0.08568300894779832 0.10808166238409597 0.13667395445032893 0.13667395445113534 9.639183283606043 2.210574556139159
1320.0 11.600381249120304 -6.392994592878332 73.93156729927733 -519240.537700184 1.8418100149991485e-05 33.399002171091794 29.385727803090393 28.884300005180588 142.55077585766793 318.28612099130254 400.0 -0.037461588950806986 5.210041315152341 4.514702165911205 -0.01939928286081221 0.5054170740618789 2.066348126576852e-08 0.1951359141516268 0.09467425961099692 0.10046151580879478 4.5148270646747655 0.08642328050591692 0.10871263364570985 0.13767331659299228 0.1376733165921433 9.567917509002196 2.212407591917682
1330.0 11.606806406386973 -6.400660102222548 74.17067264151642 -518922.8211369589 1.849682573497974e-05 33.48566866666062 29.421135888071543 28.936774630834023 141.99021829370636 317.98537524082707 400.0 -0.03802255726172647 5.246630151448462 4.548894035826594 -0.019385669239741807 0.9662688877680117 2.067475415797771e-08 0.1965065626990253 0.09541695400603994 0.10108946989872233 4.549172243330023 0.08716720586629848 0.10933935683272686 0.13867238502827559 0.13867238502755058 9.497731149953866 2.2142446173765458
1340.0 11.613262729870765 -6.4083548034749125 74.40846961095723 -518604.8922773916 1.8576587362699368e-05 33.57297904367186 29.456610128140873 28.989799583425324 141.42622847847764 317.6828785068337 400.0 -0.03858763369861538 5.283234868211064 4.583179460246531 -0.01936684027256054 1.428882021191942 2.0686351923647438e-08 0.19787664895975754 0.09616124646484031 0.10171526363752588 4.5837083125405425 0.08791482204952641 0.10996182691023111 0.139671180061888 0.1396711800612693 9.428600140999354 2.2160860153189654
1350.0 11.619750633543243 -6.4160786005532255 74.64498036695038 -518286.75118701987 1.86574125690019e-05 33.66094281041421 29.49214647001051 29.043389243874504 140.8587598269987 317.3786064839811 400.0 -0.03915682280217632 5.319856109459634 4.617553566539709 -0.019342759048732963 1.8931833593497513 2.0698242941521427e-08 0.19924620350655486 0.09690715617823484 0.1023389084070952 4.6184333951344945 0.08866616522321732 0.11058003828333755 0.1406697214351455 0.14066972143461948 9.360501132358179 2.217932162543663
1360.0 11.626270542195517 -6.423831400378733 74.880226593287 -517968.39798155637 1.873932968799024e-05 33.74956984810172 29.527740800262663 29.09755839620148 140.28776452603753 317.0725342307784 400.0 -0.039730129190388534 5.356494467779745 4.652011451900247 -0.019313388839072722 2.3591005740186803 2.0710396462965116e-08 0.2006152554999192 0.09765470140587558 0.10296041510827486 4.653345553796037 0.08942127072443497 0.11119398477548423 0.14166802832164285 0.1416680283211971 9.293411463697677 2.219783432282683
1370.0 11.632822891745214 -6.431613112853501 75.11422951301043 -517649.83282819286 1.8822367862696353e-05 33.83887043164186 29.56338895518099 29.152322239771202 139.71319367257368 316.76463615139807 400.0 -0.04030755755322096 5.393150485480219 4.686548191870658 -0.019278693068059804 2.8265621731062933 2.0722782619114926e-08 0.20198383268986486 0.09840389948249903 0.10357979415633689 4.688442798085494 0.09018017308374554 0.11180365960611927 0.14266611932349682 0.142666119323123 9.227309139044996 2.2216401939995056
1380.0 11.639408129573876 -6.4394236508400775 75.34700990285063 -517331.05594675394 1.8906557073530475e-05 33.92885524456877 29.59908673014364 29.207696396077136 139.1349969743959 316.45488597475446 400.0 -0.04088911264746157 5.429824655764104 4.721158848491635 -0.019238635284836793 3.2954975487675746 2.0735372426092383e-08 0.20335196141914577 0.09915476682535428 0.10419705547678002 4.723723091186681 0.09094290605134735 0.11240905536779838 0.14366401246845445 0.14366401246813598 9.16217280279764 2.2235028082416854
1390.0 11.646026714857548 -6.447262930143633 75.57858810719705 -517012.06761086883 1.8991928190031567e-05 34.019535416692875 29.634829888572096 29.2636969386224 138.55312287155934 316.1432567346485 400.0 -0.041474799291650294 5.46651742389558 4.755838478070474 -0.01919317913285913 3.765837024128508 2.0748137788393074e-08 0.20471966662730837 0.09990731894242791 0.1048122085011576 4.759184356374749 0.0917095026247714 0.11301016400253702 0.14466172520737408 0.14466172520710802 9.097981716767414 2.225371630680265
1400.0 11.652679118943498 -6.455130869496449 75.80898405176706 -516692.8681489554 1.9078513045618083e-05 34.11092256867744 29.67061417045216 29.320340430098252 137.96751852624814 315.82972074713746 400.0 -0.042064622361135874 5.503229188379097 4.790582138579181 -0.019142288318168995 4.237511898670634 2.0761051500504036e-08 0.20608697185624517 0.10066157044184618 0.10542526216322856 4.79482448321693 0.09247999507858759 0.11360697677765756 0.14565927441266474 0.14565927441244342 9.034715738219914 2.227247016550327
1410.0 11.659365825719908 -6.46302739054482 76.03821725684095 -516373.4579452282 1.916634439300098e-05 34.20302879709124 29.7064353004184 29.37764390041931 137.3781296894657 315.51424958806024 400.0 -0.042658586783136 5.5399603021271036 4.82538489667193 -0.01908592657625158 4.710454492121319 2.0774087246865515e-08 0.20745389925635294 0.10141753504195289 0.10603622489503867 4.830641333496899 0.09325441499572606 0.1141994842606269 0.14665667637698437 0.14665667637679564 8.972355298846313 2.229129308914072
1420.0 11.666087332001572 -6.470952417838423 76.26630685013936 -516053.8374406594 1.9255456053821177e-05 34.295866751896824 29.742288995412128 29.43562491756884 136.78490066336965 315.1968140693673 400.0 -0.04325669753196842 5.5767110736215635 4.860241834327983 -0.01902405763744817 5.1845981868608515 2.0787219600245772e-08 0.20882046959352754 0.10217522558219551 0.10664510462302801 4.866632746869485 0.09403279330055815 0.11478767629296938 0.147653946812425 0.1476539468122644 8.910881384627492 2.231018850936461
1430.0 11.67284414796885 -6.478905878822158 76.49327157945484 -515734.007133756 1.934588292676168e-05 34.389449647710514 29.778170971927356 29.494301592579227 136.18777424007826 314.87738421323655 400.0 -0.04385895962438887 5.613481768079929 4.8951480551312905 -0.018956645190832497 5.659877468910459 2.0800424018595156e-08 0.21018670225743974 0.10293465403506416 0.10725190876436888 4.902796546257923 0.09481516029390044 0.1153715419635393 0.14865110085055833 0.14865110085041794 8.850275516556124 2.232915980924279
1440.0 11.679636797578627 -6.486887703830411 76.71912982483255 -515413.9675814626 1.9437660987497935e-05 34.483791277649274 29.814076952831133 29.55369258747761 135.5866918678566 314.55592922647867 400.0 -0.04446537811490513 5.650272608591742 4.930098690171668 -0.018883652846595093 6.136227967298629 2.0813676840504444e-08 0.21155261526977326 0.10369583151836335 0.1078566442229312 4.93913054297829 0.09560154568947674 0.1159510695802965 0.14964815304234785 0.14964815304223236 8.790519732154651 2.2348210299948468
1450.0 11.68646581902534 -6.494897826083976 76.94389961051986 -515093.7193999247 1.953082743411512e-05 34.57890607638663 29.850002673783735 29.613817172797276 134.98159323156827 314.23241747293997 400.0 -0.045075958091322546 5.687083777252038 4.9650889035893515 -0.018805044096835394 6.613586491977827 2.082695527931057e-08 0.21291822529347382 0.104458768308402 0.10845931738534223 4.9756325416135185 0.09639197865224149 0.11652624664123229 0.15064511735879405 0.15064511735869102 8.73159656777014 2.2367343266687274
1460.0 11.693331765222972 -6.502936181689441 77.16759861661852 -514773.2632652074 1.9625420676450705e-05 34.674809130032024 29.885943889257458 29.67469523227246 134.37241646628712 313.9068164444923 400.0 -0.04569070467024821 5.7239154162775385 5.000113897759566 -0.018720782274643587 7.091891070232398 2.0840237415939876e-08 0.2142835476424707 0.10522347385377868 0.10905993411692252 5.012300344633462 0.0971864878384508 0.11709705980401994 0.1516420071918566 0.15164200719175203 8.673489041601568 2.2386561934623677
1470.0 11.700235204295032 -6.511002709641246 77.39024419041381 -514452.5999140473 1.972148044094526e-05 34.77151622983749 29.92189637815813 29.736347311718145 133.75909803829452 313.579092730924 400.0 -0.046309622992730545 5.760767629097615 5.035168918119341 -0.01863083051151847 7.571080981548718 2.085350219057651e-08 0.21564859629155847 0.10598995678962125 0.10965849975732789 5.049131756762799 0.09798510143734415 0.11766349485421439 0.15263883535550415 0.15263883535542988 8.616180637421422 2.2405869510302874
1480.0 11.707176720114603 -6.519097351826512 77.61185335750423 -514131.7301444873 1.9819047816937765e-05 34.869043898288254 29.95785594906826 29.798794640635432 133.14157265145212 313.2492119877005 400.0 -0.046932718219993425 5.797640481433188 5.070249257652818 -0.018535151693025824 8.051096791072382 2.0866729393217596e-08 0.21701338388695662 0.10675822495258375 0.11025501911611232 5.086124589113123 0.09878784721470721 0.11822553667224947 0.15363561408734397 0.15363561408735849 8.559655288969038 2.242526915613132
1490.0 11.714156912839005 -6.527220053032433 77.83244283259133 -513810.6548165973 1.9918165304450204e-05 34.96740941581639 29.993818445106168 29.862059154788422 132.51977317401136 312.9171389033459 400.0 -0.0475599955291685 5.834534002339655 5.105350261027967 -0.01843370841278901 8.531880381524967 2.08798996532185e-08 0.21837792175660004 0.1075282853961085 0.11084949646775633 5.1232766630709445 0.09959475255794978 0.11878316919865028 0.15463235505018896 0.15463235505012604 8.503897364970666 2.244476396653583
1500.0 11.721176399496665 -6.53537076095669 78.05202903009253 -513489.37485310464 2.0018876930310987e-05 35.0666308859731 30.02977974841447 29.92616355757741 131.8936306939061 312.582837163838 400.0 -0.04819146010915705 5.871448185231955 5.140467328395687 -0.018326462923805617 9.013374983819155 2.089299442783767e-08 0.2197422199209281 0.10830014440607735 0.11144193554680451 5.160585813952803 0.10040584452313642 0.11933637539779163 0.1556290693335351 0.15562906933359985 8.448891654770803 2.2464357039291283
1510.0 11.728235814593843 -6.543549426220614 78.27062807450025 -513167.8912400361 2.012122830255852e-05 35.16672725735466 30.065735784300657 29.991131338482038 131.26307423679995 312.2462694162093 400.0 -0.04882711715651568 5.908382988879072 5.175595918872617 -0.018213377089291313 9.495525206182332 2.0905995989966376e-08 0.22110628710351715 0.10907380751731083 0.11203233954199943 5.198049894447232 0.10122115007525398 0.11988513702826316 0.15662576745618653 0.15662576745609824 8.394623354538771 2.2484051415332
1520.0 11.735335810755771 -6.551756002385466 78.48825581053042 -512846.2050273591 2.022526668786144e-05 35.26771837484374 30.10168252500459 30.05698682116313 130.62803097186776 311.90739722937735 400.0 -0.0494669718714216 5.945338338366715 5.210731553680606 -0.018094412329284687 9.978277062098744 2.0918887414947442e-08 0.22247013074173777 0.10984927952969731 0.11262071109080912 5.235666777816693 0.10204069612433703 0.12042943461740081 0.15762245936740737 0.15762245936733393 8.34107805402741 2.250385012307174
1530.0 11.742477059393696 -6.559990445971718 78.70492781304927 -512524.3173296428 2.033104110740397e-05 35.36962501765177 30.137615993142585 30.123755198660565 129.9884258357628 311.5661810541239 400.0 -0.050111029453628025 5.982314126027039 5.245869818991205 -0.017969529567296257 10.461577996829964 2.0931652566741844e-08 0.22383375699709557 0.1106265645253506 0.11320705227261031 5.273434360905942 0.1028645090995719 0.12096924789752367 0.15861915444968228 0.15861915444961497 8.288241723856604 2.252375613927506
1540.0 11.749660251417446 -6.568252716481555 78.92065939683395 -512202.2293266907 2.043860242724131e-05 35.47246895468744 30.17353226480397 30.191462586238288 129.34418168400788 311.22258017970006 400.0 -0.05075929509855726 6.019310212335807 5.281006368449158 -0.017838689173067242 10.945376912853611 2.094427608334036e-08 0.22519717076550166 0.11140566588557806 0.11379136460199116 5.311350566930968 0.10369261528965887 0.1215045554758428 0.15961586152043572 0.15961586152036195 8.236100703302373 2.2543772428537676
1550.0 11.756886097975302 -6.576542776424713 79.13546562612676 -511879.94226422894 2.0548003460641052e-05 35.57627299239151 30.209427472326027 30.260136066991556 128.6952190979638 310.8765526890027 400.0 -0.05141177399331976 6.056326426769888 5.31613692539995 -0.017701850903669186 11.429624194086712 2.0956743361587772e-08 0.22656037568702964 0.11218658630825667 0.1143736490211317 5.34941334807189 0.1045250409027734 0.12203533478425624 0.16061258883414517 0.16061258883390672 8.184641688564392 2.2563901931425523
1560.0 11.764155331244892 -6.584860591347736 79.34936132405025 -511557.45745456754 2.0659299070549216e-05 35.68106102702981 30.245297806745487 30.32980374221206 128.04145631325017 310.528055411233 400.0 -0.05206847131284993 6.093362568629221 5.351257284817747 -0.01755897384125967 11.914271729136782 2.0969040541403998e-08 0.22792337415540184 0.11296932782521604 0.11495390589190733 5.3876206878660975 0.10536181212185423 0.12256156203354762 0.16160934408389752 0.16160934408395244 8.133851721495926 2.2584147567452946
1570.0 11.771468705252394 -6.59320612986686 79.56236108183305 -511234.776277346 2.0772546264360142e-05 35.786858093683 30.28113951996008 30.4004947787166 127.38280917475205 310.1770438716693 400.0 -0.05272939221597622 6.130418407816185 5.386363314966401 -0.0174100163301652 12.399272933367964 2.098115448959583e-08 0.2292861673267177 0.11375389182039561 0.1155321349864599 5.425970603431951 0.10620295516145556 0.12308321216526205 0.16260613440421798 0.16260613440415947 8.083718178770322 2.2604512228154947
1580.0 11.778826996746558 -6.601579363704518 79.774479267913 -510911.90018026624 2.088780434730726e-05 35.89369044026775 30.31694892655669 30.472239481519143 126.71919096332597 309.82347223904566 400.0 -0.0533945418415565 6.167493685571059 5.421450958748599 -0.01725493590790726 12.884582770337822 2.0993072783074146e-08 0.2306487551277031 0.11454027904702639 0.11610833547826502 5.464461147479733 0.10704849632659649 0.12360025880110656 0.1636029663713356 0.16360296637123978 8.034228761470688 2.2624998804727183
1590.0 11.786231006121596 -6.609980267729973 79.98573003691713 -510588.83067987475 2.1005135018725106e-05 36.00158557294366 30.352722405380508 30.545069338127067 126.05051226916765 309.4672932697781 400.0 -0.054063925304656424 6.204588115168305 5.456516234816595 -0.017093689236175793 13.370157772199072 2.1004783691804176e-08 0.2320111362632255 0.11532848964600456 0.11668250593127392 5.5030904101801585 0.10789846207340353 0.12411267418982194 0.16459984600556585 0.1645998460054773 7.9853714850827595 2.2645610153566307
1600.0 11.793681558381415 -6.6184088200037605 80.19612733849462 -510265.5693624088 2.112460251886444e-05 36.11057233968229 30.38845640079928 30.61901710128471 125.37668113106791 309.10845824979685 400.0 -0.05473754769254473 6.241701382560109 5.4915552383975825 -0.016926232027003933 13.855956059477153 2.1016276161340437e-08 0.23337330822282593 0.1161185231636253 0.11725464428871143 5.541856520844302 0.10875287907166459 0.12462042915116132 0.16559677877202386 0.1655967787722113 7.93713466987158 2.266634915694225
1610.0 11.80117950417065 -6.6268650018267135 80.40568492607976 -509942.1178846665 2.1246273777281356e-05 36.22068098603134 30.424147423710043 30.6941168441514 124.69760253773586 308.7469169316424 400.0 -0.055415414060910745 6.278833146978861 5.526564141879942 -0.016752518966794805 14.341937360171338 2.102753979511624e-08 0.2347352672865016 0.11691037856992725 0.11782474786051403 5.58075764946004 0.10961177426949481 0.12512349301700681 0.16659376958218858 0.1665937695821279 7.889506931630908 2.2687218662143627
1620.0 11.808725720853365 -6.635348797793226 80.61441636553033 -509618.477974963 2.1370218552273688e-05 36.33194323345582 30.459792052247074 30.77040403833746 124.01317856208978 308.38261746942146 400.0 -0.05609752942982965 6.315983041480576 5.5615391951183595 -0.016572503634345308 14.82806302848627 2.1038564836380116e-08 0.2360970085292562 0.11770405427602591 0.11839281331054669 5.619792008043739 0.11047517496009994 0.12562183356915618 0.1675908227930767 0.16759082279303036 7.842477172784988 2.2708221515063545
1630.0 11.81632111366055 -6.643860195849489 80.82233504371138 -509294.6514341367 2.149650961516049e-05 36.44439236991761 30.495386932268453 30.847915644383374 123.32330822777129 308.01550634988047 400.0 -0.05678389877985665 6.353150673445083 5.596476725534234 -0.016386138418354068 15.31429606295212 2.1049342150061907e-08 0.23745852582461635 0.11849954815270886 0.11895883664152426 5.658957851881345 0.11134310885076337 0.126115416973853 0.168587942208688 0.1685879422086527 7.796034573832109 2.272936058422459
1640.0 11.823966616903165 -6.652399187356581 81.02945417700748 -508970.64013662556 2.1625222908986232e-05 36.55806332064146 30.530928777560845 30.926690182691488 122.62788726898894 307.64552831800825 400.0 -0.05747452704791405 6.390335625016585 5.631373137949973 -0.016193374428326676 15.800601124434033 2.1059863204364857e-08 0.23881981184683734 0.11929685754802524 0.11952281317962742 5.698253480599762 0.1122156041342447 0.12660420771259262 0.1695851310790356 0.16958513107900142 7.750168585114643 2.2750638726836443
1650.0 11.831663195251664 -6.660965767158917 81.23578681977426 -508646.44603165117 2.1756437737627602e-05 36.67299273848363 30.56641436980802 31.006767824281347 121.92680797680825 307.2726263005877 400.0 -0.05816941912327068 6.427537453487821 5.666224914202277 -0.015994161402144928 16.286944553904135 2.1070120052274418e-08 0.2401808580716494 0.12009597930511265 0.1200847375574221 5.737677239112323 0.11309268956261019 0.1270881685090392 0.1705823920993906 0.17058239209936268 7.704868918901783 2.277205879113324
1660.0 11.839411845097654 -6.669559933658229 81.44134587277087 -508322.0711444598 2.1890236991540957e-05 36.789219122750325 30.60184055831817 31.088190510222056 121.21995921633236 306.8967413230271 400.0 -0.0588685798432803 6.4647556916272615 5.701028612528271 -0.015788447608827097 16.773294390215355 2.1080105312961357e-08 0.2415416547755705 0.12089690977991346 0.12064460369545608 5.77722751843343 0.11397439452377049 0.12756726025179999 0.17157972740894223 0.17157972740891908 7.66012554177517 2.279362367651307
1670.0 11.847213595997905 -6.678181688893625 81.64614409157423 -507997.51757767494 2.2026707322413374e-05 36.906782893227344 30.637204259517656 31.171002026495753 120.50722613248091 306.5178124225705 400.0 -0.05957201398917359 6.501989847945087 5.735780866731593 -0.015576179746250793 17.259620387999917 2.1089812153127118e-08 0.24290219103357447 0.12169964485873858 0.12120240478236305 5.81690275637016 0.11486074912084533 0.12804144191272912 0.17257713858881793 0.17257713858879914 7.61592866730463 2.281533626892235
1680.0 11.855069512201586 -6.686831038627742 81.85019409497912 -507672.78751275735 2.216593948542837e-05 37.02572655972264 30.672502456214442 31.255248174591532 119.78848990043656 306.1357765553004 400.0 -0.06027972628160451 6.539239406893581 5.770478385131106 -0.015357302833579603 17.745894035812302 2.10992342683213e-08 0.24426245471490232 0.12250417997563764 0.12175813325330373 5.856701438094329 0.1157517842544841 0.12851067046041822 0.17357462665939855 0.17357462665938447 7.572268749002076 2.2837199543316653
1690.0 11.862980694275157 -6.695507992439731 82.05350837342125 -507347.88321158 2.2308028181795985e-05 37.14609461774676 30.70773219663811 31.340976668448423 119.06362773133893 305.7505684980995 400.0 -0.06099172137614979 6.576503829002002 5.805117949298334 -0.015131760097932254 18.232088574702544 2.1108365864256843e-08 0.24562243247698687 0.12331051012961027 0.12231178076667933 5.896622096602932 0.11664753170842818 0.12897490076855875 0.1745721920769357 0.17457219207692376 7.529136473545014 2.2859216183066686
1700.0 11.870948280823649 -6.704212563825257 82.2560992974201 -507022.8070181424 2.245307383253844e-05 37.26793454216219 30.74289059326006 31.428238129575615 118.33251261659451 305.36212074470535 400.0 -0.06170800385861875 6.613782550939906 5.839696412586572 -0.014899492854906337 18.7181790173582 2.1117201638157065e-08 0.24698210975721355 0.12411862990156111 0.12286333817893691 5.936663313071397 0.11754802423845756 0.12943408551875601 0.17556983472930277 0.1755698347292988 7.486522754258171 2.2881390115090134
1710.0 11.878973450337718 -6.712944770304357 82.45797912611822 -506697.5613603709 2.2601177356325683e-05 37.39129371801248 30.777974821400633 31.517083019554825 117.59501302446553 304.97036339303827 400.0 -0.06242857824025023 6.651074985513693 5.874210698457652 -0.014660440382391756 19.204142168065303 2.112573676014192e-08 0.24834147076266777 0.12492853347117852 0.12341279551743854 5.9768237171089025 0.11845329566519122 0.12988817509747655 0.17656755393108126 0.17656755393108775 7.444418724848758 2.290372087606205
1720.0 11.887057423129516 -6.721704633536957 82.65916001581583 -506372.14875215304 2.2752460907610524e-05 37.51623154164998 30.812982117617636 31.607573743048945 116.85099274990087 304.5752240291169 400.0 -0.063153448952629 6.68838052157608 5.908657798601039 -0.014414539787390022 19.68995664350814 2.1133966854703825e-08 0.2497004984570303 0.125740214633307 0.12396014195098365 6.017101986911302 0.11936338097055467 0.13033711748647558 0.17756534841735894 0.17756534841737226 7.402815733377227 2.292622433537421
1730.0 11.895201463435411 -6.730492179447696 82.85965402870691 -506046.5717954106 2.2906992163138065e-05 37.64277479045372 30.847909777892625 31.69974001959409 116.10031073728967 304.1766275985808 400.0 -0.06388262034246873 6.725698523870022 5.943034770859635 -0.014161725864872993 20.17560289486906 2.1141887982252657e-08 0.2510591745454308 0.1265536668143949 0.12450536575821501 6.05749684933237 0.1202783163989261 0.1307808581465048 0.17856321633694694 0.1785632163369718 7.36170533647001 2.294885605555971
