#Found quasiharmonic mode : None
#T(K), volume, F(eV), S(J/K), H(J/K), a(-6/K), Cp(J/mol), Cv, Cpion, Bt(GPa), T_ph-D(K), T-D(K), F_el_atom, S_el_atom, C_el_atom, M_el, Seebeck_coefficients(10**-6 V/K), Lorenz_number(WOK^{-2}), Q_el, Q_p, Q_e, C_mu, W_p, W_e, Y_p, Y_e
0.0 13.415398427778957 -5.197950132530068 0.0 -501525.9448803617 0.0 0.0 0.0 0.0 135.0726010680341 400.0 400.0 0.0 0.0 0.0 0.0 0.0 2.443004551768e-08 0.0 0.0 0.0 0.0 0.0 0.0 0.0 0.0 0.0 0
10.0 13.41539966565387 -5.1979506770707555 0.013313609478270719 -501525.86428445595 1.572631941856007e-09 0.02022348522623356 0.020223484983338712 0.010268309643649772 135.07254756519845 574.1807845090896 400.0 -5.186032352873671e-07 0.009997465397596009 0.009955175582583787 2.9000537211987327e-06 0.6652886372161079 2.431189998506379e-08 0.00036571402575326557 0.0001830922349442573 0.0001826056523903802 0.009955703918855871 0.000183433990848973 0.00018228003490429267 0.00025356421343352987 0.00025356421344593867 166.4520563978665 1.8614522159376305
20.0 13.415410056463964 -5.197953658293491 0.05283565437248665 -501525.22835172905 6.29378538398966e-08 0.14102903439868922 0.141028256331923 0.12135682865051596 135.07209848992883 504.1477033149928 400.0 -2.0686172195021714e-06 0.019893358620120066 0.019672205748173265 1.4335586842065149e-05 1.6441885770082785 2.4117687706132197e-08 0.0007284990395007444 0.00036541253428406303 0.00036307036722984766 0.01967573989977653 0.0003670244550038197 0.0003614745844969245 0.0005055217216530652 0.0005055217215558729 83.22604968631968 1.6978223697190296
30.0 13.41547536022658 -5.197966249175626 0.18834916478347893 -501521.8494253174 3.109104376414572e-07 0.6543421023379312 0.654313621818299 0.6251942544046355 135.06927606684764 437.7054243918899 400.0 -4.638086671105715e-06 0.029669514893178702 0.029147847933295685 3.598873917959286e-05 2.68577768980867 2.3936301149167644e-08 0.0010875795872790249 0.0005466515548709212 0.0005409118950630663 0.029159500705619165 0.0005506241580744621 0.0005369554292045628 0.0007553325739887965 0.0007553325738947991 55.48412315277564 1.6280768602092264
40.0 13.41569864624888 -5.198005669839264 0.5129568896278376 -501510.7851404994 8.445774171994114e-07 1.7446707356426576 1.7443905336832193 1.706278499662373 135.05962542736052 414.8030119822657 400.0 -8.214693129804877e-06 0.03932674957374623 0.03839223598028453 6.794752927830737e-05 3.687346794676055 2.3763235193041493e-08 0.0014429438542658622 0.0007267698668850421 0.0007161578508145157 0.03841898151935955 0.0007341937444242684 0.000708750109841594 0.0010029626417180776 0.0010029626417208852 41.6133232315487 1.6205851821381483
50.0 13.416184516843499 -5.1980945511269825 1.0594153496026872 -501486.90838916914 1.5967480097437632e-06 3.2606794957041716 3.259427729532714 3.2132515838246647 135.0386242967861 411.19950566113073 400.0 -1.278651058452388e-05 0.04886972072495312 0.047427911879507303 0.00010955043556168987 4.598614585176554 2.3602742213090772e-08 0.0017946639290789667 0.0009057109356787024 0.0008889368576226487 0.04747722834547957 0.0009176021034594648 0.0008770618256195021 0.0012484469057983134 0.0012484469057017552 33.29106047154757 1.6271217717457611
60.0 13.416999172693862 -5.19825427584388 1.8038976793721841 -501447.05638824456 2.4620247984046576e-06 4.976417723699029 4.9728472188117685 4.920147305826705 135.00340763378557 414.11050906511696 400.0 -1.834231172105556e-05 0.05830461633096369 0.056270417872323404 0.00015992169762219833 5.421690737767471 2.3452664886762115e-08 0.0021428883073466146 0.0010834475742841584 0.0010594245979777658 0.05634983983152549 0.0011007279327433343 0.0010421603746032806 0.0014918620212591202 0.0014918620212073827 27.743111908130203 1.638709140638859
70.0 13.418170984749537 -5.19850208499579 2.70290593209952 -501389.9967820844 3.3605612863653575e-06 6.731245867828194 6.7234871469666455 6.666320588972665 134.95274223457108 418.92823166447533 400.0 -2.4871545488625044e-05 0.0676365375319519 0.06492527885552918 0.0002183654995465991 6.183905003319954 2.3308442416870783e-08 0.0024877810971900816 0.0012599910215099173 0.0012277739411330057 0.06504279900184592 0.00128350932332582 0.001204271773864262 0.0017332944518279694 0.001733294451804325 23.78050247942913 1.6511197537705438
80.0 13.41970255145297 -5.198850729272494 3.7135163910278344 -501315.7579448786 4.242608748480275e-06 8.431585970537597 8.417458618763794 8.35819004479472 134.88650576119258 423.9527492182459 400.0 -3.236415607451106e-05 0.07686911576339511 0.07339592574287664 0.00028446959660973734 6.911385445482389 2.3167390499700394e-08 0.0028294786834661967 0.0014353767200271943 0.0013940858292549702 0.0735604415091804 0.0014659394337556142 0.001363539249710582 0.0019728199444422508 0.0019728199444340286 20.80873132074131 1.6627960185162798
90.0 13.421581094422168 -5.199309055545731 4.799698604824159 -501225.0881444193 5.0798926781578905e-06 10.027474785243204 10.004699939573353 9.945785121687827 134.80523798138717 428.56738185571044 400.0 -4.081043758590802e-05 0.08600527988145369 0.08168966355537746 0.0003580217032552039 7.617899269640053 2.3029378399231244e-08 0.0031680825138505624 0.0016096474718191812 0.001558418908042513 0.08191099855606186 0.0016480401045021495 0.0015200424093484133 0.0022104993513263004 0.0022104993513271383 18.497513100656974 1.6733766334807818
100.0 13.423785469835066 -5.199882790820846 5.933053647610799 -501119.1126926608 5.857999207144838e-06 11.495394297132215 11.461761239796829 11.40557636835782 134.70983859401255 432.5884222085097 400.0 -5.0200977582679887e-05 0.09504796956259524 0.08981792877439305 0.0004388780526096738 8.304961447304144 2.2895562313153353e-08 0.003503670967654675 0.0017828415995405223 0.0017208132341701866 0.09010640964723346 0.0018298357551814264 0.0016738352124732482 0.0024463829389906842 0.0024463829389949447 16.648673156338575 1.6829108030546833
110.0 13.426290627361992 -5.200575267156888 7.09189570579973 -500999.12333905225 6.571212134743604e-06 12.827896334135184 12.781371737868628 12.730103170175626 134.60137530278791 436.00641554794225 400.0 -6.052665655542136e-05 0.10400036419565072 0.09779316395955716 0.0005268612106305427 8.966406990069821 2.2767009207634246e-08 0.003836313649195649 0.0019549867647418303 0.0018813107504238103 0.09815894446639595 0.0020113362512660772 0.0018249773979295712 0.002680515902952678 0.0026805159029796304 15.136098867997834 1.6915365334390806
120.0 13.429070378561066 -5.2013880206058545 8.260013506222746 -500866.4490323986 7.219139497205443e-06 14.027158687829889 13.965944471805834 13.921533209654521 134.48096485152726 438.8768702981756 400.0 -7.177865536449572e-05 0.1128657259213789 0.10562547817536873 0.0006217078466163651 9.593202748839802 2.2643972588400445e-08 0.004166080528382422 0.00212609794751123 0.002039966446639992 0.10607783340671305 0.0021925293346643374 0.001973551193718084 0.0029129417905303643 0.0029129417905508132 13.875714763191164 1.6993824605209182
130.0 13.432099059023999 -5.202321262970562 9.425508667176137 -500722.3787259197 7.80450116709772e-06 15.100809378021046 15.023361832915358 14.987488619284886 134.3497016623701 441.2736449555068 400.0 -8.394844233391996e-05 0.12164709938099161 0.11332075873616022 0.0007230587555293719 10.176866448057856 2.252580406992295e-08 0.00449304495784971 0.0022961779788664544 0.0021968508444461543 0.11386751940703013 0.002373380131477813 0.0021196648263718965 0.0031437034508591294 0.0031437034508777855 12.809314913000753 1.7065501663954827
140.0 13.435352466581614 -5.2033742446682 10.579812340073033 -500568.1184138552 8.331686036630516e-06 16.0592075496224 15.964230930295944 15.938327093857888 134.20861760754076 443.2697746400537 400.0 -9.70277343375871e-05 0.130347051512292 0.12088045576451242 0.0008304753105638544 10.711308889096715 2.2411224002920795e-08 0.004817282386525332 0.0024652194329656133 0.002352046818617249 0.12152767333507195 0.0025538348357427264 0.0022634475507826053 0.003372842350767477 0.0033728423507853145 11.895324087115194 1.7131188390232281
150.0 13.438808331461228 -5.2045455301486365 11.716889969774801 -500404.7705145865 8.805829642751474e-06 16.913720523031284 16.80014601359265 16.785417963604697 134.05866187963468 444.93042858394557 400.0 -0.00011100843979375764 0.13896753378442944 0.12830255942658708 0.0009434680559823195 11.193468439178334 2.2298699381845586e-08 0.005138867027576767 0.002633207106366079 0.002505643785764562 0.12905441921580513 0.002733826267296728 0.002405040760280039 0.003600397245698683 0.0036003972457170175 11.103254317594004 1.719152696682956
160.0 13.442446491712278 -5.205833205189681 12.832615023447298 -500233.32736029895 9.232244110200899e-06 17.675684381740872 17.542642280432784 17.54010122794195 133.90069353362466 446.31112810764665 400.0 -0.00012588259616798768 0.1475098750651365 0.13558315379892108 0.0010615275724083653 11.623194963889363 2.2186780089813883e-08 0.005457868225502284 0.002800120623266908 0.0026577314661858954 0.13644210142216334 0.002913279790736423 0.0025445884347658613 0.003826402922758641 0.0038264029227785307 10.410240174871012 1.7247063987187832
170.0 13.44624889039764 -5.2072350319635845 13.924284432023017 -500054.67313246144 9.616083126777069e-06 18.355821280554526 18.202611481527995 18.213103226219523 133.7354815979413 447.4581202128878 400.0 -0.00014164231346252388 0.15597487593501483 0.1427180543350032 0.0011841519907578562 12.00275233473064 2.207433289942802e-08 0.005774347569848128 0.0029659369120503755 0.002808394521042592 0.14368507434112043 0.003092118742657644 0.0026822288271904833 0.004050889397730872 0.004050889397750009 9.798796844051177 1.7298282074412017
180.0 13.450199471476974 -5.208748564420085 14.990248323096317 -499869.5904694879 9.962160115931798e-06 18.96395070557261 18.79001443665168 18.81424648504675 133.5637095801255 448.40951554582557 400.0 -0.00015827973147902483 0.1643629642957927 0.14970422052586158 0.0013108686396082452 12.336186557478394 2.196066622795103e-08 0.006088357221914921 0.003130632425748671 0.0029577086586003855 0.15077920071809958 0.003270268973052802 0.0028180882488621187 0.004273881687849624 0.004273881687868211 9.255325485764045 1.7345616361044356
190.0 13.454284023808668 -5.2103712336790355 16.029629610833272 -499678.76932395756 1.0274863447235679e-05 19.508881960213724 19.313776280340182 19.352341164642922 133.3859820877535 449.19658644322647 400.0 -0.0001757869950899766 0.17267437533606111 0.15654079557080092 0.0014412492619228347 12.628703662758264 2.184556388571072e-08 0.006399939523667621 0.003294185052352892 0.0031057383328311574 0.15772291868521082 0.003447662387713227 0.0029522771359543933 0.004495400120987771 0.004495400121007627 8.769090576994905 1.7389462583529138
200.0 13.45849000412879 -5.212100410832384 17.04211301367688 -499482.81657921564 1.0558130957641135e-05 19.998412739307234 19.78178837928424 19.83518300176883 133.20283249257596 449.84498080903546 400.0 -0.0001941562480372512 0.180909327773464 0.16322973753840372 0.0015749193047215105 12.886129393774388 2.17292539379183e-08 0.006709127724936564 0.0034565757003214123 0.0032525358851061077 0.16451785653043055 0.0036242395314512654 0.003084888193485299 0.004715461061631939 0.0047154610616519715 8.331504045299702 1.7430181155649993
210.0 13.462806357424226 -5.213933452766624 18.027787075878035 -499282.2655558317 1.0815459031513327e-05 20.439385478845978 20.200968073114403 20.269609404114842 133.01473060013208 450.37577056867343 400.0 -0.0002133796439220248 0.1890681780276269 0.1697760747311393 0.001711562266619149 13.114477589517161 2.161233781847993e-08 0.007015947553696282 0.0036177895647006375 0.0033981418483540375 0.1711690436080707 0.003799951323123201 0.0032159962305730798 0.004934077908271703 0.00493407790829182 7.935613935580504 1.7468099551811451
220.0 13.467223345166321 -5.215867735242971 18.987026325003967 -499077.58493740944 1.104993045350138e-05 20.837771491846702 20.57734596336242 20.661583639291507 132.82208994587506 450.8063206102919 400.0 -0.00023344937135313191 0.19715154241654667 0.1761878525551946 0.001850920218624956 13.319628534406169 2.1495700194831564e-08 0.0073204193245975085 0.0037778170893639795 0.0035425860933544105 0.17768479839828427 0.003974760077296678 0.00334565924730083 0.005151262223236049 0.005151262223256107 7.575732532853798 1.7503514242378704
230.0 13.471732386749597 -5.21790067642894 19.920403656581755 -498869.18689340516 1.1264251108135539e-05 21.198764967304687 20.916162702598125 21.0162891162232 132.62527460906531 451.15099695425135 400.0 -0.000254357689576312 0.20516038389136013 0.18247585108148834 0.001992791554496143 13.507105653177968 2.138041457230548e-08 0.007622560300999323 0.003936654646276799 0.0036858895115044307 0.18407638330903056 0.004148638090963172 0.003473922210036151 0.005367024878473764 0.005367024878495097 7.24716149884836 1.7536692578098934
240.0 13.476325916398997 -5.220029753285802 20.828625403907814 -498657.4343251244 1.146078960957e-05 21.526876630356178 21.221965044540905 21.33822347989632 132.4246053830374 451.4217374236935 400.0 -0.0002760969712079648 0.21309606423968916 0.18865315045985714 0.002137026879866683 13.681933762124958 2.126765456020515e-08 0.007922387072293006 0.0040943049561425774 0.003828065971496527 0.19035751034175907 0.00432156515079545 0.003600821921497557 0.005581377129172545 0.005581377129191573 6.9459857271245165 1.7567874824898806
250.0 13.480997255935767 -5.222252512621776 21.712483396192937 -498442.64724576834 1.1641616344846845e-05 21.8260216561442 21.498695765459615 21.631287044366104 132.22036506695903 451.6285007557442 400.0 -0.00029865974825369994 0.22096036540505312 0.1947346117780924 0.002283523774330108 13.848561281613982 2.1158616604411898e-08 0.008219917765266373 0.0042507772772384786 0.003969124341846893 0.19654376920084224 0.004493538140889506 0.0037263796243768655 0.005794331555280358 0.005794331555303964 6.668916675594325 1.759727619943985
260.0 13.485740502761308 -5.224566578173751 22.57281972271335 -498225.10835024086 1.1808540151168098e-05 22.09959934045908 21.749774992281935 21.898863012329173 132.01280347693782 451.779645677528 400.0 -0.0003220387587734186 0.22875548498449216 0.20073632812990524 0.0024322209895105604 14.01083025030397 2.1054456913914544e-08 0.008515173965370064 0.004406087391056594 0.004109070426520264 0.20265203434502854 0.004664565301554325 0.0038506086638157404 0.006005902835933504 0.006005902835957545 6.413171855502351 1.76250890492617
270.0 13.490550431909469 -5.226969654743888 23.410500993028464 -498005.0678510081 1.1963141712040954e-05 22.35056371647077 21.978172175995333 22.143888629199836 131.80214138737023 451.882208989214 400.0 -0.00034622699170157935 0.2364840114530314 0.20667508727093162 0.0025830924959676766 14.17198038548724 2.0956243170840243e-08 0.008808182274970983 0.004560257414347084 0.004247908711139967 0.20869989256193688 0.004834664910253319 0.003973517364717665 0.006216108341896141 0.0062161083419188775 6.176381102793655 1.7651484949049958
280.0 13.495422410756015 -5.229459530164534 24.226399690377917 -497782.74766271847 1.2106803324951551e-05 22.581485252157623 22.18646889270244 22.36891737729961 131.58857431705587 451.9421471208887 400.0 -0.00037121772799865357 0.24414888453609182 0.2125678748580152 0.0027361416659755244 14.334676079962106 2.0864920243202753e-08 0.00909897547803371 0.004713315467416942 0.004385643859370359 0.21470511934100675 0.0050038643201141516 0.004095111157919561 0.00642496854652825 0.006424968546551156 5.956512936063427 1.767661670244181
290.0 13.500352324948421 -5.232034075674475 25.02138082030737 -497558.34501671983 1.224073518012585e-05 22.794604254701913 22.376913137016427 22.576172818043275 131.37227564924083 451.96452348070864 400.0 -0.0003970045768252794 0.2517533456539609 0.2184314366586412 0.0028913957807117576 14.501047730301737 2.078128833330529e-08 0.009387593313296375 0.00486529522786164 0.004522281932360844 0.22068522125107123 0.0051721989207524095 0.004215394392543966 0.006632507266478786 0.0066325072665026335 5.751816152397737 1.7700620289412548
300.0 13.505336514189807 -5.2346912451459096 25.79629250885032 -497332.03558090434 1.2365998262775293e-05 22.991876812051505 22.55146598152729 22.767594902496064 131.1533994044 451.953660959724 400.0 -0.000423581506005688 0.25930088267399654 0.224281909555438 0.003048900974895415 14.672740975179273 2.070599162763144e-08 0.009674082881297714 0.005016235397514884 0.004657831328823023 0.22665705282148516 0.0053397110611031065 0.004334371820194605 0.006838751750226718 0.0068387517502507805 5.560773105408696 1.772361661507015
310.0 13.510371716569315 -5.23742907349329 26.551959542249065 -497103.9761528468 1.2483524250025202e-05 23.175014169502273 22.711841528826632 22.94487964488594 130.93208257456342 451.91326564052747 400.0 -0.0004509428664335806 0.26679517244917667 0.23013452461633224 0.0032087176764456424 14.850969225889482 2.063951542997374e-08 0.009958498725694088 0.005166179108342196 0.004792303460454002 0.23263650992115625 0.005506448965924123 0.004452049759769964 0.00704373263637324 0.007043732636397564 5.382062027374287 1.7745713131705432
320.0 13.51545502032907 -5.240245674513112 27.289179092691864 -496874.3069861296 1.2594132716587084e-05 23.345516408415897 22.859541050694865 23.10951302766519 130.70844719743118 451.8465275674285 400.0 -0.0004790834101685081 0.2742400238775253 0.2360033807507066 0.0033709165597746687 15.036566302407213 2.058218985332227e-08 0.010240902637695745 0.005315173290504646 0.004925713188308812 0.2386382970347236 0.005672465670965501 0.004568436966730242 0.007247483805033554 0.00724748380505811 5.214526416941134 1.7767005322668046
330.0 13.520583822020296 -5.243139238341862 28.008718062967592 -496643.15380203916 1.2698545965401853e-05 23.50470122437806 22.995882135210923 23.26279994013226 130.48260210557038 451.75620318593747 400.0 -0.000507998302551569 0.2816393235315688 0.241901284245799 0.0035355750047530404 15.230037084559479 2.0534198340666537e-08 0.010521363235578405 0.00546326802298209 0.00505807905168868 0.24467576280709907 0.005837817996132256 0.004683545239446148 0.007450042145373493 0.007450042145397994 5.0571499935028195 1.778757802014537
340.0 13.525755790193188 -5.24610802867229 28.711311624281844 -496410.62953158864 1.2797401806873751e-05 23.653728518777147 23.122023571954685 23.405888871296956 130.25464459855164 451.6446830758816 400.0 -0.0005376831287798738 0.28899698530781903 0.24783964748019138 0.003702774036624153 15.431604903216291 2.0495589526392855e-08 0.010799955370590711 0.005610515884222665 0.005189423323398946 0.2507607964328513 0.006002565571275391 0.00479738979931532 0.007651447260936604 0.007651447260964175 4.909036072069128 1.780750661554975
350.0 13.53096883382677 -5.249150379832367 29.39766262715714 -496176.8358264451 1.2891264571774395e-05 23.79362142484108 23.238986612051338 23.539792985779652 130.0246616301013 451.51404784168113 400.0 -0.0005681338950545775 0.296316905040448 0.2538284390614276 0.0038725957120621535 15.641254982917914 2.0466291202865903e-08 0.011076759407302541 0.005756971317337896 0.005319771924902216 0.2569037766017575 0.00616676992524661 0.004909989482055931 0.007851741132271878 0.007851741132299497 4.769390474433972 1.782685811967945
360.0 13.53622107486582 -5.25226469380448 30.068441644962746 -495941.86437168886 1.2980634558595022e-05 23.92528430236854 23.347673151158666 23.665408125079384 129.79273105069797 451.3661142802804 400.0 -0.0005993470254004686 0.3036029206121461 0.25987617728915563 0.004045120911987067 15.858773656536616 2.044612539914989e-08 0.01135186042158332 0.005902690021539805 0.005449154232859555 0.2631135645230975 0.0063304936455625726 0.00502136677602075 0.008050967753853965 0.008050967753878615 4.637507288955401 1.784569208735646
370.0 13.541510824255765 -5.255449437241473 30.72428746921823 -495705.7980284999 1.3065956209603776e-05 24.04951816469267 23.448881303023185 23.783528205698396 129.55892266335238 451.2024745024304 400.0 -0.0006313193542463925 0.31085877777025017 0.26598995899427624 0.004220427499808561 16.08378334534497 2.043482379817046e-08 0.01162534735366913 0.006047728378894434 0.005577602805444066 0.26939753282579443 0.006493799613217147 0.00513154774045198 0.008249172759693503 0.00824917275971935 4.51275693995286 1.786406148875109
380.0 13.546836561045197 -5.258703138520909 31.36580792114232 -495468.71183064225 1.3147625151556526e-05 24.167033922612994 23.543318760355323 23.89485840632521 129.32329906306356 451.0245272315879 400.0 -0.0006640481157533324 0.318088101609953 0.27217551628778436 0.004398588804872368 16.315773472129784 2.04320429095301e-08 0.011897312147809603 0.006192142923103586 0.00570515305320605 0.2757616227110308 0.006656750314956414 0.0052405618328531895 0.008446403049468613 0.008446403049495494 4.394576141218786 1.7882013457656236
390.0 13.552196914079024 -5.26202438486664 31.99358087760852 -495230.67385512916 1.3225994253524424e-05 24.27846377386636 23.631614278321504 24.000026479431014 129.08591640969686 450.83350541073816 400.0 -0.0006975309302407189 0.3252943735045389 0.2784372944353483 0.004579672392807854 16.554127575708346 2.0437378575932106e-08 0.01216784890407678 0.006335989854871759 0.00583184287551493 0.28221042248582634 0.0068194072333902095 0.0053484416706865694 0.008642706424535329 0.008642706424563528 4.282459395419558 1.7899589932545068
400.0 13.5575906459775 -5.265411819558167 32.608155435691486 -494991.74598436675 1.3301378896329197e-05 24.38437102153783 23.71432756351189 24.099592476671905 128.84682518637607 450.63049878125577 400.0 -0.000731765788422423 0.3324809131381039 0.28477854486592563 0.0047637390873499115 16.79814694753899 2.045037952328334e-08 0.012437053062463408 0.006479324606656608 0.00595771227990711 0.2887472614467989 0.006981830313880756 0.005455222748582652 0.008838131241080184 0.008838131241108754 4.175951768823434 1.7916828280993484
410.0 13.563016639054997 -5.268864139241209 33.21005315918807 -494751.98457457894 1.3374061501404756e-05 24.485258547856937 23.791957806689872 24.19405711970981 128.60607069148955 450.4164730929967 400.0 -0.0007667510339171728 0.33965086521433285 0.29120142814712774 0.004950842211384303 17.04707112824738 2.0470559770322722e-08 0.01270502063440941 0.006622201458009152 0.006082802998272249 0.29537431393834046 0.0071440775058993645 0.0055609431285100425 0.009032726085683937 0.009032726085712803 4.074642723581773 1.7933761782755053
420.0 13.568473882947435 -5.272380091347827 33.799769365433825 -494511.4410430889 1.3444295486901183e-05 24.58157614944103 23.8649510601294 24.28386902686623 128.36369368074398 450.19228639480144 400.0 -0.0008024853444727718 0.3468071903701459 0.29770712257479975 0.005141027018319385 17.300095598373687 2.0497409796651874e-08 0.012971847492579127 0.006764673201471072 0.006207158110733239 0.3020927092421032 0.007306204373997993 0.005665643118581133 0.009226539476960432 0.009226539476991634 3.978160831281774 1.795042012605846
430.0 13.573961463702815 -5.275958471630782 34.37777442175626 -494270.1623852684 1.3512308683253783e-05 24.673726893147723 23.933706628789047 24.36943095835676 128.1197307192289 449.95870289797244 400.0 -0.0008389677124619821 0.35395265980418755 0.30429593479096534 0.00533433028793068 17.556386980126817 2.0530406431474262e-08 0.01323762872598582 0.006906790857950485 0.006330821685394943 0.30890264372921006 0.007468263674429501 0.005769365051556319 0.009419619595527085 0.009419619595557668 3.8861692242842487 1.7966829788658174
440.0 13.579478554156182 -5.279598121813721 34.94451502946328 -494028.1916303613 1.3578306305525179e-05 24.762072637722206 23.99858261814663 24.45110522817391 127.87421466357121 449.7164048130628 400.0 -0.0008761974248993531 0.36108985313251224 0.31096740954829816 0.005530780063988142 17.815096042851156 2.05690214727291e-08 0.01350245806447699 0.007048603439694787 0.006453838439856704 0.31580349241199057 0.007630305246492145 0.005872152817984848 0.00961201404341657 0.00961201404344753 3.7983616674546865 1.7983014399846198
450.0 13.585024405412998 -5.283297927356772 35.5004154795971 -493785.5682441071 1.36424735815305e-05 24.846938843309534 24.0599007593629 24.529218406942604 127.62717504263809 449.46600248945725 400.0 -0.0009141740432851925 0.36822115900053604 0.31772043636693176 0.0057303955133680175 18.075368777160982 2.0612729080444767e-08 0.013766427374075544 0.007190157758387747 0.006576253428456443 0.3227939176563112 0.0077923758353410305 0.005974051538734517 0.009803769633162684 0.009803769633193665 3.7144591537657514 1.7998995103972435
460.0 13.590598339323295 -5.287056815335857 36.045878869621184 -493542.328484964 1.370497799743681e-05 24.928618759096604 24.11795061390993 24.60406540771817 127.37863827258506 449.2080431267644 400.0 -0.000952897383763119 0.37534877800745237 0.3245533513784319 0.005933186889202878 18.336355774958047 2.0661012011737795e-08 0.01402962622267826 0.007331498275444217 0.0066981117576744315 0.3298719733587896 0.0079545188832628 0.00607510733941546 0.009994932206031953 0.009994932206063484 3.6342069440410025 1.8014790798727722
470.0 13.596199741776958 -5.290873752432333 36.58128827364638 -493298.50571981055 1.3765971267388654e-05 25.007377082963274 24.172993244240104 24.67591304984043 127.1286280470869 448.943018284228 400.0 -0.0009923674975131024 0.38247472753209427 0.33146403312284356 0.006139155582288945 18.597220125069676 2.071336678021753e-08 0.014292141514050767 0.007472666991283789 0.006819458330854648 0.3370352033566612 0.008116774433155461 0.0061753670808953045 0.010185546478349754 0.010185546478381836 3.5573719846762266 1.8030418381766313
480.0 13.601828056764791 -5.294747743029615 37.10700786181542 -493054.1307041614 1.3825591103526822e-05 25.083453168764258 24.22526442407573 24.745003177301594 126.87716557516644 448.6713703702464 400.0 -0.001032584651853417 0.38960084808739137 0.33844999146266025 0.006348294247372768 18.857144009880894 2.0769307831424556e-08 0.014554057186944278 0.007613703370215572 0.006940337622436761 0.34428073322861985 0.008279179071811993 0.0062748781151322885 0.010375655914476247 0.010375655914509296 3.483740648211792 1.8045893011735832
490.0 13.607482781084514 -5.298677827412335 37.623383966277615 -492809.2318312832 1.3883962736585684e-05 25.157063833892984 24.274977450934152 24.81155538478704 126.62426974036104 448.3934982676403 400.0 -0.0010735493120276462 0.3967288108683495 0.34550844910594275 0.006560586992239879 19.115334165224425 2.0828370829907614e-08 0.014815453975315595 0.007754644297479076 0.007060793481135257 0.35160535496559375 0.00844176590924565 0.006373688066069946 0.010565302624701343 0.010565302624732922 3.41311675062426 1.8061228287419377
500.0 13.613163459627255 -5.302663080063579 38.130746092820566 -492563.8353539863 1.3941200247151652e-05 25.22840582475562 24.322325614318725 24.87576940925596 126.36995738664582 448.10976222218943 400.0 -0.0011152621238172268 0.4038601261975843 0.35263641549966124 0.006776009619257299 19.371026346040768 2.0890115153921657e-08 0.015076409225107794 0.007895524065005063 0.007180868960959308 0.35900560425270767 0.008604564623104894 0.006471844602002898 0.010754527286148759 0.010754527286181731 3.3453198065911756 1.8076436419153359
510.0 13.61886968115534 -5.306702608055488 38.62940787823125 -492317.96558240615 1.3997407752828262e-05 25.297657986027062 24.367484365245684 24.93782723295979 126.11424342902471 447.8204881031786 400.0 -0.001157723897196155 0.41099615260951095 0.35983075306727136 0.006994529909977423 19.623488922442363 2.0954125691384506e-08 0.015336996762725444 0.008036374382542451 0.007300606178561112 0.36647783031071435 0.008767601496905482 0.006569395265819959 0.010943369084707973 0.010943369084740823 3.280183490058825 1.8091528379066535
520.0 13.62460107454061 -5.3107955495286 39.119667994397275 -492071.6450605983 1.4052680460959498e-05 25.364983173182036 24.410613226248664 24.997894937249825 125.85714107124579 447.52597112441487 400.0 -0.0012009355908711079 0.4181381063502179 0.36708823593221057 0.007216107945040147 19.87202571588101 2.1020014026602347e-08 0.015597286810217144 0.00817722441091304 0.007420046195163721 0.3740182584085113 0.008930899494571088 0.006666387315646051 0.011131865675943447 0.011131865675977433 3.217554272473533 1.810651405746336
530.0 13.63035730538485 -5.314941072255143 39.601811000562094 -491824.8947244686 1.410710558417897e-05 25.430529936824566 24.451857475454272 25.056124335429253 125.59866185131429 447.226479103329 400.0 -0.001244898297980542 0.4252870711025431 0.3744056013953158 0.007440696452017961 20.115978171429532 2.1087419101871958e-08 0.015857345942171343 0.008318100814331797 0.007539228921136601 0.3816230452809967 0.00909447835827018 0.006762867583901164 0.011320053162998231 0.011320053163033184 3.1572902152053812 1.8121402360492493
540.0 13.636138072996557 -5.319138372281829 40.076108145664215 -491577.73404318985 1.4160763159169802e-05 25.494434013794493 24.49134963364223 25.112654419267955 125.33881593065409 446.9222553212323 400.0 -0.0012896132327805852 0.432444007776509 0.3817795945265387 0.007668241175203479 20.35472695105686 2.1156007431866647e-08 0.01611723707945822 0.008459027828907803 0.007658193041236551 0.38928832777685834 0.009258354724551054 0.006858882354907167 0.011507966089527508 0.011507966089562371 3.0992598961744595 1.8136201342797167
550.0 13.641943107668242 -5.323386672647556 40.542818122836145 -491330.1811460213 1.4213726777921009e-05 25.556819644969654 24.529210779210796 25.16761263867311 125.07761204439194 446.61352104005516 400.0 -0.0013350817184537515 0.4396097642322588 0.38920700629654476 0.0078986812617826 20.58769302263447 2.1225472942203016e-08 0.016377019515134032 0.00860002734464931 0.007776975958507066 0.3970102651247838 0.009422542255487495 0.006954477259646534 0.011695637445804402 0.011695637445839133 3.043341453595109 1.8150918287324491
560.0 13.64777216823812 -5.327685222171921 41.002187778386805 -491082.2529361772 1.4266064225682054e-05 25.617800743396096 24.56555171258286 25.221116037680915 124.815057728208 446.30047772070753 400.0 -0.001381305175934222 0.4467850848275682 0.39668470571517966 0.008131949659704962 20.814338311024787 2.1295536496870697e-08 0.016636748968091145 0.008741118998520026 0.00789561375487208 0.40478507524792373 0.009587051781819178 0.007049697186271963 0.011883098686249557 0.011883098686283802 2.9894217321972048 1.8165559799985307
570.0 13.653625039882082 -5.33203329431025 41.45445277753964 -490833.96519322466 1.4317838054159926e-05 25.6774819297582 24.600473988681333 25.27327226329363 124.55115930576218 445.98330898389133 400.0 -0.001428285113842504 0.45397061970295777 0.4042096664645716 0.008367973523025578 21.0341659699126 2.1365945172512338e-08 0.01689647766030469 0.008882320276290635 0.008014141166531093 0.4126090655777203 0.009751891455356059 0.007144586204948636 0.01207037975673171 0.012070379756766845 2.9373955193356656 1.8180131869657072
580.0 13.659501532134144 -5.3364301860714205 41.89983822935619 -490585.3326652679 1.436910608763819e-05 25.735959453176147 24.634070833640095 25.324180464651292 124.28592206742276 445.66218234539605 400.0 -0.0014760231193872025 0.46116693373724915 0.4117789885248563 0.00860667462116718 21.246720326798908 2.1436471331236286e-08 0.01715625441386575 0.009023646621173009 0.008132591572358187 0.42047865883001484 0.009917066908297663 0.007239187505568094 0.012257509130143673 0.012257509130181523 2.887164860139443 1.8194639942843631
590.0 13.66540147708962 -5.340875216994606 42.33855927311088 -490336.3691520663 1.4419921905196531e-05 25.79332201401856 24.666427959781196 25.373932098734358 124.01935030507254 445.33725075623914 400.0 -0.0015245208502538022 0.4683745151220684 0.4193899152842013 0.00884796974887789 21.451586547608727 2.1506911537451504e-08 0.017416124764287996 0.009165111547410074 0.008250996993618809 0.4283904142018249 0.010082581417027503 0.0073335433472604865 0.012444513848857792 0.01244451384889578 2.8386384423192452 1.8209089010349317
600.0 13.671324727801368 -5.345367728181718 42.7708216284848 -490087.0875800521 1.4470335218486001e-05 25.849651488943625 24.697624291080096 25.42261164233001 123.75144736291699 445.00865397026394 400.0 -0.001573780027470823 0.47559378351885634 0.4270398466136143 0.00909177113435621 21.648390062608435 2.1577085358548192e-08 0.01767613108692789 0.009306726757218964 0.008369388103446835 0.4363410444386553 0.010248436068812834 0.0074276950181150535 0.012631419572810887 0.012631419572847564 2.791731042507809 1.8223483619489749
610.0 13.677271156797376 -5.349907081381718 43.196822111622396 -489837.5000701654 1.4520392235255617e-05 25.9050235815518 24.72773260975358 25.4702972331858 123.48221572669766 444.67651976391716 400.0 -0.0016238024291291178 0.48282509777265326 0.43472634836600055 0.009337986842881141 21.836795790410264 2.1646834083915874e-08 0.017936312733633185 0.009448502259650871 0.008487794244633216 0.44432742920358614 0.010414629929871083 0.0075216828037620986 0.012818250632079753 0.01281825063211751 2.7463630270667982 1.8237827923298084
620.0 13.683240654770021 -5.354492658124329 43.61674911935801 -489587.61799922556 1.4570136021479239e-05 25.959508409141826 24.756820133275777 25.517061250406876 123.21165707592758 444.3409650224522 400.0 -0.0016745898850206505 0.4900687631690906 0.4424471587349491 0.009586521174289831 22.016507193422854 2.171601939185261e-08 0.018196706177107613 0.009590446490158222 0.00860624345442353 0.4523466251589147 0.010581160211869124 0.007615545965238494 0.013005030082962613 0.013005030083000272 2.7024599012141604 1.8252125765542422
630.0 13.689233129370338 -5.359123858899669 44.0307830834729 -489337.45205556264 1.4619606758214925e-05 26.01317101607528 24.784949029938122 25.5629708241926 122.93977228984565 444.0020967115918 400.0 -0.0017261442719963757 0.4973250382274797 0.4502001918826795 0.009837275052457538 22.187265194012696 2.178452198963633e-08 0.018457345160703298 0.009732566429768398 0.008724762495136654 0.4603958731477725 0.010748022438081694 0.007709322722621603 0.013191779766633788 0.013191779766669498 2.65995190109867 1.826638066449829
640.0 13.695248504120096 -5.363800102381355 44.43909689696896 -489087.01228949503 1.4668842022156313e-05 26.06607184263484 24.81217688006974 25.60808830341949 122.66656159628582 443.66001274699227 400.0 -0.0017784675101810026 0.5045941410313103 0.45798353921534896 0.010090146405410309 22.348846977696464 2.185224024786559e-08 0.018718260851677795 0.00987486772297076 0.008843376889534816 0.46847260283535785 0.010915210605958056 0.007803050245719736 0.013378520369609901 0.013378520369645111 2.618773624125104 1.8280595881656045
650.0 13.701286717421542 -5.368520824690354 44.84185631414114 -488836.3081591935 1.4717877018539734e-05 26.118267140355506 24.838557089152605 25.652471671701193 122.39202452032833 443.3148027738321 400.0 -0.0018315615598154058 0.511876255102505 0.4657954686543124 0.01034503053487378 22.501064706635294 2.1919088846648888e-08 0.01897948199618697 0.010017354793542172 0.008962110959990957 0.47657443514288444 0.011082717347299788 0.007896764648887182 0.013565271485334544 0.013565271485371283 2.5788636934094917 1.829477443088939
660.0 13.707347721662389 -5.3732854786972215 45.23922032617401 -488585.3485723999 1.4766744812143966e-05 26.16980934905284 24.864139258307276 25.69617492682986 122.1161599083278 442.96654886657194 400.0 -0.0018854284188536926 0.5191715348306601 0.4736344222229839 0.010601820474407065 22.643764164154106 2.1984997448083202e-08 0.019241035074531225 0.010160030957670577 0.009080987870611373 0.48469918278158636 0.01125053408244814 0.007990500992083089 0.013752051676280923 0.013752051676319528 2.540164452744399 1.8308919122718743
670.0 13.713431482401969 -5.37809353336045 45.631341513849335 -488334.1419244283 1.4815476489048218e-05 26.22074742873616 24.888969516958316 25.73924841649906 121.83896606260298 442.6153261583067 400.0 -0.0019400701210437346 0.5264801104718073 0.4814990122371014 0.010860407335344345 22.776823348497647 2.2049909406550152e-08 0.01950294445538403 0.010302898533852422 0.009200029671566851 0.4928448491651536 0.011418651165783883 0.00808429328960015 0.013938878536060148 0.013938878536101651 2.502621688885786 1.8323032562598396
680.0 13.71953797762056 -5.382944473098639 46.01836637883726 -488082.6961328313 1.486410136009031e-05 26.271127166460474 24.913090821910963 25.78173915010283 121.560440698251 442.2612034080923 400.0 -0.001995488734796166 0.5338020927338413 0.48938801635764345 0.011120680639885997 22.900151031853134 2.2113780525907786e-08 0.01976523254792516 0.010445958949145564 0.00931925734497298 0.5010096259532187 0.011587058043285563 0.008178174504639599 0.014125768751103268 0.014125768751143757 2.4661843783478186 1.8337117195461061
690.0 13.725667197057007 -5.387837797194862 46.40043565507347 -487831.0186690348 1.4912647115916544e-05 26.320991448088712 24.93654322657478 25.823691076347682 121.28058093132834 441.904243511425 400.0 -0.0020516863623406736 0.5411375769686522 0.4973003717410307 0.011382528641188291 23.013685298847292 2.2176577870603642e-08 0.020027919951008246 0.010589212841461183 0.009438690851765852 0.5091918894567016 0.011755743368795233 0.008272176582213017 0.014312738161550027 0.014312738161590646 2.4308044562208067 1.8351175313245665
700.0 13.731819141583546 -5.392773019230854 46.77768460140627 -487579.11658727983 1.4961139941219785e-05 26.370380500557886 24.959364123613003 25.865145332068828 120.99938345462594 441.54450396247495 400.0 -0.0021086651395803156 0.5484866469907325 0.5052351684890564 0.011645838629805104 23.117392076586246 2.2238278635648893e-08 0.02029102559860208 0.010732660157645449 0.009558349179061629 0.5173901961056846 0.01192469516712863 0.008366330431473447 0.014499801821045632 0.014499801821087439 2.3964366048069747 1.8365209057240681
710.0 13.737993822649923 -5.397749666549705 47.15024327685445 -487326.9965511009 1.500960470023029e-05 26.419332122069317 24.981588463928976 25.90614047948571 120.71684435896807 441.1820372713601 400.0 -0.002166427236274935 0.5558493785446508 0.5131916425836042 0.011910497226654522 23.211263667033677 2.2298869079057798e-08 0.02055456690094167 0.010876300247189831 0.009678250387597379 0.525603277165687 0.012093900926448927 0.00846066597449274 0.014686974055193229 0.014686974055234562 2.363038060122018 1.8379220469434872
720.0 13.744191261782051 -5.402767279745312 47.51823679959505 -487074.66485758696 1.5058065001807507e-05 26.46788187574684 25.00324895455185 25.94671270728332 120.4329593727677 440.8168913415045 400.0 -0.0022249748567241905 0.5632258424431894 0.5211691684635205 0.012176390662380493 23.295317290793392 2.2358343518800815e-08 0.020818559880922592 0.011020131951464448 0.009798411658892005 0.5338300328622207 0.01226334774083636 0.008555212140086234 0.014874268518465955 0.014874268518507506 2.330568434524669 1.839321147230673
730.0 13.750411490103302 -5.407825412176721 47.8817855906698 -486822.12745965796 1.5106543332654917e-05 26.516063273863345 25.024376237685896 25.986896022482398 120.14772366250176 440.4491098131011 400.0 -0.0022843102407537194 0.5706161073976643 0.5291672513809499 0.012443405042945378 23.36959364999411 2.2416703395233828e-08 0.021083019305369727 0.011164153688415026 0.009918849341818067 0.5420695260551537 0.012433022427547333 0.008649996877822395 0.01506169824941953 0.015061698249462218 2.298989553925957 1.8407183877727757
740.0 13.756654547927322 -5.4129236295065715 48.24100560356501 -486569.3899864993 1.5155061160786262e-05 26.563907946084374 25.044999052939858 26.026722426427018 119.86113201516014 440.0787323730433 400.0 -0.0023444356651557805 0.5780202425634926 0.5371855196573562 0.012711426601923422 23.434155517016425 2.2473956399036106e-08 0.021347958810969545 0.011308363532745174 0.01003957899835183 0.5503209755891352 0.012602911621813557 0.00874504718915599 0.01524927572410827 0.015249275724151521 2.268265308201683 1.842113942795342
750.0 13.762920484362832 -5.4180615092616256 48.59600854042843 -486316.45776237507 1.5203639010119717e-05 26.611445785210744 25.065144384507633 26.06622206827139 119.5731787426523 439.705795037919 400.0 -0.002405353445395896 0.5854383198211826 0.545223716939354 0.012980341939364981 23.489086354371462 2.2530115663879547e-08 0.021613391024657015 0.011452759291591222 0.010160615448285256 0.5585837494271384 0.012773001849596458 0.008840389175060562 0.015437012907593408 0.015437012907635524 2.238361513572592 1.8435079768597598
760.0 13.769209356973706 -5.423238640414671 48.94690205592725 -486063.3358239221 1.5252296560770469e-05 26.658705089165526 25.084837594884995 26.10542339462425 119.28385783769735 439.3303304101774 400.0 -0.00246706593758104 0.5928704158147239 0.5532816945412782 0.013250038247723864 23.534488970370703 2.2585199022436878e-08 0.02187932767840408 0.011597338575788358 0.010281972812748398 0.5668573576624523 0.012943279723701424 0.008936047954702655 0.01562492130351906 0.015624921303560677 2.209245785852242 1.8449006500100367
770.0 13.775521231455349 -5.428454622986213 49.293789949445774 -485810.02893610095 1.5301052705134302e-05 26.70571267902866 25.104102546515243 26.14435327508619 118.99316279050264 438.95236791224903 400.0 -0.0025295755408147784 0.600316613766529 0.5613594039424725 0.01352040352491491 23.570484214072977 2.263922832370512e-08 0.022145779718352947 0.01174209886680819 0.010403664556405168 0.5751414454860648 0.013113731868955302 0.009032047849397647 0.01581301200171095 0.015813012001753442 2.1808874235725644 1.8462921130976506
780.0 13.781856181349387 -5.433709067665123 49.63677234644718 -485556.5416068962 1.534992563061113e-05 26.752494017573778 25.122961712614448 26.18303712807189 118.7010867728059 438.5719339991922 400.0 -0.002592884699693207 0.6077770050888761 0.5694568895018861 0.013791326774997996 23.597209712491473 2.2692228809478655e-08 0.022412757408341057 0.011887037579501578 0.010525703528235371 0.5834357861820538 0.013284345190796592 0.009128412217544467 0.016001295723801746 0.016001295723843092 2.1532573001017723 1.8476825126997662
790.0 13.788214287780482 -5.439001595447052 49.975945869656655 -485302.87810088997 1.5398932881102096e-05 26.79907331142425 25.14143627827672 26.22149902999036 118.40762255206705 438.1890523530223 400.0 -0.0026569959071090915 0.61525169080969 0.5775742814338928 0.014062698196805189 23.61481865214679 2.2744228547240354e-08 0.022680270427876202 0.012032152120774785 0.010648102000833787 0.5917402742052285 0.013455106447033112 0.00922516398084309 0.016189782866880206 0.016189782866921916 2.1263277639570175 1.8490719899243497
800.0 13.79459563922334 -5.444331837289805 50.311403800747044 -485049.04245179903 1.5448091416512383e-05 26.84547360644664 25.15954623284516 26.25976181736347 118.11276251257775 437.8037440595729 400.0 -0.0027219117072142464 0.6227407828303768 0.5857117890831706 0.014334409360841266 23.623478606556613 2.2795257916664613e-08 0.022948327964685596 0.012177439944370165 0.010770871708178465 0.600054918389746 0.01362600288786807 0.009322325076817529 0.01637848354521847 0.016378483545259895 2.1000725465951393 1.850460681188672
810.0 13.801000331287204 -5.449699433784568 50.64323623310042 -484795.0384740688 1.5497417666575297e-05 26.891716875459462 25.177310454422447 26.297847180932404 117.81649870491674 437.4160277704046 400.0 -0.002787634698635484 0.6302444050316687 0.5938696945270577 0.014606353374941053 23.623370410698325 2.284534914678778e-08 0.023216938801965344 0.01232289860189589 0.010894023881850526 0.60837983532824 0.01379702648755354 0.009419912314411805 0.016567407630085695 0.01656740763012862 2.0744666770346267 1.8518487192728452
820.0 13.807428466521468 -5.4551040348422335 50.97153021622565 -484540.8697735999 1.5546927542856927e-05 26.93782408912745 25.194746787302023 26.335775742601395 117.51882280583209 437.0259198507318 400.0 -0.0028541675378102303 0.6377626942430481 0.6020483465260514 0.014878425038998118 23.614687083031257 2.2894535900794117e-08 0.02348611140050655 0.012468525790292923 0.01101756928569325 0.6167152429534244 0.013968181436878493 0.009517929963628052 0.016756564787725827 0.01675656478776809 2.0494864027258117 1.853236228446614
830.0 13.813880154246746 -5.460545299394162 51.2963698923747 -484286.53975767957 1.559663668057647e-05 26.983815333845293 25.211872113014067 26.37356717901055 117.21972614959103 436.6334345143377 400.0 -0.002921512942566978 0.6452958010900771 0.6102481548347407 0.015150520989361673 23.597632795259898 2.2942852905279993e-08 0.023755853975886032 0.012614319395907141 0.011141518248930744 0.6250614543458117 0.014139459175631494 0.009616394800254535 0.016945964515538505 0.01694596451558138 2.025109116142551 1.8546233485206813
840.0 13.820355510397162 -5.466022895106337 51.6178366258086 -484032.0516441797 1.5646559730349088e-05 27.029711751337956 25.228702415606477 26.411242166455775 116.91933231589168 436.2385871941257 400.0 -0.002989673695785299 0.6528438907327753 0.6184695848821817 0.015422539833111124 23.572421889679887 2.299033562097681e-08 0.024026174570916752 0.012760277535352471 0.011265880697755129 0.6334188717878421 0.014310858058111072 0.009715316512805678 0.01713561617654693 0.017135616176590568 2.0013132866179038 1.856012250480716
850.0 13.826854657243638 -5.471536498103921 51.93600912478147 -483777.4084701944 1.5696712173657636e-05 27.075564261106262 25.245252841698267 26.448851108286092 116.6196851141788 435.8413815203815 400.0 -0.0030586526492280895 0.6604071435033321 0.6267131528201655 0.015694382272052824 23.53927794357765 2.3037019951880587e-08 0.024297081123424585 0.012906398593242465 0.01139066618537182 0.6417879810738585 0.014482373731339093 0.009814707392085486 0.017325529032097126 0.017325529032142035 1.9780783969857494 1.8574358605268915
860.0 13.833377587038099 -5.477085790148001 52.250963148244836 -483522.613204672 1.5746119373087683e-05 27.1213133601485 25.261537739496195 26.48633394320038 116.3304416407562 435.44183794188507 400.0 -0.0031284527071032387 0.6679857512332155 0.6349794169481191 0.015965950459178833 23.498432793470144 2.3082941987933894e-08 0.02456858137722018 0.013052681160440446 0.011515883864721372 0.6501693418992368 0.014653997510825184 0.009914583866395 0.017515712162370484 0.01751571216241619 1.9553848782310628 1.8589323421960222
870.0 13.839923382271836 -5.482601242249733 52.56492597812307 -483259.116139023 1.5791148526456178e-05 27.16637690034744 25.277562974708452 26.52310795126679 116.06877180139537 435.04545636557685 400.0 -0.003199076702749195 0.6755798921670955 0.6432689490806505 0.016237143774392795 23.450125396644427 2.3128137768158954e-08 0.0248406820153026 0.013199123489738373 0.011641542166005393 0.658563557395176 0.014825719963244716 0.01001496205205789 0.017706173820219665 0.01770617382026393 1.9332140187022067 1.8603507323608337
880.0 13.84648972027784 -5.487991034921712 52.88081195778882 -482975.52315314976 1.5830594662365315e-05 27.210532881436908 25.29333171580277 26.55895060050304 115.83970815204965 434.65966031940144 400.0 -0.0032705270849361667 0.6831896845392904 0.6515822809338698 0.016507856129065922 23.3946016991459 2.3172642957748832e-08 0.025113386949789093 0.01334572256440182 0.011767648018075566 0.6669712194065177 0.01499752966324743 0.010115857286541666 0.017896919911810673 0.01789691991185446 1.9115478926663172 1.8616369539704822
890.0 13.853074977591216 -5.49341484563086 53.19369785405082 -482691.56476352684 1.5867854720795807e-05 27.25436985277956 25.308873972205507 26.59444992277242 115.62833741802503 434.27206236990804 400.0 -0.003342806060411463 0.6908152294439661 0.6599199300071453 0.01677798777665496 23.3321146132134 2.321649233946672e-08 0.025386698914552162 0.013492475192493183 0.011894207346747326 0.6753929352033994 0.015169414926861831 0.010217283987690323 0.018087954951447476 0.018087954951491587 1.890369411977525 1.8629549096634046
900.0 13.859678834191012 -5.498872385183832 53.503648854316474 -482407.24440107384 1.5905051117971815e-05 27.298185104375552 25.32420126266981 26.629902648534554 115.42087623827456 433.8826908638928 400.0 -0.0034159160247936938 0.6984566732067655 0.6682824558409931 0.01704744888638956 23.262921617012633 2.32597195963407e-08 0.02566062191988371 0.013639379328632337 0.012021226207697121 0.6838293817400984 0.015341366183712032 0.010319255736171673 0.018279284242207493 0.018279284242252395 1.8696623066657394 1.8643333511071034
910.0 13.866301331671092 -5.504363365431338 53.81072955778273 -482122.5635252213 1.5942335318786776e-05 27.341955772661525 25.339324562782505 26.665285337487397 115.2130472246083 433.4915516529055 400.0 -0.0034898594666367714 0.7061141834440865 0.6766704351741273 0.0173161543319196 23.1872830860426 2.33023572233983e-08 0.025935160443334184 0.013786433522625523 0.012148710528673279 0.6922812777529422 0.015513374980551073 0.010421785462783112 0.01847091332915147 0.01847091332919584 1.8494110380181308 1.8657204903154392
920.0 13.87294252678744 -5.509887504579231 54.11500264046597 -481837.52339393646 1.597969983908842e-05 27.385682392762284 25.354254299922157 26.70059794390698 115.00438323370166 433.0986489700096 400.0 -0.0035646389157654814 0.7137879377748435 0.6850844488553005 0.017584021790604004 23.10546142328049 2.3344436465176496e-08 0.026210319057137468 0.013933636677623418 0.012276665978763262 0.7007493687900047 0.015685433299139916 0.010524885757997557 0.018662847726144467 0.018662847726189525 1.829600743581236 1.867107053040277
930.0 13.879602480011652 -5.515444527172423 54.41652888836162 -481552.12512749137 1.6017157484406432e-05 27.429377813066168 25.36900038438506 26.735852733912154 114.7948761906144 432.7039861593828 400.0 -0.0036402569433660837 0.7214781230949622 0.6935250791540133 0.017850971699247917 23.017720413406423 2.3385987276825664e-08 0.026486102434963542 0.014080988047114213 0.012405097978153316 0.70923442306731 0.015857533857826404 0.010628568577137133 0.01885509291879794 0.018855092918842378 1.8102172003042407 1.8684935701423848
940.0 13.88628125543988 -5.521034163910455 54.715367273188036 -481266.36971397005 1.6054715348680278e-05 27.473053111549593 25.383572239630205 26.771060203790643 114.58452196822483 432.30756571910274 400.0 -0.0037167161635872346 0.7291849352057465 0.7019929077589445 0.01811692726560189 22.92432462586719 2.3427038301692126e-08 0.026762515369157074 0.014228487238483568 0.012534011711807088 0.7177372280182779 0.01602966989726264 0.010732845471894431 0.019047654375816438 0.019047654375858803 1.7912467905240177 1.86987999596098
950.0 13.892978920717068 -5.526656151470318 55.011575024467994 -480980.25801441015 1.6092381759368127e-05 27.51671929378396 25.397978830534402 26.806230779692964 114.37331615667581 431.9093893403867 400.0 -0.003794019235317349 0.7369085784334668 0.7104885140909984 0.018381814473111522 22.825538860429045 2.3467616863129557e-08 0.027039562785395245 0.014376134215012151 0.012663412142125897 0.7262585871579594 0.016201835195507632 0.010837727589887615 0.01924053755919261 0.01924053755923743 1.7726764700991378 1.871266450592299
960.0 13.899695546938942 -5.532310232336686 55.305207698008026 -480693.7907677918 1.6130164439433092e-05 27.56038685520119 25.41222868981572 26.84137438129538 114.16125444490298 431.50945794551365 400.0 -0.003872168863735524 0.7446492652432326 0.7190124739058098 0.018645562079113946 22.72162763312564 2.3507748968596333e-08 0.02731724975494561 0.014523929296439215 0.012793304020643008 0.7347993172438508 0.01637402424682659 0.010943225508119022 0.019433747933313504 0.01943374793335836 1.7544937385345716 1.8726530094475469
970.0 13.906431208596361 -5.537996154638336 55.59631924124183 -480406.9685955582 1.6168071065018516e-05 27.604065939631774 25.426329942779006 26.876500581465702 113.94833223399544 431.1077717207063 400.0 -0.003951167801888505 0.7524072158532479 0.7275653581660741 0.018908101607453317 22.61285470054418 2.3547459324319138e-08 0.027595581504821387 0.014671873158269438 0.012923691898872115 0.7433602457200711 0.016546231979515675 0.01104934952530572 0.01962729097309333 0.019627290973135952 1.7366866109561194 1.8740397601631047
980.0 13.913185983506455 -5.543713671991195 55.884962055397004 -480119.7920059662 1.6206109084072047e-05 27.647766316710495 25.44029033050968 26.91161858455067 113.73454488532792 430.7043301479127 400.0 -0.00403101885219565 0.7601826578509123 0.7361477321598227 0.01916936733543548 22.4994826204573 2.3586771358927834e-08 0.027874563425971305 0.014819966829930625 0.013054580138339447 0.7519422084267867 0.01671845399044848 0.01115610943552282 0.019821172171193592 0.01982117217123457 1.7192435918001487 1.8754267838583165
990.0 13.919959952746321 -5.5494625433475075 56.17118705472545 -479832.26139820594 1.6244285809688225e-05 27.691497423394853 25.454117231636804 26.946737268551207 113.51988760105311 430.2991320341124 400.0 -0.004111724867835378 0.7679758258140873 0.7447601548436459 0.019429296275658068 22.381772346853854 2.362570725461481e-08 0.0281542010797135 0.014968211691912906 0.013185972919878539 0.7605460475591379 0.016890686469293783 0.011263514610419722 0.020015397044410403 0.020015397044446805 1.7021536500980041 1.8768141624427412
1000.0 13.926753200608886 -5.555242532850602 56.45504372304271 -479544.37706619775 1.6282608407984912e-05 27.73526837893703 25.46781768277631 26.981865200544622 113.30435543845614 429.8921755376127 400.0 -0.004193288754127239 0.7757869609407555 0.7534031783924049 0.019687828153269204 22.259982857498184 2.3664287984559147e-08 0.028434500202620144 0.01511660947201439 0.01331787425226908 0.7691726098619275 0.017062926053994183 0.011371574148625966 0.020209971139308367 0.02020997113933899 1.6854061962442488 1.878201975955164
1010.0 13.933565814545727 -5.56105340969542 56.736580167585 -479256.13920226024 1.6321083920296536e-05 27.779088010007545 25.481398397747302 27.01701066207435 113.0879434196755 429.48345819334776 400.0 -0.0042757134698315396 0.7836163106877021 0.7620773479331918 0.01994490537871197 22.13437081220493 2.3702533355401274e-08 0.028715466709972177 0.015265162240780105 0.013450287980252829 0.7778227450419984 0.017235170072639132 0.011480296637333045 0.02040490003714954 0.020404900037177237 1.6689910601444948 1.8795903055574075
1020.0 13.940397885132251 -5.566894947994135 57.01584317047397 -478967.54790048086 1.635971925498764e-05 27.8229648612014 25.49486578565522 27.052181659753693 112.87064637831408 429.0729769352189 400.0 -0.004359002028434692 0.791464128421315 0.7707832014477047 0.020200473016603843 22.005190240089696 2.3740462053769745e-08 0.02899710669798891 0.015413872406250178 0.013583217792014993 0.7864973043861984 0.017407416336177366 0.011589690361811551 0.0206001893581943 0.020600189358256922 1.652898470649537 1.8809792287518636
1030.0 13.947249506014357 -5.572766926647103 57.292878237756504 -478678.6031600082 1.6398521226841003e-05 27.866907222403444 25.50822596791677 27.08738595258103 112.65245903005 428.660728118193 400.0 -0.004443157499305354 0.7993306730805094 0.7795212698224125 0.02045447875027685 21.872692254131714 2.377809169587063e-08 0.029279426444933854 0.015562742708129696 0.013716667226120116 0.7951971395675176 0.01757966316534924 0.011699763279584613 0.020795844765493805 0.02079584476555471 1.6371190361867802 1.882368823856138
1040.0 13.954120773893077 -5.578669129218268 57.567729646377686 -478389.30488798296 1.643749654841484e-05 27.910923141228224 25.521484794307927 27.122631064194103 112.43337600459766 428.2467075366041 400.0 -0.004528183008854115 0.8072162088542494 0.7882920770341216 0.020706872844095434 21.737124791466787 2.3815438879414718e-08 0.02956243241126736 0.01571177621136103 0.013850639678092547 0.8039231016298684 0.01775190950764367 0.011810522903623685 0.020991871968010754 0.020991871968071018 1.6216437265105552 1.8837591683854975
1050.0 13.961011788475364 -5.584601343815627 57.84044048891171 -478099.6529024918 1.6476651855725796e-05 27.955020442397927 25.534647858092512 27.157924301947517 112.21339178019429 427.8309104432991 400.0 -0.004614081741584875 0.8151210048728657 0.7970961404504062 0.020957608101330995 21.598732377878346 2.38525192370355e-08 0.029846131238928476 0.01586097629932288 0.013985138406499132 0.8126760401333093 0.017924154711984736 0.011921976526943745 0.02118827672342855 0.021188276723486554 1.6064638554939776 1.8851503398133465
1060.0 13.967922652469497 -5.590563362975708 58.11105271648438 -477809.64693514194 1.6515993691790944e-05 27.99920673693085 25.54772051030155 27.193272765696207 111.99250074763454 427.4133315650148 400.0 -0.004700856941203458 0.8230453349161192 0.805933971234639 0.02120663981986236 21.457755915014072 2.3889347490635058e-08 0.030130529749931054 0.016010346666636595 0.014120166538739034 0.821456802451457 0.018096397432541326 0.012034132317389725 0.021385064840491092 0.021385064840532153 1.5915710648965464 1.8865424137281483
1070.0 13.974853471532636 -5.596554983552794 58.379607179611156 -477519.28663374856 1.6555528524382523e-05 28.04348943854109 25.560707873210152 27.228683363702977 111.77069718254552 426.99396511934157 400.0 -0.0047885119115516715 0.8309894771346562 0.8148060748381115 0.02145392574491999 21.314432489043494 2.3925937506089406e-08 0.03041563494424565 0.01615989131161526 0.014255727076476547 0.8302662332052826 0.01826863675740426 0.012146998186841392 0.02158224218091256 0.021582242180913345 1.576957309040174 1.887935464435213
1080.0 13.981804354280726 -5.602576006611649 58.64614366750382 -477228.5715645642 1.6595262795842463e-05 28.087875788468335 25.573614853073565 27.264162836897636 111.54797518186288 426.5728048271189 400.0 -0.004877050017565166 0.8389537137901009 0.8237129515706975 0.02169942601974816 21.16899519930912 2.3962302347809112e-08 0.030701453997243524 0.016309614528506107 0.01439182290084269 0.8391051738259311 0.01844087319071096 0.012260580806532556 0.021779814661011067 0.021779814660979564 1.56261484033887 1.88932956864138
1090.0 13.988775412258033 -5.608626237324564 58.910700945514634 -476937.5012145955 1.663520286317312e-05 28.132372851432038 25.586446152159045 27.299717754198422 111.32432880351907 426.1498439262353 400.0 -0.004966474686206022 0.8469383310093879 0.832655097233616 0.021943103133488257 21.02167300583953 2.3998454332728064e-08 0.030987994256629903 0.01645952089952103 0.014528456777337965 0.8479744622311832 0.018613106927360852 0.012374887329269044 0.021977788253050218 0.021977788252987945 1.5485361956234656 1.8907248000948267
1100.0 13.995766759928374 -5.614705484871965 59.173316791060685 -476646.07499369053 1.6675355054693168e-05 28.176987540012206 25.599206280124616 27.33535453620435 111.09975194273115 425.7250751831794 400.0 -0.005056789407279649 0.8549436185557555 0.8416330038078543 0.0221849218675207 20.872690594514932 2.4034405083431338e-08 0.031275263239026824 0.016609615286692476 0.014665631360559275 0.8568749326097852 0.018785339312367318 0.012489923926659503 0.02217616898627126 0.0221761689861839 1.5347141832130573 1.8921212331255823
1110.0 14.002778514666115 -5.620813562346639 59.43402802801959 -476354.29223651404 1.671572565652507e-05 28.221726620712854 25.611899564780387 27.37107946052774 110.87423835401248 425.298490903933 400.0 -0.005147997734303009 0.862969869614938 0.8506471601851185 0.022424849240681024 20.722268258775028 2.4070165580067806e-08 0.03156326862622903 0.016759902823545163 0.014803349198784139 0.8658074153009256 0.0189575723332996 0.012605696292929429 0.02237496294756231 0.02237496294775392 1.5211418706852817 1.8935189406736153
1120.0 14.009810796749807 -5.626950286661391 59.692870559688956 -476062.152204402 1.6756320927076655e-05 28.266596730512102 25.624530162268602 27.406898677580717 110.64778177652195 424.87008294380996 400.0 -0.005240103285297045 0.8710173805999907 0.8596980529313879 0.0226628544483005 20.570621796668057 2.4105746210646714e-08 0.03185201826137028 0.016910388907119534 0.01494161273811349 0.8747727367589528 0.019129808521615114 0.012722209739755162 0.022574176282707335 0.022574176282879437 1.5078125733018473 1.894917997317338
1130.0 14.016863729359642 -5.63311547846001 59.94987940037769 -475769.65408710006 1.6797147098399937e-05 28.31160438042936 25.63710206670297 27.442818213348176 110.42037569740751 424.439842716423 400.0 -0.005333109743482229 0.8790864509654093 0.8687861670811797 0.02289890880892683 20.41796242266547 2.4141156820030306e-08 0.03214152014462165 0.017061079189091753 0.015080424327050057 0.8837717196017675 0.019302050811696423 0.012839469332925225 0.02277381519586608 0.022773815196018794 1.4947198430487771 1.8963184746634778
1140.0 14.023937438577622 -5.639308962031386 60.20508870570563 -475476.7970043864 1.683821040249587e-05 28.356755977087136 25.649619119288904 27.47884399014222 110.19201356184678 424.0077612017706 400.0 -0.005427020858061751 0.8871773830422404 0.8779119869449146 0.023132985700540714 20.264496692706686 2.4176406756726087e-08 0.03243178242905929 0.017211979567749624 0.01521978622039016 0.8928051827244289 0.019474302499358453 0.012957479929700836 0.02297388595049146 0.022973885950627406 1.481857458253573 1.897720447209176
1150.0 14.031032053395856 -5.6455305652266725 60.45853180168875 -475183.5800075648 1.6879517041321814e-05 28.40205781784779 25.662085016962564 27.514981820916773 109.96268863912204 423.573828953236 400.0 -0.005521840444920767 0.8952904818849897 0.8870759969310148 0.023365060500169746 20.110426442028942 2.4211504917921207e-08 0.03272281341631847 0.01736309617956212 0.015359700583308208 0.9018739414795547 0.019646567418945268 0.013076245997373202 0.023174394869328842 0.02317439486945281 1.4692194137443786 1.8991239859951632
1160.0 14.038147705707383 -5.651780119379471 60.71024121256855 -474890.002080962 1.692107321298841e-05 28.44751611021225 25.67450332056868 27.55123742784188 109.73239417241447 423.1380361050261 400.0 -0.005617572387248435 0.9034260551319692 0.8962786823703688 0.023595110521429236 19.955948734772097 2.4246459792393537e-08 0.033014621552198586 0.017514435390857282 0.015500169495283852 0.9109788079113195 0.01981884979013718 0.013195771762061404 0.023375348334434155 0.023375348334544833 1.4567999115175398 1.9005291635089938
1170.0 14.04528453032835 -5.658057459228663 60.9602486876444 -474596.0621431771 1.696288513560691e-05 28.493136981133087 25.686877462609903 27.58761645079046 109.50112315128239 422.70037237719174 400.0 -0.0057142206362211945 0.9115844128807243 0.9055205303426265 0.023823114951335062 19.80125582454646 2.4281279501321255e-08 0.033307215422321894 0.017666003789587707 0.01564119495399521 0.9201205910417087 0.01999115421982074 0.013316061202501154 0.0235767527871234 0.02357675278722359 1.444593351884834 1.9019360518185382
1180.0 14.052442665002536 -5.664362422844086 61.20858522696017 -474301.75904834655 1.7004959021657967e-05 28.538926481400836 25.699210754584424 27.624124450905963 109.26886854884614 422.2608270811941 400.0 -0.005811789211605419 0.9197658675752941 0.9148020304948745 0.024049054786106732 19.646535125251148 2.4315971836893653e-08 0.033600603747784036 0.01781780817716673 0.015782778879133198 0.9293000971986242 0.02016348572464327 0.01343711802314077 0.02377861472783201 0.023778614727922948 1.432594325070228 1.9033447231916858
1190.0 14.05962225041614 -5.670694851554729 61.4552811060118 -474007.0915872782 1.704730110347196e-05 28.58489059642254 25.711506393938468 27.660766920571245 109.03562316186742 421.8193891242752 400.0 -0.005910282202362169 0.9279707339062574 0.9241236758512915 0.024272912766364726 19.491969191412807 2.4350544298745266e-08 0.03389479538087495 0.017969855560405628 0.015924923116185246 0.9385181303833722 0.02033584966673202 0.013558945714142937 0.0239809407159079 0.023980940715991297 1.4207976032306826 1.9047552496168776
1200.0 14.066823430212116 -5.677054589879529 61.700365899479436 -473712.05848852143 1.7089917625173697e-05 28.6310352510587 25.72376747065139 27.697549287451093 108.80137966523321 421.376047013587 400.0 -0.006009703767252557 0.936199328722384 0.9334859636076088 0.024494673311668883 19.337735707364846 2.438500412816238e-08 0.03418979930087462 0.018122153143563975 0.01606762944018071 0.9477754926701176 0.02050825175188948 0.013681547548985136 0.024183737369354048 0.02418373736943067 1.4091981328758934 1.9061677022849273
1210.0 14.074046351006613 -5.6834414854604915 61.94386850404077 -473416.6584193524 1.713281485997371e-05 28.677366321570553 25.73599697347387 27.734476925662744 108.56613062248552 420.930788859474 400.0 -0.006110058135354602 0.9444519709534253 0.9428893959078063 0.024714322454557146 19.1840074846347 2.4419358340095656e-08 0.03448562460994688 0.018274708320522554 0.01621089955941175 0.957072984633471 0.020680698040118156 0.013804926569828724 0.02438701136452589 0.024387011364597984 1.3977910276639816 1.90758215316822
1220.0 14.08129116241236 -5.689855388998191 62.18581716032837 -473120.88998666167 1.717599911219444e-05 28.72388964058155 25.74819779583792 27.771555159981062 108.3298684346592 420.48360237821487 400.0 -0.006211349606628976 0.9527289815438293 0.9523344806004876 0.02493184777413274 19.0309524669315 2.4453613753006395e-08 0.03478228052916167 0.018427528667100682 0.01635473511913825 0.9664114058002398 0.020853194907861063 0.013929085621300604 0.02459076943581182 0.024590769435878762 1.3865715615517216 1.9089986738197706
1230.0 14.088558017059094 -5.696296154189517 62.42623947403096 -472824.7517377963 1.7219476718260186e-05 28.77061100414808 25.760372741454066 27.808789272177044 108.0925853927644 420.03447489427555 400.0 -0.006313582552501531 0.9610306833960752 0.9618217319710378 0.025147238329314384 18.878733742173733 2.4487777016568073e-08 0.03507977639463435 0.018580621933507128 0.01649913770527624 0.9757915551200124 0.021025749021206557 0.014054027373427798 0.02479501837527655 0.0247950183753383 1.375535162278803 1.9104173358887369
1240.0 14.095847070619042 -5.702763637667561 62.66516243621054 -472528.24216131296 1.7263254054234648e-05 28.81753617909627 25.7725245296124 27.846184507648566 107.85427366433241 419.58339334220216 400.0 -0.006416761416295671 0.969357401323605 0.9713516714476997 0.025360484591773504 18.72750956100158 2.4521854637265687e-08 0.0353781216538142 0.01873399603694868 0.016644108848077824 0.9852142314511636 0.021198367357897246 0.014179754295916952 0.024999765032301734 0.024999765032359317 1.3646774051675323 1.9118382112247922
1250.0 14.103158481832471 -5.709257698943619 62.90261244285097 -472231.35968767834 1.7307337538972144e-05 28.864670907624074 25.784655800202522 27.88374607934429 107.61492524575489 419.13034426779285 400.0 -0.006520890713845962 0.9777094620124421 0.9809248282797779 0.025571578378643847 18.577433361282385 2.455585300195972e-08 0.03567732586191844 0.018887659054392696 0.01678965002580263 0.9946802340589498 0.02137105717950267 0.014306268682415777 0.025205016313216668 0.025205016313270965 1.353994007220149 1.9132613708917978
1260.0 14.11049241253878 -5.715778200351207 63.13861531369566 -471934.1026898856 1.735173365203135e-05 28.912020920928267 25.79676911846655 27.921479180742026 107.37453205482826 418.67531382889524 400.0 -0.006625975033911437 0.9860871939912645 0.990541740186242 0.025780512785092406 18.42865379811053 2.4589778399464426e-08 0.03597739867853102 0.019041619215493345 0.016935762668390374 1.0041903631223308 0.02154382598352131 0.014433572695009717 0.025410779180931653 0.025410779180986786 1.3434808214973908 1.9146868883065693
1270.0 14.11784902770869 -5.722325006992 63.373196310388394 -471636.46948401124 1.7396448904062225e-05 28.959591929168017 25.808866979498085 27.959388975194948 107.13308579465482 418.2182877955663 400.0 -0.006732019038734906 0.9944909276091346 1.0002029539730664 0.025987282116729973 18.281314778855624 2.4623637040204134e-08 0.03627834986436309 0.01919588489568552 0.01708244816112744 1.0137454202462304 0.021716681542179265 0.014561668322183826 0.025617060654582916 0.025617060654640783 1.3331338317626746 1.9161148330744502
1280.0 14.125228495468448 -5.728897986683724 63.60638015391108 -471338.4583297722 1.744148988606561e-05 29.0073896473669 25.82095181249875 27.99748062124933 106.89057809514854 417.7592515507911 400.0 -0.006839027464497385 1.0029209950195928 1.0099090261175687 0.026191881821974402 18.135555502839082 2.465743507402087e-08 0.03658018927815098 0.019350464609427246 0.01722970784830242 1.0233462089758325 0.021889631874420234 0.01469055740373075 0.025823867809161044 0.02582386780922354 1.3229491473770756 1.9175452784792257
1290.0 14.132630987153062 -5.73549700990976 63.83819104150126 -471040.06743087363 1.74868632491363e-05 29.055419789331594 25.833025984808216 28.035759266010064 106.6470004100435 417.2981900885678 400.0 -0.006947005121817285 1.0113777301733544 1.0196605233215266 0.026394308424427367 17.9915105051862 2.469117860620435e-08 0.03688292687379253 0.019505367003651315 0.017377543036890812 1.0329935353129984 0.022062685189053355 0.01482024168473918 0.026031207775210036 0.026031207775274096 1.312922998432647 1.918978296945514
1300.0 14.140056677326687 -5.742121949770629 64.06865266282061 -470741.2949354944 1.753257570658021e-05 29.10368807330528 25.845091805711792 28.074230050277613 106.40234405461251 416.83508801428985 400.0 -0.007055956896229723 1.0198614688145105 1.0294580230276673 0.026594559455218575 17.849309704542296 2.4724873711813925e-08 0.037186572697558685 0.019660600851333015 0.017525955000198927 1.0426882082277578 0.02223584993627056 0.014950722761288124 0.02623908773847028 0.026239087738537305 1.3030517311093415 1.920413960487985
1310.0 14.147505743836291 -5.748772681937097 64.29778821567575 -470442.1389365487 1.7578634046217415e-05 29.15220023036621 25.857151530043737 28.112898116462098 106.15660021186432 416.36992954243067 400.0 -0.007165887748667339 1.028372548484809 1.0393021139041096 0.026792633385226364 17.709078454211163 2.4758526448369977e-08 0.037491136885562 0.019816175045294194 0.0176749449815283 1.052431040167721 0.022409134766018485 0.015082002119543513 0.02644751493964389 0.026447514939658932 1.2933318032456027 1.9218523417264757
1320.0 14.154978367840718 -5.755449084604975 64.52562042107533 -470142.5974720416 1.762504513807712e-05 29.200962009873784 25.869207361589982 28.151768613581485 105.90975989985324 415.9026984957437 400.0 -0.007276802715918611 1.0369113085304522 1.0491933962922966 0.02698852955822711 17.57093759644401 2.4792142867018323e-08 0.03779662966129026 0.019972098592052904 0.01782451419785964 1.0622228475593272 0.02258254848807469 0.015214081173215566 0.02665649667397697 0.026656496673993533 1.2837597801095484 1.9232935136836768
1330.0 14.162474733870855 -5.7621510384515 64.75217153788073 -469842.6685252146 1.767181593434079e-05 29.249979182451067 25.881261456304927 28.190846699829887 105.66181395898354 415.4333783019431 400.0 -0.007388706911127154 1.0454780901169123 1.0591324826211785 0.02718224812247227 17.435003519473078 2.482572902216034e-08 0.03810306133343621 0.020128380606042683 0.017974663843463388 1.0720644513019775 0.022756100113321857 0.01534696122011435 0.026866040291214748 0.02686604029123339 1.2743323303618534 1.924737549093367
1340.0 14.169995029858997 -5.768878426593294 64.97746337681329 -469542.3500248272 1.771895346120387e-05 29.29925754225269 25.893315925345938 28.230137544467773 105.41275312130338 414.9619519925159 400.0 -0.007501605524267767 1.054073236244325 1.0691199977849157 0.02737378996399674 17.301388217079985 2.485929097974515e-08 0.03841044229374272 0.020285030303794173 0.018125395093563118 1.081956677250734 0.022929798811196066 0.015480643482546642 0.027076153195236072 0.027076153195252767 1.265046222198479 1.9261845203259835
1350.0 14.177539447201573 -5.775631134545783 65.2015173141086 -469241.6398452158 1.7766464866501425e-05 29.348802926935456 25.905372837939957 28.26964634744807 105.16256796553463 414.4884021987964 400.0 -0.007615503822611185 1.0626970917696745 1.0791565794873883 0.02756315663935265 17.170199350313137 2.489283482420627e-08 0.03871878301511591 0.020442056998398066 0.018276709107985848 1.0919003566891996 0.023103653884837254 0.01561512913027865 0.027286842843907467 0.02728684284392525 1.2558983196658187 1.927634503313688
1360.0 14.185108180806893 -5.782409050184133 65.42435430463625 -468940.53580640454 1.78143573640856e-05 29.39862119682 25.917434224085326 28.3093783182693 104.9112488404355 414.01271114906194 400.0 -0.007730407151208992 1.0713500034309829 1.0892428785506985 0.027750350308532006 17.041540311146292 2.4926366664154016e-08 0.03902809404983878 0.020599470094097516 0.01842860703478318 1.1018963267882012 0.023277674789994846 0.015750419259843957 0.027498116748920016 0.027498116748948708 1.2468855791379665 1.929087569640109
1370.0 14.192701429140474 -5.789212063705544 65.64599489455733 -468639.0356741966 1.7862638282724783e-05 29.448718261977838 25.929502077097375 28.34933870278945 104.6587860321446 413.53486066540665 400.0 -0.007846320933376125 1.0800323198741542 1.0993795591883888 0.027935373667965318 16.91551028779971 2.4959892636883208e-08 0.039338386027918185 0.020757279081036275 0.01858109001383012 1.1119454310494397 0.023451871118026688 0.015886514909891493 0.02770998247565362 0.027709982475683397 1.2380050459481888 1.9305437944738477
1380.0 14.200319394293265 -5.7960400675929975 65.86645923364355 -468337.1371601096 1.7911315066960743e-05 29.499100079307357 25.94157835600929 28.389532780060517 104.4051695754266 413.0548321588077 400.0 -0.00796325067120059 1.0887443916840849 1.1095672992468464 0.02811822988401896 16.792204331464816 2.4993418911796307e-08 0.03964966965562657 0.020915493530170658 0.01873415918045505 1.1220485197360297 0.023626252559675837 0.016023417095950742 0.027922447643071082 0.02792244764310044 1.2292538511675126 1.9320032527333026
1390.0 14.207962282031739 -5.802892956580273 66.0857670871049 -468034.8379213806 1.7960395254930413e-05 29.54977265061947 25.953664987828514 28.429965860208835 104.15038938092188 412.57260662557786 400.0 -0.008081201946000151 1.0974865714165725 1.1198067904106324 0.02829892252628905 16.671713424231747 2.5026951692770924e-08 0.03996195571412831 0.02107412308832879 0.018887815669006516 1.1322064502841898 0.023800828910082446 0.016161126804045873 0.028135519923647413 0.028135519923678656 1.2206292085218442 1.9334660185704897
1400.0 14.215630301859234 -5.809770627618313 66.3039378470652 -467732.13556088257 1.8009886514194153e-05 29.60074203699618 25.96576386965995 28.470643298620775 103.89443516553243 412.0881646423887 400.0 -0.008200180418859985 1.1062592136329124 1.130098738375405 0.02847745550118999 16.554124547982873 2.5060497219565035e-08 0.04027525505825898 0.021233177473424302 0.019042060616419075 1.142420087698301 0.02397561008530779 0.0162996449729512 0.02834920704333307 0.028349207043363158 1.2121284114415203 1.9349321674972615
1410.0 14.22332366708179 -5.816672979842842 66.52099054367346 -467429.02762698714 1.8059796627578317e-05 29.65201435731206 25.97787687070096 28.511570494323646 103.63729650042939 411.60148636118817 400.0 -0.008320191831100304 1.1150626749363928 1.140443862988414 0.02865383298575586 16.43952075405464 2.5094061768322357e-08 0.04058957861543554 0.02139266646981326 0.019196895165766392 1.1526903049278838 0.02415060606254025 0.016438972552895278 0.028563516781540812 0.02856351678157042 1.203748830236538 1.9364017752805938
1420.0 14.231042594869551 -5.823599914543236 66.73694385582904 -467125.5116134305 1.8110133510363885e-05 29.703595795892166 25.990005834113038 28.552752897536113 103.3789627640985 411.11255150397005 400.0 -0.008441242004819074 1.1238973140096327 1.1508428983560535 0.028828059361484974 16.327981233482337 2.5127651651232566e-08 0.040904937384665656 0.021552599923790744 0.019352320469774052 1.163017983224634 0.02432582689183402 0.016579110492831638 0.028778456971164528 0.028778456971194213 1.1954879093910085 1.937874918447528
1430.0 14.23878730632985 -5.830551335132591 66.95181612160289 -466821.5849590854 1.8160905202665722e-05 29.755492602012772 26.002152578778098 28.59419600909147 103.11942315182449 410.6213393567065 400.0 -0.008563336843395391 1.132763491653934 1.161296592921306 0.02900013914838083 16.219581387644027 2.516127321542487e-08 0.04122134243569998 0.021712987739237098 0.019508337694325584 1.173404012481015 0.024501282704629906 0.01672005973107008 0.028994035498640786 0.028994035498670273 1.1873431649714492 1.9393516731643474
1440.0 14.246558026569772 -5.83752714711896 67.16562534827555 -466517.24504777225 1.8212119886697477e-05 29.807711098937723 26.014318900940836 28.63590538942951 102.85866667037281 410.1278287637108 400.0 -0.008686482332017282 1.141661570828262 1.1718057095082097 0.02917007693909415 16.114392899133332 2.519493284112141e-08 0.04153880490824737 0.02187383987337615 0.019664948021919464 1.1838492915462449 0.0246769836836724 0.016861821224574976 0.029210260304010673 0.029210260304040576 1.1793121821427694 1.940832116499788
1450.0 14.254354984778555 -5.844527258077777 67.3783892221326 -466212.48920793505 1.8263785886244764e-05 29.860257685046726 26.02650657574781 28.677886659707816 102.59668211631795 409.6319981206203 400.0 -0.008810684538236666 1.1505919166906 1.18237102533891 0.029337877333171534 16.012483802707084 2.5228636939148575e-08 0.04185733601135207 0.022035166332696195 0.01982215265512532 1.1943547285240386 0.024852940045007044 0.017004395966345037 0.029427139381054537 0.029427139381084263 1.1713926127875784 1.9423163254632976
1460.0 14.26217841429379 -5.851551577625339 67.59012511787915 -465907.31471238734 1.831591167260116e-05 29.913138840764056 26.038717358682 28.720145508745198 102.33345814154758 409.13382536814174 400.0 -0.008935949612484548 1.1595548966378877 1.192993332018856 0.029503544871390536 15.913918556163502 2.5262391947824306e-08 0.042176947022801344 0.02219697716896234 0.019979952819979246 1.204921241046441 0.025029162046657432 0.01714778497614391 0.02964468077740814 0.029644680777437267 1.1635821732228846 1.9438043783735115
1470.0 14.270028552689709 -5.858600017393509 67.80085010784616 -465601.71877791674 1.836850587783214e-05 29.966361134491574 26.05095298690345 28.76268769899576 102.06898320697012 408.633287984179 400.0 -0.0090622837886626 1.1685508803481501 1.2036734354958194 0.029667083970158065 15.818758111004774 2.529620432929731e-08 0.04249764928869291 0.02235928247538811 0.020138349769379543 1.2155497565283213 0.025205659985717273 0.01729198930297564 0.029862892594756666 0.0298628925947835 1.1558786420105793 1.9452963548896887
1480.0 14.277905641850358 -5.865672491005317 68.01058097084406 -465295.69856494654 1.8421577279715667e-05 30.019931213995893 26.063215180494808 28.805519058006865 101.80324547582543 408.130362976789 400.0 -0.009189693384661189 1.1775802398208546 1.2144121559890289 0.029828498855962386 15.727059982764127 2.5330080565371726e-08 0.042819454223023724 0.02252209238289121 0.020297344786419903 1.226241212397697 0.025382444123820264 0.017437010099203457 0.030081782989009855 0.03008178298903535 1.1482798578562754 1.9467923318547955
1490.0 14.28580992805656 -5.872768914051789 68.21933420079573 -464989.2511771129 1.8475134834629652e-05 30.073855830926643 26.075505643620446 28.848645503033957 101.53623304068208 407.6250268761722 400.0 -0.009318184803006165 1.186643349418277 1.2252103278926885 0.029987793499801015 15.63887832087315 2.5364027152875395e-08 0.04314237330739947 0.02268541705648692 0.020456939187705366 1.2369965563051288 0.02555952441712594 0.01758284889027354 0.03030136017053692 0.03030136017056273 1.1407837175931148 1.9482923905746297
1500.0 14.293741662073876 -5.879889204069724 68.4271260151065 -464682.3736608101 1.8529187659078023e-05 30.128141825287138 26.087826065601096 28.892073025633987 101.26793367809184 407.1172557259689 400.0 -0.009447764531364759 1.1957405859063879 1.2360687996531492 0.030144971551617016 15.554263977958982 2.5398050598611888e-08 0.04346641809081302 0.022849266691787943 0.020617134326630992 1.247816746310438 0.025736911142583817 0.0177295069482292 0.030521632404421992 0.030521632404447156 1.1333881742462446 1.9497966096381358
1510.0 14.301701099240262 -5.887033280520477 68.63397236277483 -464375.0630047214 1.8583745070277337e-05 30.182796151486738 26.100178121907838 28.935807717866318 100.9983350212665 406.60702507520443 400.0 -0.009578439143218678 1.204872328494924 1.2469884336204218 0.030300036274704727 15.473264578468168 2.5432157413940137e-08 0.04379160018948037 0.023013651511601962 0.020777931596620305 1.258702751046487 0.025914614669914394 0.017876985519565985 0.03074260801073301 0.030742608010757927 1.126091235174184 1.951305071939363
1520.0 14.309688499568386 -5.8942010647698435 68.8398889323171 -464067.316139254 1.8638816537074734e-05 30.237825853710195 26.112563475081398 28.979855747833394 100.72742443503822 406.09430996798244 400.0 -0.009710215298435725 1.2140389588782081 1.2579701058767998 0.030452990479995837 15.395924586524796 2.5466354109026638e-08 0.04411793128679044 0.023178581762659106 0.020939332434347487 1.2696555498618798 0.02609264526876262 0.018025286018027813 0.030964295364854347 0.03096429536487907 1.1188909602839368 1.952817856542456
1530.0 14.317704127820084 -5.901392480068699 69.04489115933626 -463759.1299361145 1.869441173730425e-05 30.293238095441595 26.124983775573707 29.024223389403573 100.45518908859307 405.5790849358964 400.0 -0.00984309974388976 1.223240861271779 1.269014706038018 0.030603836460249473 15.322285372927231 2.550064718679756e-08 0.04444542313319325 0.023344067712374107 0.021101338322863598 1.2806761329370888 0.026271013244948873 0.01817440988824439 0.031186702897759468 0.03118670289778303 1.1117854603153674 1.9543350455293547
1540.0 14.325748253635044 -5.908607451534932 69.24899423408912 -463450.5012075575 1.8750540556089584e-05 30.3490401598564 26.13744066252786 29.068917022818205 100.18161593666622 405.06132398596867 400.0 -0.009977099314134456 1.2324784224539316 1.2801231370381971 0.030752575924087557 15.252385281212737 2.5535043136649516e-08 0.04477408754634971 0.023510119645805412 0.021263950794787063 1.2917655013845442 0.02644972891790325 0.018324358628446474 0.03140983909644225 0.03140983909646654 1.1047728951938076 1.9558567228517323
1550.0 14.333821151611376 -5.915845906136022 69.45221310862952 -463141.42670590075 1.8807213071425014e-05 30.405239441667423 26.149935764483843 29.113943126780896 99.90669164122173 404.5410005918126 400.0 -0.010112220932015204 1.2417520318005726 1.2912963148865295 0.03089920992979806 15.186259692703445 2.5569548427927796e-08 0.045103936411131404 0.023676747862605648 0.02142717143535313 1.302924667319703 0.02662880257286177 0.01847513383826963 0.03163371250424408 0.03163371250426771 1.0978514724451969 1.9573829706740296
1560.0 14.341923101426602 -5.92310777267278 69.65456250390865 -462831.90312278917 1.8864439553305176e-05 30.461843453445137 26.16247070002715 29.15930828503711 99.63040270095999 404.01808768196094 400.0 -0.010248471609361804 1.251062081323257 1.3025351684080284 0.031043738818945822 15.12394109047748 2.560416950323318e-08 0.04543498167981976 0.023843962674129224 0.021591001885505473 1.3141546539148052 0.026808244434994275 0.018626737244825504 0.0318583317212936 0.03185833172131742 1.091019445673195 1.9589138711951262
1570.0 14.350054387935774 -5.93039298176383 69.85605691657356 -462521.92708857975 1.8922230597442982e-05 30.51885988321222 26.17504707837275 29.205019244251815 99.3527353342233 403.4925576294106 400.0 -0.01038585844765583 1.2604089657030846 1.3138406389604043 0.03118616214964729 15.065459122186864 2.563891277155851e-08 0.04576723537224587 0.02401177440057464 0.021755443844893484 1.3254564954265677 0.02698806468263451 0.018779170689611362 0.0320837054049098 0.03208370540493224 1.08427511309391 1.960449517592519
1580.0 14.358215301295612 -5.937701465831174 70.05671062567703 -462211.495171562 1.898059660620332e-05 30.576296358544614 26.187666499896086 29.251082678409187 99.07367550294151 402.96438223922644 400.0 -0.010524388638716289 1.269793082326081 1.3252136801354264 0.031326478629544005 15.010840661684565 2.5673784601319912e-08 0.046100709576067676 0.024180193368249222 0.021920499074885046 1.3368312372055973 0.027168273445961597 0.01893243613010608 0.032309842270081525 0.03230984227010261 1.0776168161269104 1.9619899600380086
1590.0 14.366406137078977 -5.945033159086606 70.25653769915608 -461900.6038772259 1.903954983729828e-05 30.63416139631015 26.20033055660717 29.29750613887012 98.79320893863421 402.43353273674904 400.0 -0.010664069465441847 1.2792148313157854 1.33665525744003 0.03146468604836005 14.960109869392518 2.5708791313282595e-08 0.04643541644703485 0.024349229906885712 0.02208616940151462 1.3482799356820585 0.027348880789055282 0.019086535657979565 0.03253675108994062 0.03253675108996147 1.071042938039163 1.9635354173067205
1600.0 14.37462719639486 -5.952387997518947 70.4555520001494 -461589.2496474784 1.9099096695564714e-05 30.69246081329511 26.213040832573654 29.34429446533449 98.51132109876384 401.8999797549762 400.0 -0.010804908302500634 1.2886746155647557 1.348166347960622 0.031600781210022015 14.913288251371196 2.57439391734247e-08 0.04677136820929919 0.02451889434703428 0.02225245671840168 1.3598036583305106 0.027529896685927837 0.019241471523371353 0.03276444069626209 0.03276444069628141 1.0645519026399408 1.9650854801746196
