#T volume alpha alpha_xx alpha_yy alpha_zz alpha_yz alpha_zy alpha_xz alpha_zx alpha_xy alpha_yx
0.0  13.415398   0.0000e+00   1.7453e-08   1.7453e-08   1.7453e-08   3.2121e-25   3.2121e-25  -3.2121e-25   3.2121e-25  -3.2121e-25  -3.2121e-25
10.0  13.415400   1.5726e-09   1.5726e-09   1.5726e-09   1.5726e-09   7.2637e-27   7.2637e-27  -7.2637e-27   7.2637e-27  -7.2637e-27  -7.2637e-27
20.0  13.415410   6.2938e-08   6.2938e-08   6.2938e-08   6.2938e-08   4.6722e-25   4.6722e-25  -4.6722e-25   4.6722e-25  -4.6722e-25  -4.6722e-25
30.0  13.415475   3.1091e-07   3.1091e-07   3.1091e-07   3.1091e-07  -1.0687e-23  -1.0687e-23   1.0687e-23  -1.0687e-23   1.0687e-23   1.0687e-23
40.0  13.415699   8.4458e-07   8.4458e-07   8.4458e-07   8.4458e-07  -2.6130e-23  -2.6130e-23   2.6130e-23  -2.6130e-23   2.6130e-23   2.6130e-23
50.0  13.416185   1.5967e-06   1.5967e-06   1.5967e-06   1.5967e-06   3.7084e-23   3.7084e-23  -3.7084e-23   3.7084e-23  -3.7084e-23  -3.7084e-23
60.0  13.416999   2.4620e-06   2.4620e-06   2.4620e-06   2.4620e-06   9.1897e-23   9.1897e-23  -9.1897e-23   9.1897e-23  -9.1897e-23  -9.1897e-23
70.0  13.418171   3.3606e-06   3.3606e-06   3.3606e-06   3.3606e-06   3.8083e-23   3.8083e-23  -3.8083e-23   3.8083e-23  -3.8083e-23  -3.8083e-23
80.0  13.419703   4.2426e-06   4.2426e-06   4.2426e-06   4.2426e-06  -8.1930e-23  -8.1930e-23   8.1930e-23  -8.1930e-23   8.1930e-23   8.1930e-23
90.0  13.421581   5.0799e-06   5.0799e-06   5.0799e-06   5.0799e-06   5.2637e-23   5.2637e-23  -5.2637e-23   5.2637e-23  -5.2637e-23  -5.2637e-23
100.0  13.423785   5.8580e-06   5.8580e-06   5.8580e-06   5.8580e-06   1.1434e-22   1.1434e-22  -1.1434e-22   1.1434e-22  -1.1434e-22  -1.1434e-22
110.0  13.426291   6.5712e-06   6.5712e-06   6.5712e-06   6.5712e-06   3.3460e-23   3.3460e-23  -3.3460e-23   3.3460e-23  -3.3460e-23  -3.3460e-23
120.0  13.429070   7.2191e-06   7.2191e-06   7.2191e-06   7.2191e-06   2.0461e-22   2.0461e-22  -2.0461e-22   2.0461e-22  -2.0461e-22  -2.0461e-22
130.0  13.432099   7.8045e-06   7.8045e-06   7.8045e-06   7.8045e-06  -3.1734e-23  -3.3421e-22   6.3669e-22  -3.3421e-22   3.3421e-22  -5.1282e-22
140.0  13.435352   8.3317e-06   8.3317e-06   8.3317e-06   8.3317e-06   4.0201e-22   4.0201e-22  -4.0201e-22   4.0201e-22  -4.0201e-22  -4.0201e-22
150.0  13.438808   8.8058e-06   8.8058e-06   8.8058e-06   8.8058e-06   3.0279e-22   3.0279e-22  -3.0279e-22   3.0279e-22  -3.0279e-22  -3.0279e-22
160.0  13.442446   9.2322e-06   9.2322e-06   9.2322e-06   9.2322e-06   1.6297e-22   1.6297e-22  -1.6297e-22   1.6297e-22  -1.6297e-22  -1.6297e-22
170.0  13.446249   9.6161e-06   9.6161e-06   9.6161e-06   9.6161e-06   9.8979e-23  -2.7358e-22   6.4614e-22  -2.7358e-22   2.7358e-22  -5.7345e-22
180.0  13.450199   9.9622e-06   9.9622e-06   9.9622e-06   9.9622e-06   3.1631e-22   3.1631e-22  -3.1631e-22   3.1631e-22  -3.1631e-22  -3.1631e-22
190.0  13.454284   1.0275e-05   1.0275e-05   1.0275e-05   1.0275e-05  -2.3697e-22  -2.3697e-22   2.3697e-22  -2.3697e-22   2.3697e-22   2.3697e-22
200.0  13.458490   1.0558e-05   1.0558e-05   1.0558e-05   1.0558e-05  -1.6007e-22  -1.6007e-22   1.6007e-22  -1.6007e-22   1.6007e-22   1.6007e-22
210.0  13.462806   1.0815e-05   1.0815e-05   1.0815e-05   1.0815e-05  -3.6431e-23  -3.6431e-23   3.6431e-23  -3.6431e-23   3.6431e-23   3.6431e-23
220.0  13.467223   1.1050e-05   1.1050e-05   1.1050e-05   1.1050e-05  -2.3640e-22  -2.3640e-22   2.3640e-22  -2.3640e-22   2.3640e-22   2.3640e-22
230.0  13.471732   1.1264e-05   1.1264e-05   1.1264e-05   1.1264e-05  -3.1899e-22  -3.1899e-22   3.1899e-22  -3.1899e-22   3.1899e-22   3.1899e-22
240.0  13.476326   1.1461e-05   1.1461e-05   1.1461e-05   1.1461e-05   1.5158e-22   1.5158e-22  -1.5158e-22   1.5158e-22  -1.5158e-22  -1.5158e-22
250.0  13.480997   1.1642e-05   1.1642e-05   1.1642e-05   1.1642e-05  -3.8993e-23  -3.8993e-23   3.8993e-23  -3.8993e-23   3.8993e-23   3.8993e-23
260.0  13.485741   1.1809e-05   1.1809e-05   1.1809e-05   1.1809e-05  -3.4987e-22  -3.4987e-22   3.4987e-22  -3.4987e-22   3.4987e-22   3.4987e-22
270.0  13.490550   1.1963e-05   1.1963e-05   1.1963e-05   1.1963e-05  -2.6113e-22  -2.6113e-22   2.6113e-22  -2.6113e-22   2.6113e-22   2.6113e-22
280.0  13.495422   1.2107e-05   1.2107e-05   1.2107e-05   1.2107e-05   1.0268e-22   1.0268e-22  -1.0268e-22   1.0268e-22  -1.0268e-22  -1.0268e-22
290.0  13.500352   1.2241e-05   1.2241e-05   1.2241e-05   1.2241e-05   1.3746e-22   1.3746e-22  -1.3746e-22   1.3746e-22  -1.3746e-22  -1.3746e-22
300.0  13.505337   1.2366e-05   1.2366e-05   1.2366e-05   1.2366e-05   1.5542e-22   1.5542e-22  -1.5542e-22   1.5542e-22  -1.5542e-22  -1.5542e-22
310.0  13.510372   1.2484e-05   1.2484e-05   1.2484e-05   1.2484e-05  -8.7200e-22  -5.0785e-22   1.8378e-21   3.3918e-22   2.2019e-21  -3.3918e-22
320.0  13.515455   1.2594e-05   1.2594e-05   1.2594e-05   1.2594e-05  -9.8241e-23  -9.8241e-23   9.8241e-23  -9.8241e-23   9.8241e-23   9.8241e-23
330.0  13.520584   1.2699e-05   1.2699e-05   1.2699e-05   1.2699e-05   1.9144e-22   1.9144e-22  -1.9144e-22   1.9144e-22  -1.9144e-22  -1.9144e-22
340.0  13.525756   1.2797e-05   1.2797e-05   1.2797e-05   1.2797e-05  -1.0806e-22  -1.0806e-22   1.0806e-22  -1.0806e-22   1.0806e-22   1.0806e-22
350.0  13.530969   1.2891e-05   1.2891e-05   1.2891e-05   1.2891e-05  -3.7096e-22  -3.7096e-22   3.7096e-22  -3.7096e-22   3.7096e-22   3.7096e-22
360.0  13.536221   1.2981e-05   1.2981e-05   1.2981e-05   1.2981e-05  -3.9778e-22  -3.9778e-22   3.9778e-22  -3.9778e-22   3.9778e-22   3.9778e-22
370.0  13.541511   1.3066e-05   1.3066e-05   1.3066e-05   1.3066e-05  -2.1395e-22  -2.1395e-22   2.1395e-22  -2.1395e-22   2.1395e-22   2.1395e-22
380.0  13.546837   1.3148e-05   1.3148e-05   1.3148e-05   1.3148e-05   3.8858e-22   3.8858e-22  -3.8858e-22   3.8858e-22  -3.8858e-22  -3.8858e-22
390.0  13.552197   1.3226e-05   1.3226e-05   1.3226e-05   1.3226e-05  -3.3035e-22   5.6064e-24   1.3525e-21   5.6064e-24   1.6885e-21  -5.6064e-24
400.0  13.557591   1.3301e-05   1.3301e-05   1.3301e-05   1.3301e-05   1.2410e-22   1.2410e-22  -1.2410e-22   1.2410e-22  -1.2410e-22  -1.2410e-22
410.0  13.563017   1.3374e-05   1.3374e-05   1.3374e-05   1.3374e-05  -9.3419e-22  -6.0382e-22   1.9675e-21   2.4321e-22   2.2979e-21  -2.4321e-22
420.0  13.568474   1.3444e-05   1.3444e-05   1.3444e-05   1.3444e-05  -2.8667e-22  -2.8667e-22   2.8667e-22  -2.8667e-22   2.8667e-22   2.8667e-22
430.0  13.573961   1.3512e-05   1.3512e-05   1.3512e-05   1.3512e-05   4.0271e-23   4.0271e-23  -4.0271e-23   4.0271e-23  -4.0271e-23  -4.0271e-23
440.0  13.579479   1.3578e-05   1.3578e-05   1.3578e-05   1.3578e-05  -4.0757e-22  -4.0757e-22   4.0757e-22  -4.0757e-22   4.0757e-22   4.0757e-22
450.0  13.585024   1.3642e-05   1.3642e-05   1.3642e-05   1.3642e-05  -7.0894e-22  -3.8866e-22   1.7624e-21  -3.8866e-22   2.0827e-21   3.8866e-22
460.0  13.590598   1.3705e-05   1.3705e-05   1.3705e-05   1.3705e-05  -2.3112e-22  -2.3112e-22   2.3112e-22  -2.3112e-22   2.3112e-22   2.3112e-22
470.0  13.596200   1.3766e-05   1.3766e-05   1.3766e-05   1.3766e-05  -7.2000e-23  -7.2000e-23   7.2000e-23  -7.2000e-23   7.2000e-23   7.2000e-23
480.0  13.601828   1.3826e-05   1.3826e-05   1.3826e-05   1.3826e-05  -1.7742e-22  -1.7742e-22   1.7742e-22  -1.7742e-22   1.7742e-22   1.7742e-22
490.0  13.607483   1.3884e-05   1.3884e-05   1.3884e-05   1.3884e-05   6.5042e-22   9.6168e-22   4.2113e-22  -7.3239e-22   7.3239e-22  -9.6168e-22
500.0  13.613163   1.3941e-05   1.3941e-05   1.3941e-05   1.3941e-05  -7.5059e-23  -7.5059e-23   7.5059e-23  -7.5059e-23   7.5059e-23   7.5059e-23
510.0  13.618870   1.3997e-05   1.3997e-05   1.3997e-05   1.3997e-05  -3.2064e-22  -3.2064e-22   3.2064e-22  -3.2064e-22   3.2064e-22   3.2064e-22
520.0  13.624601   1.4053e-05   1.4053e-05   1.4053e-05   1.4053e-05  -2.2168e-22   8.3296e-23   1.3058e-21   8.3296e-23   1.6108e-21  -8.3296e-23
530.0  13.630357   1.4107e-05   1.4107e-05   1.4107e-05   1.4107e-05   1.7783e-22   1.7783e-22  -1.7783e-22   1.7783e-22  -1.7783e-22  -1.7783e-22
540.0  13.636138   1.4161e-05   1.4161e-05   1.4161e-05   1.4161e-05   3.9193e-22   3.9193e-22  -3.9193e-22   3.9193e-22  -3.9193e-22  -3.9193e-22
550.0  13.641943   1.4214e-05   1.4214e-05   1.4214e-05   1.4214e-05  -1.8113e-22   1.1786e-22   1.2772e-21   1.1786e-22   1.5762e-21  -1.1786e-22
560.0  13.647772   1.4266e-05   1.4266e-05   1.4266e-05   1.4266e-05  -2.7357e-22  -2.7357e-22   2.7357e-22  -2.7357e-22   2.7357e-22   2.7357e-22
570.0  13.653625   1.4318e-05   1.4318e-05   1.4318e-05   1.4318e-05   6.9215e-22   9.8728e-22   4.1165e-22  -7.0678e-22   7.0678e-22  -9.8728e-22
580.0  13.659502   1.4369e-05   1.4369e-05   1.4369e-05   1.4369e-05   2.1317e-22   2.1317e-22  -2.1317e-22   2.1317e-22  -2.1317e-22  -2.1317e-22
590.0  13.665401   1.4420e-05   1.4420e-05   1.4420e-05   1.4420e-05   3.9649e-22   6.8785e-22   7.1486e-22  -1.0062e-21   1.0062e-21  -6.8785e-22
600.0  13.671325   1.4470e-05   1.4470e-05   1.4470e-05   1.4470e-05  -1.7114e-23  -1.7114e-23   1.7114e-23  -1.7114e-23   1.7114e-23   1.7114e-23
610.0  13.677271   1.4520e-05   1.4520e-05   1.4520e-05   1.4520e-05   8.1468e-22   1.1023e-21   3.0409e-22  -5.9174e-22   5.9174e-22  -1.1023e-21
620.0  13.683241   1.4570e-05   1.4570e-05   1.4570e-05   1.4570e-05  -1.0267e-22  -1.0267e-22   1.0267e-22  -1.0267e-22   1.0267e-22   1.0267e-22
630.0  13.689233   1.4620e-05   1.4620e-05   1.4620e-05   1.4620e-05   2.9570e-22   2.9570e-22  -2.9570e-22   2.9570e-22  -2.9570e-22  -2.9570e-22
640.0  13.695249   1.4669e-05   1.4669e-05   1.4669e-05   1.4669e-05  -1.9623e-22  -1.9623e-22   1.9623e-22  -1.9623e-22   1.9623e-22   1.9623e-22
650.0  13.701287   1.4718e-05   1.4718e-05   1.4718e-05   1.4718e-05  -3.7172e-22  -3.7172e-22   3.7172e-22  -3.7172e-22   3.7172e-22   3.7172e-22
660.0  13.707348   1.4767e-05   1.4767e-05   1.4767e-05   1.4767e-05   1.2447e-22   1.2447e-22  -1.2447e-22   1.2447e-22  -1.2447e-22  -1.2447e-22
670.0  13.713431   1.4815e-05   1.4815e-05   1.4815e-05   1.4815e-05   1.4931e-24   1.4931e-24  -1.4931e-24   1.4931e-24  -1.4931e-24  -1.4931e-24
680.0  13.719538   1.4864e-05   1.4864e-05   1.4864e-05   1.4864e-05  -7.8778e-23  -7.8778e-23   7.8778e-23  -7.8778e-23   7.8778e-23   7.8778e-23
690.0  13.725667   1.4913e-05   1.4913e-05   1.4913e-05   1.4913e-05   1.6716e-22   4.4038e-22   9.8047e-22  -4.0665e-22   1.2537e-21  -4.4038e-22
700.0  13.731819   1.4961e-05   1.4961e-05   1.4961e-05   1.4961e-05  -6.4261e-23  -6.4261e-23   6.4261e-23  -6.4261e-23   6.4261e-23   6.4261e-23
710.0  13.737994   1.5010e-05   1.5010e-05   1.5010e-05   1.5010e-05   6.9354e-23   6.9354e-23  -6.9354e-23   6.9354e-23  -6.9354e-23  -6.9354e-23
720.0  13.744191   1.5058e-05   1.5058e-05   1.5058e-05   1.5058e-05   8.9775e-23   8.9775e-23  -8.9775e-23   8.9775e-23  -8.9775e-23  -8.9775e-23
730.0  13.750411   1.5107e-05   1.5107e-05   1.5107e-05   1.5107e-05  -2.8893e-22  -2.8893e-22   2.8893e-22  -2.8893e-22   2.8893e-22   2.8893e-22
740.0  13.756655   1.5155e-05   1.5155e-05   1.5155e-05   1.5155e-05   5.6831e-23   5.6831e-23  -5.6831e-23   5.6831e-23  -5.6831e-23  -5.6831e-23
750.0  13.762920   1.5204e-05   1.5204e-05   1.5204e-05   1.5204e-05   9.0164e-23   9.0164e-23  -9.0164e-23   9.0164e-23  -9.0164e-23  -9.0164e-23
760.0  13.769209   1.5252e-05   1.5252e-05   1.5252e-05   1.5252e-05  -2.1730e-22  -2.1730e-22   2.1730e-22  -2.1730e-22   2.1730e-22   2.1730e-22
770.0  13.775521   1.5301e-05   1.5301e-05   1.5301e-05   1.5301e-05  -8.0979e-23  -8.0979e-23   8.0979e-23  -8.0979e-23   8.0979e-23   8.0979e-23
780.0  13.781856   1.5350e-05   1.5350e-05   1.5350e-05   1.5350e-05   3.8122e-23  -5.5172e-22   1.1416e-21  -5.5172e-22   5.5172e-22  -1.1423e-21
790.0  13.788214   1.5399e-05   1.5399e-05   1.5399e-05   1.5399e-05  -2.5356e-22  -2.5356e-22   2.5356e-22  -2.5356e-22   2.5356e-22   2.5356e-22
800.0  13.794596   1.5448e-05   1.5448e-05   1.5448e-05   1.5448e-05   7.3252e-22   7.3252e-22  -7.3252e-22   7.3252e-22  -7.3252e-22  -7.3252e-22
810.0  13.801000   1.5497e-05   1.5497e-05   1.5497e-05   1.5497e-05   5.7932e-22   5.7932e-22  -5.7932e-22   5.7932e-22  -5.7932e-22  -5.7932e-22
820.0  13.807428   1.5547e-05   1.5547e-05   1.5547e-05   1.5547e-05  -7.4246e-22  -7.4246e-22   7.4246e-22  -7.4246e-22   7.4246e-22   7.4246e-22
830.0  13.813880   1.5597e-05   1.5597e-05   1.5597e-05   1.5597e-05   7.2539e-22   7.2539e-22  -7.2539e-22   7.2539e-22  -7.2539e-22  -7.2539e-22
840.0  13.820356   1.5647e-05   1.5647e-05   1.5647e-05   1.5647e-05  -1.0614e-22  -1.0614e-22   1.0614e-22  -1.0614e-22   1.0614e-22   1.0614e-22
850.0  13.826855   1.5697e-05   1.5697e-05   1.5697e-05   1.5697e-05  -1.8731e-22  -1.8731e-22   1.8731e-22  -1.8731e-22   1.8731e-22   1.8731e-22
860.0  13.833378   1.5746e-05   1.5746e-05   1.5746e-05   1.5746e-05  -7.6518e-22  -7.6518e-22   7.6518e-22  -7.6518e-22   7.6518e-22   7.6518e-22
870.0  13.839923   1.5791e-05   1.5791e-05   1.5791e-05   1.5791e-05   1.7568e-22   1.7568e-22  -1.7568e-22   1.7568e-22  -1.7568e-22  -1.7568e-22
880.0  13.846490   1.5831e-05   1.5831e-05   1.5831e-05   1.5831e-05   8.0531e-22   8.0531e-22  -8.0531e-22   8.0531e-22  -8.0531e-22  -8.0531e-22
890.0  13.853075   1.5868e-05   1.5868e-05   1.5868e-05   1.5868e-05  -8.8029e-22  -1.4890e-21   2.0977e-21   2.0508e-22   1.4890e-21  -2.0508e-22
900.0  13.859679   1.5905e-05   1.5905e-05   1.5905e-05   1.5905e-05   4.1764e-22   4.1764e-22  -4.1764e-22   4.1764e-22  -4.1764e-22  -4.1764e-22
910.0  13.866301   1.5942e-05   1.5942e-05   1.5942e-05   1.5942e-05  -8.1959e-22  -8.1959e-22   8.1959e-22  -8.1959e-22   8.1959e-22   8.1959e-22
920.0  13.872943   1.5980e-05   1.5980e-05   1.5980e-05   1.5980e-05  -8.8946e-22  -1.5022e-21   2.1148e-21   1.9191e-22   1.5022e-21  -1.9191e-22
930.0  13.879602   1.6017e-05   1.6017e-05   1.6017e-05   1.6017e-05  -7.8834e-22  -7.8834e-22   7.8834e-22  -7.8834e-22   7.8834e-22   7.8834e-22
940.0  13.886281   1.6055e-05   1.6055e-05   1.6055e-05   1.6055e-05   7.9042e-22   7.9042e-22  -7.9042e-22   7.9042e-22  -7.9042e-22  -7.9042e-22
950.0  13.892979   1.6092e-05   1.6092e-05   1.6092e-05   1.6092e-05   4.9821e-22   4.9821e-22  -4.9821e-22   4.9821e-22  -4.9821e-22  -4.9821e-22
960.0  13.899696   1.6130e-05   1.6130e-05   1.6130e-05   1.6130e-05  -5.6931e-22  -5.6931e-22   5.6931e-22  -5.6931e-22   5.6931e-22   5.6931e-22
970.0  13.906431   1.6168e-05   1.6168e-05   1.6168e-05   1.6168e-05   2.4398e-23   2.4398e-23  -2.4398e-23   2.4398e-23  -2.4398e-23  -2.4398e-23
980.0  13.913186   1.6206e-05   1.6206e-05   1.6206e-05   1.6206e-05  -1.2961e-22  -1.2961e-22   1.2961e-22  -1.2961e-22   1.2961e-22   1.2961e-22
990.0  13.919960   1.6244e-05   1.6244e-05   1.6244e-05   1.6244e-05  -6.0551e-22  -1.2276e-21   1.8498e-21   4.6642e-22   1.2276e-21  -4.6642e-22
1000.0  13.926753   1.6283e-05   1.6283e-05   1.6283e-05   1.6283e-05   1.1206e-22   1.1206e-22  -1.1206e-22   1.1206e-22  -1.1206e-22  -1.1206e-22
1010.0  13.933566   1.6321e-05   1.6321e-05   1.6321e-05   1.6321e-05  -6.8187e-22  -6.8187e-22   6.8187e-22  -6.8187e-22   6.8187e-22   6.8187e-22
1020.0  13.940398   1.6360e-05   1.6360e-05   1.6360e-05   1.6360e-05  -9.4374e-23  -7.2063e-22   1.3469e-21  -7.2063e-22   7.2063e-22  -9.7344e-22
1030.0  13.947250   1.6399e-05   1.6399e-05   1.6399e-05   1.6399e-05  -5.2432e-22  -1.1520e-21   1.7796e-21   5.4211e-22   1.1520e-21  -5.4211e-22
1040.0  13.954121   1.6437e-05   1.6438e-05   1.6438e-05   1.6438e-05  -3.4473e-22  -3.4473e-22   3.4473e-22  -3.4473e-22   3.4473e-22   3.4473e-22
1050.0  13.961012   1.6477e-05   1.6477e-05   1.6477e-05   1.6477e-05   2.6228e-22   2.6228e-22  -2.6228e-22   2.6228e-22  -2.6228e-22  -2.6228e-22
1060.0  13.967923   1.6516e-05   1.6516e-05   1.6516e-05   1.6516e-05   1.1048e-22   1.1048e-22  -1.1048e-22   1.1048e-22  -1.1048e-22  -1.1048e-22
1070.0  13.974853   1.6556e-05   1.6556e-05   1.6556e-05   1.6556e-05  -5.9724e-22  -5.9724e-22   5.9724e-22  -5.9724e-22   5.9724e-22   5.9724e-22
1080.0  13.981804   1.6595e-05   1.6595e-05   1.6595e-05   1.6595e-05  -3.0304e-22  -3.0304e-22   3.0304e-22  -3.0304e-22   3.0304e-22   3.0304e-22
1090.0  13.988775   1.6635e-05   1.6635e-05   1.6635e-05   1.6635e-05  -1.4004e-21  -2.0364e-21   2.6725e-21  -3.4238e-22   2.0364e-21   3.4238e-22
1100.0  13.995767   1.6675e-05   1.6675e-05   1.6675e-05   1.6675e-05   4.9507e-22   4.9507e-22  -4.9507e-22   4.9507e-22  -4.9507e-22  -4.9507e-22
1110.0  14.002779   1.6716e-05   1.6716e-05   1.6716e-05   1.6716e-05  -7.6585e-22  -7.6585e-22   7.6585e-22  -7.6585e-22   7.6585e-22   7.6585e-22
1120.0  14.009811   1.6756e-05   1.6756e-05   1.6756e-05   1.6756e-05   4.6987e-22   4.6987e-22  -4.6987e-22   4.6987e-22  -4.6987e-22  -4.6987e-22
1130.0  14.016864   1.6797e-05   1.6797e-05   1.6797e-05   1.6797e-05   6.8404e-22   6.8404e-22  -6.8404e-22   6.8404e-22  -6.8404e-22  -6.8404e-22
1140.0  14.023937   1.6838e-05   1.6838e-05   1.6838e-05   1.6838e-05   7.2371e-22   7.2371e-22  -7.2371e-22   7.2371e-22  -7.2371e-22  -7.2371e-22
1150.0  14.031032   1.6880e-05   1.6880e-05   1.6880e-05   1.6880e-05   7.7377e-22   7.7377e-22  -7.7377e-22   7.7377e-22  -7.7377e-22  -7.7377e-22
1160.0  14.038148   1.6921e-05   1.6921e-05   1.6921e-05   1.6921e-05  -2.2973e-22  -2.2973e-22   2.2973e-22  -2.2973e-22   2.2973e-22   2.2973e-22
1170.0  14.045285   1.6963e-05   1.6963e-05   1.6963e-05   1.6963e-05  -5.2073e-22  -5.2073e-22   5.2073e-22  -5.2073e-22   5.2073e-22   5.2073e-22
1180.0  14.052443   1.7005e-05   1.7005e-05   1.7005e-05   1.7005e-05  -4.1723e-22  -1.0665e-21   1.7157e-21   6.2761e-22   1.0665e-21  -6.2761e-22
1190.0  14.059622   1.7047e-05   1.7047e-05   1.7047e-05   1.7047e-05   5.8856e-22   5.8856e-22  -5.8856e-22   5.8856e-22  -5.8856e-22  -5.8856e-22
1200.0  14.066823   1.7090e-05   1.7090e-05   1.7090e-05   1.7090e-05  -8.1064e-22  -8.1064e-22   8.1064e-22  -8.1064e-22   8.1064e-22   8.1064e-22
1210.0  14.074046   1.7133e-05   1.7133e-05   1.7133e-05   1.7133e-05   1.2123e-21   5.5853e-22   9.5233e-23  -1.1355e-21  -5.5853e-22  -5.5853e-22
1220.0  14.081291   1.7176e-05   1.7176e-05   1.7176e-05   1.7176e-05  -6.1070e-22  -6.1070e-22   6.1070e-22  -6.1070e-22   6.1070e-22   6.1070e-22
1230.0  14.088558   1.7219e-05   1.7220e-05   1.7220e-05   1.7220e-05  -1.4615e-22  -1.4615e-22   1.4615e-22  -1.4615e-22   1.4615e-22   1.4615e-22
1240.0  14.095847   1.7263e-05   1.7263e-05   1.7263e-05   1.7263e-05  -7.4441e-22  -7.4441e-22   7.4441e-22  -7.4441e-22   7.4441e-22   7.4441e-22
1250.0  14.103158   1.7307e-05   1.7307e-05   1.7307e-05   1.7307e-05   3.2445e-23   3.2445e-23  -3.2445e-23   3.2445e-23  -3.2445e-23  -3.2445e-23
1260.0  14.110492   1.7352e-05   1.7352e-05   1.7352e-05   1.7352e-05  -5.1000e-23  -5.1000e-23   5.1000e-23  -5.1000e-23   5.1000e-23   5.1000e-23
1270.0  14.117849   1.7396e-05   1.7397e-05   1.7397e-05   1.7397e-05  -8.4303e-22  -8.4303e-22   8.4303e-22  -8.4303e-22   8.4303e-22   8.4303e-22
1280.0  14.125228   1.7441e-05   1.7442e-05   1.7442e-05   1.7442e-05   1.1423e-22   1.1423e-22  -1.1423e-22   1.1423e-22  -1.1423e-22  -1.1423e-22
1290.0  14.132631   1.7487e-05   1.7487e-05   1.7487e-05   1.7487e-05   7.2478e-22   7.2478e-22  -7.2478e-22   7.2478e-22  -7.2478e-22  -7.2478e-22
1300.0  14.140057   1.7533e-05   1.7533e-05   1.7533e-05   1.7533e-05  -7.2937e-22  -7.2937e-22   7.2937e-22  -7.2937e-22   7.2937e-22   7.2937e-22
1310.0  14.147506   1.7579e-05   1.7579e-05   1.7579e-05   1.7579e-05  -8.0732e-22  -8.0732e-22   8.0732e-22  -8.0732e-22   8.0732e-22   8.0732e-22
1320.0  14.154978   1.7625e-05   1.7625e-05   1.7625e-05   1.7625e-05   1.1839e-21   5.1259e-22   1.5868e-22  -1.1815e-21  -5.1259e-22  -5.1259e-22
1330.0  14.162475   1.7672e-05   1.7672e-05   1.7672e-05   1.7672e-05  -5.9595e-23  -5.9595e-23   5.9595e-23  -5.9595e-23   5.9595e-23   5.9595e-23
1340.0  14.169995   1.7719e-05   1.7719e-05   1.7719e-05   1.7719e-05  -1.2550e-21  -1.9296e-21   2.6042e-21  -2.3549e-22   1.9296e-21   2.3549e-22
1350.0  14.177539   1.7766e-05   1.7767e-05   1.7767e-05   1.7767e-05   1.5939e-22   1.5939e-22  -1.5939e-22   1.5939e-22  -1.5939e-22  -1.5939e-22
1360.0  14.185108   1.7814e-05   1.7814e-05   1.7814e-05   1.7814e-05  -3.2435e-22  -3.2435e-22   3.2435e-22  -3.2435e-22   3.2435e-22   3.2435e-22
1370.0  14.192701   1.7863e-05   1.7863e-05   1.7863e-05   1.7863e-05   5.2956e-23   5.2956e-23  -5.2956e-23   5.2956e-23  -5.2956e-23  -5.2956e-23
1380.0  14.200319   1.7911e-05   1.7911e-05   1.7911e-05   1.7911e-05  -2.9868e-22  -2.9868e-22   2.9868e-22  -2.9868e-22   2.9868e-22   2.9868e-22
1390.0  14.207962   1.7960e-05   1.7960e-05   1.7960e-05   1.7960e-05  -6.9634e-22  -6.9634e-22   6.9634e-22  -6.9634e-22   6.9634e-22   6.9634e-22
1400.0  14.215630   1.8010e-05   1.8010e-05   1.8010e-05   1.8010e-05  -8.0757e-22  -8.0757e-22   8.0757e-22  -8.0757e-22   8.0757e-22   8.0757e-22
1410.0  14.223324   1.8060e-05   1.8060e-05   1.8060e-05   1.8060e-05  -6.8627e-22  -6.8627e-22   6.8627e-22  -6.8627e-22   6.8627e-22   6.8627e-22
1420.0  14.231043   1.8110e-05   1.8110e-05   1.8110e-05   1.8110e-05  -7.7013e-22  -7.7013e-22   7.7013e-22  -7.7013e-22   7.7013e-22   7.7013e-22
1430.0  14.238787   1.8161e-05   1.8161e-05   1.8161e-05   1.8161e-05  -1.4855e-23  -1.4855e-23   1.4855e-23  -1.4855e-23   1.4855e-23   1.4855e-23
1440.0  14.246558   1.8212e-05   1.8212e-05   1.8212e-05   1.8212e-05  -6.7010e-22  -6.7010e-22   6.7010e-22  -6.7010e-22   6.7010e-22   6.7010e-22
1450.0  14.254355   1.8264e-05   1.8264e-05   1.8264e-05   1.8264e-05   1.6258e-22   1.6258e-22  -1.6258e-22   1.6258e-22  -1.6258e-22  -1.6258e-22
1460.0  14.262178   1.8316e-05   1.8316e-05   1.8316e-05   1.8316e-05  -4.6349e-22  -4.6349e-22   4.6349e-22  -4.6349e-22   4.6349e-22   4.6349e-22
1470.0  14.270029   1.8369e-05   1.8368e-05   1.8368e-05   1.8368e-05  -5.8199e-22  -5.8199e-22   5.8199e-22  -5.8199e-22   5.8199e-22   5.8199e-22
1480.0  14.277906   1.8422e-05   1.8422e-05   1.8422e-05   1.8422e-05  -7.5383e-22  -7.5383e-22   7.5383e-22  -7.5383e-22   7.5383e-22   7.5383e-22
1490.0  14.285810   1.8475e-05   1.8475e-05   1.8475e-05   1.8475e-05   6.3505e-22   6.3505e-22  -6.3505e-22   6.3505e-22  -6.3505e-22  -6.3505e-22
1500.0  14.293742   1.8529e-05   1.8529e-05   1.8529e-05   1.8529e-05  -3.3322e-22  -3.3322e-22   3.3322e-22  -3.3322e-22   3.3322e-22   3.3322e-22
1510.0  14.301701   1.8584e-05   1.8584e-05   1.8584e-05   1.8584e-05  -5.7172e-22  -5.7172e-22   5.7172e-22  -5.7172e-22   5.7172e-22   5.7172e-22
1520.0  14.309688   1.8639e-05   1.8639e-05   1.8639e-05   1.8639e-05  -6.8003e-23  -6.8003e-23   6.8003e-23  -6.8003e-23   6.8003e-23   6.8003e-23
1530.0  14.317704   1.8694e-05   1.8694e-05   1.8694e-05   1.8694e-05  -1.1771e-22  -8.2699e-22   1.5363e-21  -8.2699e-22   8.2699e-22   8.2699e-22
1540.0  14.325748   1.8751e-05   1.8750e-05   1.8750e-05   1.8750e-05   5.3678e-22   5.3678e-22  -5.3678e-22   5.3678e-22  -5.3678e-22  -5.3678e-22
1550.0  14.333821   1.8807e-05   1.8807e-05   1.8807e-05   1.8807e-05  -5.4210e-22  -5.4210e-22   5.4210e-22  -5.4210e-22   5.4210e-22   5.4210e-22
1560.0  14.341923   1.8864e-05   1.8864e-05   1.8864e-05   1.8864e-05  -5.9315e-22  -5.9315e-22   5.9315e-22  -5.9315e-22   5.9315e-22   5.9315e-22
1570.0  14.350054   1.8922e-05   1.8922e-05   1.8922e-05   1.8922e-05   1.9918e-22   1.9918e-22  -1.9918e-22   1.9918e-22  -1.9918e-22  -1.9918e-22
1580.0  14.358215   1.8981e-05   1.8980e-05   1.8980e-05   1.8980e-05   2.8179e-22   2.8179e-22  -2.8179e-22   2.8179e-22  -2.8179e-22  -2.8179e-22
1590.0  14.366406   1.9040e-05   1.9039e-05   1.9039e-05   1.9039e-05   8.0081e-22   8.0081e-22  -8.0081e-22   8.0081e-22  -8.0081e-22  -8.0081e-22
1600.0  14.374627   1.9099e-05   1.9099e-05   1.9099e-05   1.9099e-05   5.1227e-22   5.1227e-22  -5.1227e-22   5.1227e-22  -5.1227e-22  -5.1227e-22
