#Found quasiharmonic mode : None
#T(K), volume, F(eV), S(J/K), H(J/K), a(-6/K), Cp(J/mol), Cv, Cpion, Bt(GPa), T_ph-D(K), T-D(K), F_el_atom, S_el_atom, C_el_atom, M_el, Seebeck_coefficients(10**-6 V/K), Lorenz_number(WOK^{-2}), Q_el, Q_p, Q_e, C_mu, W_p, W_e, Y_p, Y_e
0.0 14.402882256092115 -4.391243074081697 0.0 -423690.5464224223 0.0 0.0 0.0 0.0 105.780991862579 400.0 400.0 0.0 0.0 0.0 0.0 0.0 2.443004551768e-08 0.0 0.0 0.0 0.0 0.0 0.0 0.0 0.0 0.0 0
10.0 14.402908572665561 -4.3912451459927455 0.040184785825708724 -423690.3444835897 2.2863176566280397e-07 0.09871003624281938 0.09870571984879277 0.09077831333416773 105.78018605963615 277.69059633134754 400.0 -4.108490633737069e-07 0.007928900417938627 0.007931722908651634 -3.406182261799224e-07 -0.07746692867339658 2.4440002792377878e-08 0.0002898530506140103 0.00014490337354206733 0.00014493794548172136 0.00793171760730464 0.00014487933485649463 0.00014497371575751563 0.00020090536196942687 0.00020090536203459786 295.90867876209415 1.764389380464676
20.0 14.403177282273091 -4.391264925746684 0.264240134080521 -423687.3699848944 1.127886694574502e-06 0.7498709433147546 0.7496608640421897 0.7339855603076119 105.77195811997453 276.5558810607946 400.0 -1.6438534423702598e-06 0.015865969057273048 0.015885383007142744 -1.5566982839827658e-06 -0.16290655860821301 2.4464361948795177e-08 0.0005799297519252256 0.00028987095832917905 0.00029004706180683047 0.015885341019287146 0.0002897479092356028 0.0002901818426896227 0.00040193564945851823 0.00040193564948724244 147.95525948467352 4.230612861246342
30.0 14.403948941347686 -4.39132859306137 0.8003490735593731 -423674.7872773719 2.482881456690241e-06 2.06393384511488 2.0624070466397026 2.040065715878223 105.74832760992014 292.0914873441938 400.0 -3.700285120680339e-06 0.023816466603776947 0.023868129236656842 -3.57311705824314e-06 -0.24017029391786207 2.449112294623053e-08 0.0008704047954050606 0.00043499530951457324 0.00043539775353589527 0.023867990047580796 0.0004347072010577714 0.00043569759434728913 0.0006031943220954049 0.0006031943220886765 98.63860113475977 3.351692875364743
40.0 14.405340956726242 -4.391461565056191 1.6149728953229405 -423647.0286808487 3.961662729922472e-06 3.704949398573202 3.699768199033915 3.6730636698694914 105.70569198011935 312.18388254656435 400.0 -6.58193966278988e-06 0.031783109790672545 0.0318857287037106 -6.356736591540132e-06 -0.31439016448057167 2.452083278213914e-08 0.0011613756703332313 0.0005803253878619778 0.0005810385490995505 0.03188540390199376 0.0005798089793085238 0.0005815666910247077 0.0008047468788827832 0.0008047468788390167 73.98133391330055 2.9713660796191625
50.0 14.407368861697291 -4.391684594216685 2.6296140159599486 -423601.66593848635 5.41058735001706e-06 5.450686392520693 5.438611592371736 5.410737218822972 105.64356163189206 330.90514507370887 400.0 -1.0291065095136872e-05 0.03976947813562985 0.039949173697721635 -9.826406711290735e-06 -0.3726616179169712 2.4556937374595033e-08 0.001452931672306133 0.0007259117584439189 0.0007270081790090195 0.03994854079668744 0.0007251107355684815 0.0007278209367376519 0.0010066519567012854 0.001006651956735256 59.18784425015114 2.755866070603113
60.0 14.410005681160364 -4.392013425024758 3.7795526784194213 -423538.1008283074 6.7726573015494275e-06 7.193193588034565 7.170503421534899 7.145128725002571 105.56274309696761 346.8661311303471 400.0 -1.483041279613841e-05 0.04777927764480076 0.04806486303199335 -1.3751217580653072e-05 -0.3997577688722195 2.4597944631804832e-08 0.0017451810247587818 0.000871828442840793 0.0008733408451362602 0.04806376236642984 0.0008707059069272556 0.0008744751178315263 0.0012089738648629258 0.001208973864881885 49.3262123828674 2.613228376148543
70.0 14.413209331284328 -4.392459371683571 5.017673053657578 -423456.6641867398 8.028642862724757e-06 8.873470384023177 8.836296089865892 8.817236283034765 105.46450188720658 360.0003297119736 400.0 -2.0203167410266584e-05 0.05581533800454092 0.056234100988410904 -1.776936870252772e-05 -0.38524105811684617 2.464103319282868e-08 0.0020382264615602975 0.0010181575012102868 0.001020057221220654 0.05623235151347518 0.0010167068328419567 0.0010215196287183404 0.0014117730326731399 0.001411773032681556 42.28274360000459 2.5112139464964316
80.0 14.416932871603947 -4.393030103038224 6.309544011325575 -423358.2049838948 9.173308528116854e-06 10.455499374941386 10.40008226835978 10.391044200041609 105.35025004940866 370.64440476603755 400.0 -2.6412820862165388e-05 0.06387946034018947 0.06445517489977745 -2.1443717335655243e-05 -0.32450570014342445 2.4683865017403785e-08 0.0023321486098371665 0.0011649750359405203 0.0011671618320321495 0.06445261619199578 0.0011632261202908513 0.001168922489546315 0.0016150990868023804 0.0016150990868019747 37.000586372406076 2.4353970346436835
90.0 14.421128656539203 -4.393730396524319 7.629593699924325 -423243.873121395 1.0207947361497029e-05 11.918443199250675 11.841314469900745 11.84571827320947 105.22142043897958 379.22392664422085 400.0 -3.346305158918184e-05 0.07197258538366297 0.07272492604120298 -2.4316179218614923e-05 -0.21779354923499933 2.4724888918617394e-08 0.002627002777532147 0.0013123446936162977 0.0013146463389612474 0.07272148098968693 0.0013103656234869944 0.0013166371540451523 0.0018189890833171867 0.0018189890833117828 32.892600419987836 2.3778780311057535
100.0 14.425750473916917 -4.394562791345142 8.958775214785128 -423114.97292365175 1.1137636787079703e-05 13.253171235718309 13.151256842502159 13.172131443743643 105.07940227763571 386.1384622366172 400.0 -4.13576277228013e-05 0.08009501916139111 0.08103979197466445 -2.594937733471486e-05 -0.06871406353285349 2.4763245193899818e-08 0.0029228218984348325 0.001460315725233875 0.0014624944248334472 0.08103553597697596 0.0014582110497109275 0.0014646108487239046 0.002023468413965672 0.002023468414047423 29.606502558108634 2.3336644894334055
110.0 14.430754838911113 -4.395528129313435 10.283050376000904 -422972.855858249 1.1969785382809746e-05 14.45925483804791 14.329916007519401 14.369858274810511 104.92550230413168 391.7258501445475 400.0 -5.010033706376453e-05 0.08824664705163121 0.08939656323739803 -2.5953669827742572e-05 0.11716230528473841 2.4798626907758677e-08 0.003219621220666333 0.001608923328027168 0.0016106861405668388 0.08939178472903932 0.0016068300633620563 0.0016127911573042767 0.0022285527240257933 0.002228552723946175 26.91811428204006 2.299337885665427
120.0 14.436101752716468 -4.396625990524503 11.59227800338913 -422818.84554277395 1.2713055131108092e-05 15.542108524526006 15.383135379901768 15.444315577376516 104.76092199430418 396.25852507215717 400.0 -5.969494204384912e-05 0.09642712204452254 0.09779294714948897 -2.4001373276752772e-05 0.33343124874077745 2.483115883835472e-08 0.003517403078325141 0.0017581901615823846 0.0017592011607027347 0.09778818903462948 0.0017562726275145283 0.0017611304508106127 0.002434250091155851 0.00243425009124671 24.67798525230482 2.2724595495186155
130.0 14.441755054855754 -4.3978550371676866 12.879334964915248 -422654.19033130025 1.3376540839683633e-05 16.510582691350873 16.32015897634565 16.404354749520976 104.58674699330109 399.9513543843188 400.0 -7.014515641046958e-05 0.10463602293635488 0.10622794182989614 -1.9831239643720097e-05 0.5736570735063226 2.4861289106878273e-08 0.0038161612384589308 0.0019081284720226862 0.001908021006192434 0.10622401998941805 0.0019065727621562904 0.0019095884763026395 0.0026405631514083297 0.0026405631513941675 22.782651879340005 2.251252900361603
140.0 14.447682475625264 -4.399213280359605 14.139406741773229 -422480.0374783629 1.39691904640981e-05 17.37516745044569 17.151821015186044 17.26046544224499 104.40394562463766 402.97224207525767 400.0 -8.145463965596e-05 0.11287297924681773 0.1147020082006998 -1.3246284512666632e-05 0.8318791229226613 2.4889685963373904e-08 0.004115884672908749 0.002058742459084831 0.002057130449164586 0.11470000877856396 0.0020577510967913306 0.002058133576117417 0.0028474910234367727 0.0028474910234230107 21.158213510186318 2.2344072868924765
150.0 14.453855487195433 -4.400698284360182 15.369419204438127 -422297.4226457407 1.4499438907371274e-05 18.14677962143818 17.889328833090644 18.02356257230463 104.21337334686963 405.4521254895895 400.0 -9.362700491924378e-05 0.12113776105322265 0.1232170491335507 -4.10767589347833e-06 1.1028806733685697 2.491714005194191e-08 0.004416560698130247 0.0022100306225176732 0.0022065183063478917 0.12321830949951727 0.0022098177290808714 0.002206742969049376 0.0030550309606519714 0.003055030960637611 19.7504780481279 2.2209466454537994
160.0 14.460249035242612 -4.40230732098301 16.56759100573654 -422107.2693984354 1.4975008693847417e-05 18.836015541302775 18.543517765884157 18.704239309217524 104.01578094901338 407.4933282721607 400.0 -0.00010666583594708947 0.1294303345556702 0.1317762320852516 7.673266500968567e-06 1.3822852306086777 2.494447722994581e-08 0.004718177460790997 0.0023619878967058895 0.002356177790044759 0.13178231132393387 0.0023627750283474 0.0023554024324435974 0.003263179692984362 0.003263179692968932 18.518802913579066 2.210137926631021
170.0 14.466841212093277 -4.404037485060448 17.733086954003333 -421910.39463280624 1.5402828567286226e-05 19.452737724309053 19.124443052413742 19.312354015773575 103.81182427878645 409.17617289041766 400.0 -0.00012057470928010852 0.13775088699458474 0.14038370853547663 2.214350903019928e-05 1.66653930424201 2.497248736666155e-08 0.00502072577861206 0.0025146074563621467 0.0025061065432808688 0.14039635273253 0.002516620146203454 0.002504105632408607 0.003471934452802503 0.0034719344527864085 17.432109759796546 2.20142601140657
180.0 14.473612912663032 -4.405885779849938 18.865753520271408 -421707.51711795764 1.5789028489485206e-05 20.005883038967667 19.641194479056562 19.856838752478797 103.60207475423624 410.56408025172965 400.0 -0.00013535721823791563 0.14609982660962012 0.14904428648886994 3.931627486652165e-05 1.9528294567303628 2.500187232773235e-08 0.0053242003791532265 0.0026678821394616413 0.0026563064556560404 0.1490653927735827 0.0026713471053526707 0.0026528532738005557 0.0036812937006374625 0.003681293700620225 16.466227610097704 2.1943870045637164
190.0 14.48054749894549 -4.407849179470913 19.965919451266256 -421499.26732038 1.6138979803272357e-05 20.50340857871162 20.101848797845076 20.345645474391045 103.38702941356279 411.7074558857792 400.0 -0.00015101699622487215 0.1544777642878571 0.15776310432057747 5.917805903453933e-05 2.238968879930212 2.503321347740484e-08 0.005628600607592665 0.002821805484865616 0.0028067833335005845 0.15779468618543657 0.002826948423342858 0.002801652184249807 0.003891257583614774 0.003891257583597163 15.602075007461659 2.188694483290609
200.0 14.487630487423806 -4.4099246739272395 21.034246955705104 -421286.1973969114 1.6457358928164268e-05 20.952317443389845 20.51350154018013 20.78577210282074 103.1671203351338 412.6466365249313 400.0 -0.00016755773753092528 0.1628854834691185 0.1665453405691077 8.169449672491583e-05 2.5232772858285886 2.506695666664673e-08 0.005933930692800033 0.002976372417338083 0.0029575464809318925 0.1665894957660992 0.0029834162880226153 0.0029505144047774186 0.004101828169515158 0.004101828169495837 14.82438752712474 2.184094961276337
210.0 14.494849266317715 -4.4121093010111165 22.071621585180438 -421068.7907249108 1.6748220649685046e-05 21.358726772818972 20.88234031179394 21.183330793242128 102.94272316376639 413.4141270027079 400.0 -0.00018498321462662257 0.17132390406276854 0.17539597957684466 0.00010681508667828884 2.8044685763896346 2.5103411259911387e-08 0.006240199668093169 0.003131579633057549 0.0031086082350995927 0.17545486101802682 0.0031407433378839575 0.003099456330209212 0.004313009503258268 0.004313009503238638 14.120808866771522 2.18038994699618
220.0 14.502192844749372 -4.414400168380008 23.079071393864425 -420847.4706500789 1.7015072483401235e-05 21.727954607070526 21.21373608679736 21.54363496690761 102.71416470587724 414.03630263850664 400.0 -0.00020329729146860252 0.1797940449266726 0.1843196401629164 0.00013447688221409563 3.0815538298006113 2.514275925856337e-08 0.00654742104042872 0.0032874257469958984 0.0032599834879974976 0.18439542972521616 0.0032989231179739492 0.0032484979224547687 0.004524807531502647 0.004524807531483095 13.481229831193993 2.1774227380441977
230.0 14.509651633193286 -4.4167944683115 24.057708073401777 -420622.6083239316 1.726094536283811e-05 22.064611678070897 21.51233864834201 21.871291212909036 102.4817294845275 414.5347028464241 400.0 -0.00022250393284904522 0.18829698816011972 0.19332046516186202 0.00016460731480328036 3.353762395414493 2.518507076454674e-08 0.0068556122923993665 0.0034439112631549436 0.003411689218224442 0.1934153500450093 0.0034579502860552585 0.003397662006344109 0.004737229936557182 0.004737229936535742 12.897299765087704 2.1750686377312896
240.0 14.517217253002613 -4.419289487033322 25.008684481681527 -420394.52961523103 1.748845816523744e-05 22.37269035564318 21.782168493346706 22.170288291801587 102.24566550848428 414.927043161238 400.0 -0.000242607210036866 0.19683384726211353 0.20240206384159104 0.00019712632835915676 3.620480915354069 2.523032261199873e-08 0.0071647942881220925 0.003601038422852173 0.0035637440485869433 0.20251821506872408 0.0036178206390275604 0.003546973649094532 0.0049502859144136815 0.004950285914393587 12.362060135979798 2.1732276505937005
250.0 14.524882372152378 -4.421882610060151 25.933164344554623 -420163.52114116744 1.7699875209199653e-05 22.6556467837482 22.026701338142185 22.444079287335164 102.00618919744609 415.2279743764944 400.0 -0.0002636113032143977 0.20540574021442728 0.21156749641303588 0.00023194799236725744 3.881208431990111 2.527841774017759e-08 0.007474990639507357 0.0037588109776892902 0.0037161678393999825 0.21170704911902036 0.003778531020251896 0.00369645961925546 0.005163985924695079 0.0051639859246735914 11.86966606446595 2.171818993674849
260.0 14.532640564130046 -4.4245713246145275 26.8323009607329 -419929.83549427055 1.7897156633675236e-05 22.91647452589832 22.2489436451649 22.695655236624546 101.76348967500479 415.44968970276767 400.0 -0.0002855205012145452 0.21401376779926434 0.22081928927377267 0.00026898174022045807 4.1355249893147175 2.5329203625027306e-08 0.007786227075190053 0.0039172339243389335 0.0038689813226313596 0.22098432453763933 0.003940079156624935 0.0038461479185651183 0.005378341433412827 0.005378341433392344 11.41517212282297 2.170776943791856
270.0 14.540486186987806 -4.427353219940735 27.707222540876593 -419693.69575249654 1.808200199346882e-05 23.157769352655215 22.45149889932889 22.927609882157746 101.51773238438174 415.60239363988234 400.0 -0.0003083391991363051 0.22265899694572933 0.2301594704974688 0.00030813335197905326 4.3830709644539745 2.5382488735653914e-08 0.008098530841704562 0.004076313229180966 0.004022205778440551 0.2303519986020719 0.004102463463820603 0.003996067377883958 0.005593364663384913 0.005593364663363477 10.99436573906536 2.1700476645415665
280.0 14.548414279765408 -4.4302259861174775 28.559022415895303 -419455.2993607487 1.8255887760363245e-05 23.38178553242339 22.636625068040388 23.142195915695957 101.26906216342195 415.69467237724166 400.0 -0.00033207189437375596 0.2313424485822855 0.2395896167274344 0.0003493057745320634 4.6235345308681834 2.543805649641711e-08 0.008411930155793466 0.004236055562636427 0.004175862753153572 0.23981156184645688 0.0042656828521382235 0.004146247303655245 0.005809068361930951 0.0058090683619105455 10.60363630439943 2.169586771592527
290.0 14.556420473835027 -4.433187411822044 29.38875280264623 -419214.8214670858 1.8420099381844923e-05 23.59048433411172 22.80628402044828 23.34137342954234 101.01760597111087 415.73378742052444 400.0 -0.0003567231814062321 0.24006508931273857 0.24911090456938273 0.000392399847442434 4.856644989399671 2.5495676610634755e-08 0.008726453718275287 0.004396468056290903 0.004329973816007403 0.2493640909756876 0.004429736562274522 0.004296717156000762 0.006025465591473265 0.00602546559145237 10.239871365432823 2.1693574493282393
300.0 14.564500916951001 -4.436235381383288 30.197421153161013 -418972.4177893131 1.8575758608637e-05 23.78557559280986 22.962183810226144 23.52685143132735 100.76347515196836 415.7259097860005 400.0 -0.00038229774586304226 0.2488278261840396 0.2587241614825092 0.00043731498262123135 5.08217010032786 2.5555113853225756e-08 0.009042130293409476 0.004557558090412041 0.004484560350997575 0.25901030143704323 0.00459462397783197 0.004447506315577507 0.006242569545479916 0.006242569545460069 9.900373580855014 2.169328981685766
310.0 14.572652208155242 -4.439367871373669 30.985988365816652 -418728.2270789428 1.8723846778085466e-05 23.968553213483748 23.105814735516486 23.70012330062508 100.50676742177623 415.67630790254157 400.0 -0.0004088003579823621 0.2576315038426103 0.2684299128586693 0.0004839498290031688 5.299915943123623 2.561613459021053e-08 0.009358988353121482 0.004719333115377854 0.004639643379674944 0.26875059637513155 0.004760344503402806 0.004598643849718677 0.006460393390059985 0.006460393390041181 9.582793753427 2.1694756038707257
320.0 14.580871341889129 -4.442582946925264 31.755368324076535 -418482.37324102793 1.8865224559710202e-05 24.140725430390177 23.23848003614519 23.862497007020707 100.24756846957726 415.5894992410495 400.0 -0.0004362358658433965 0.26647690344657754 0.2782284233694683 0.0005322029408710395 5.509728187702463 2.5678511357974627e-08 0.009677055782289131 0.004881800507475462 0.004795243410633414 0.2785851100594038 0.0049268974806734615 0.0047501583016156725 0.006678950129947587 0.006678950129929606 9.285076420451833 2.1697755874770706
330.0 14.589155659937086 -4.445878757905383 32.50642836799247 -418234.96716031653 1.900064876857534e-05 24.303240582300266 23.36132200563672 24.01512085056528 99.98595348637902 415.469373219251 400.0 -0.00046460918840699687 0.27536474279623047 0.2881197317349863 0.000581973458751988 5.7114939650563326 2.574202585687442e-08 0.009996359639401091 0.005044967457481933 0.00495138031158759 0.288513744924999 0.005094282132171592 0.0049020775072295 0.0068982524967395 0.006898252496723304 9.00541533851932 2.170210519270929
340.0 14.597502810040014 -4.449253535050282 33.23999040734957 -417986.1082769117 1.9130786716300525e-05 24.457109068102653 23.475344203240127 24.159005389256055 99.72198838379985 415.3192921185697 400.0 -0.000493925308503124 0.2842956772461501 0.2981036788465978 0.0006331618051102664 5.905143773509562 2.5806470700899714e-08 0.010316925965907175 0.005208840889108712 0.005108073200278709 0.2985362021289353 0.0052624975361271744 0.00505442842978 0.00711831285675802 0.007118312856742252 8.742216825233365 2.1707647278170183
350.0 14.605910710193676 -4.452705586127779 33.9568324624225 -417735.88594827015 1.9256228339132253e-05 24.603222046255222 23.58143035981836 24.29504211655486 99.45573082570841 415.1421725530724 400.0 -0.0005241892658486407 0.2932703010599383 0.30817992970036506 0.000685670392569997 6.090653052511742 2.587165023183909e-08 0.010638779637255742 0.005373427403636204 0.005265340350877494 0.3086520060352164 0.0054315426286167985 0.005207237008638946 0.007339143135732516 0.007339143135717649 8.494069386331864 2.1714248113164887
360.0 14.614377517744884 -4.456233292178603 34.657690475422704 -417484.38062890136 1.9377496602089224e-05 24.742367391498295 23.680360486512345 24.42401940158384 99.18723122261204 414.94055385311157 400.0 -0.0005554061500617774 0.3022891489552297 0.3183479899144543 0.0007394043395362973 6.268043205534551 2.5937380663086512e-08 0.01096194424871451 0.00553873324673365 0.005423199112985094 0.3188605233517351 0.005601416228583417 0.005360528020131095 0.007560754757527754 0.007560754757522163 8.259718405870073 2.172179264681941
370.0 14.622901602652512 -4.459835103870769 35.34326027887837 -417231.6648942208 1.9495056393492678e-05 24.875243323665252 23.772824619066565 24.546636105897647 98.91653346926806 414.71665406988797 400.0 -0.0005875810937236689 0.311352697664972 0.3286072177676075 0.0007942721864499361 6.437381963017519 2.6003489771976006e-08 0.011286442029624527 0.005704764293485873 0.005581665840860382 0.32916097780179615 0.00577211708120909 0.005514324948415439 0.007783158594404922 0.007783158594407562 8.038044941472746 2.173018174491782
380.0 14.631481524243998 -4.463509537989547 36.01419963829579 -416977.8043311569 1.9609322078787707e-05 25.002470062150827 23.8594345640544 24.66351322941368 98.64367572176272 414.4724166734931 400.0 -0.0006207192654689387 0.32046136739992676 0.3389568327371483 0.0008501866056291144 6.598783055986989 2.6069816314738983e-08 0.011612293780258687 0.0058715260477761565 0.005740755830895586 0.33955246125471855 0.00594364391521649 0.0056686498650422 0.00800636492646065 0.008006364926434032 7.828047868337132 2.1739329661739237
390.0 14.640116011005302 -4.4672551740770166 36.671130310486184 -416722.8583145198 1.9720664022510748e-05 25.12459981718491 23.940733955918766 24.775203895701804 98.3686909062166 414.2095495594589 400.0 -0.0006548258630597175 0.32961552314906134 0.34939592148311094 0.0009070650979303115 6.752405223853699 2.613620929752423e-08 0.011939518826275818 0.0060390236525117436 0.005900483265844906 0.3500339422108636 0.006115995510028975 0.005823523316246843 0.008230383408213705 0.008230383408193858 7.628828770847425 2.1749161976851585
400.0 14.64880394294996 -4.471070651228742 37.31464007613343 -416466.8806853365 1.982941417020772e-05 25.242125369004803 24.01720688479564 24.882201926866546 98.09160733117895 413.92955776802376 400.0 -0.0006899061064288642 0.33881547579084087 0.3599234421382554 0.0009648306680869208 6.8984506153236 2.6202527201630186e-08 0.01226813498647948 0.006207261907725462 0.006060861164481729 0.3606042724547834 0.006289170769155006 0.005978964217324473 0.008455223040910972 0.008455223040895356 7.439579100890537 2.175961390439
410.0 14.657544336227401 -4.47495466505057 37.94528471832355 -416209.920344835 1.9935870871135478e-05 25.355487450561164 24.08928531370034 24.98494922291029 97.812449076297 413.63377103851997 400.0 -0.0007259652306877906 0.34806148301612677 0.37053822765087213 0.0010234124750826755 7.037162660803397 2.626863723170206e-08 0.012598158550338651 0.006376245293703552 0.006221901335991475 0.3712621925837295 0.006463168796638119 0.006134989753700532 0.008680892148829406 0.00868089214881728 7.259569215818368 2.1770628877625833
420.0 14.666336329642235 -4.478905964774974 38.56358992812773 -415952.02177574876 2.0040303006737066e-05 25.465081111719268 24.15735546876112 25.083842122920316 97.53123647607417 413.32336710431565 400.0 -0.000763008479032358 0.3573537500818484 0.3812389887989513 0.0010827464509422058 7.168823505379765 2.633441463169046e-08 0.012929604262412239 0.0065459779970569185 0.006383614338324898 0.38200633699802183 0.0066379889739426575 0.006291615288469583 0.00890739835876699 0.008907398358757377 7.088138982728409 2.178215736515678
430.0 14.67517917283142 -4.482923350534193 39.170053125465174 -415693.2255008448 2.0142953593044187e-05 25.57126122183831 24.221763356913836 25.17923690447038 97.24798640650198 412.99939145909707 400.0 -0.0008010410955835957 0.36669243042670907 0.3920243173679307 0.0011427758847169095 7.293751093379667 2.6399742094773605e-08 0.013262485311447404 0.006716463937862953 0.006546009440154573 0.39283523882117316 0.0068136310351291675 0.006448854276318236 0.009134748581772668 0.009134748581764352 6.924689694040111 2.179415588543816
440.0 14.684072215879077 -4.487005670785605 39.76514518856763 -415433.5684871027 2.0244042870214138e-05 25.674347232912403 24.282819540933563 25.271454543050606 96.96271261534463 412.6627741882566 400.0 -0.0008400683180781853 0.3760776261865927 0.4028926898617941 0.0012034519685637777 7.412295993022438 2.6464509279170077e-08 0.013596813322470893 0.006887706796463617 0.006709094586168198 0.40374733510304694 0.0069900951386423485 0.0066067181838285445 0.009362948996522272 0.009362948996514294 6.768677085717358 2.180658616044829
450.0 14.693014900167638 -4.491151819883653 40.34931208901153 -415173.08450276154 2.0343771024139494e-05 25.774627319724253 24.340803281142914 25.360784847716918 96.67542600338781 412.31434435043366 400.0 -0.0008800953704670741 0.3855093886492509 0.4138424720073398 0.0012647343039040614 7.524838043890914 2.652861243143726e-08 0.013932598350647037 0.007059710038832474 0.006872876365559544 0.4147409725568546 0.007167381934450732 0.0067652164161963076 0.009592005033894603 0.009592005033888186 6.6196052865835355 2.181941444051722
460.0 14.702006750326856 -4.495360735792168 40.92297643207728 -414911.8044333594 2.0442320514538855e-05 25.872361976611778 24.395966135972202 25.447490052395825 96.38613485021355 411.9548423047109 400.0 -0.0009211274553636009 0.39498771868813864 0.4248719242159509 0.0013265913664157083 7.631782901807972 2.6591954111595055e-08 0.014269848876104139 0.0072324769397432865 0.0070373599836862435 0.4258144139921007 0.007345492625658133 0.006924356250446004 0.009821921362479762 0.00982192136247444 6.477021557020449 2.183261088355377
470.0 14.711047367102916 -4.4996313979300995 41.48653890378749 -414649.7565620854 2.0539858136255686e-05 25.967787158584187 24.44853509915898 25.531807950501072 96.09484502844029 411.5849303118455 400.0 -0.0009631697464022352 0.40451256721065315 0.4359792080831154 0.0013890009295403445 7.733558547337878 2.6654443009648004e-08 0.014608571799187536 0.007406010603199622 0.007202549236893302 0.43696584552769335 0.007524429023975886 0.00708414277521165 0.010052701874813072 0.010052701874807984 6.340511699457333 2.1846149062453626
480.0 14.720136421076168 -4.503962825144059 42.04037962761264 -414386.96681890404 2.0636536796992622e-05 26.061117023927498 24.49871533937533 25.613954629985102 95.8015602176677 411.20520167641905 400.0 -0.0010062273804165027 0.414083835654403 0.4471623939423966 0.0014519504466153203 7.83061181430591 2.671599384035961e-08 0.014948772435942092 0.007580313979847646 0.0073684464905827566 0.44819338461094266 0.007704193598939437 0.007244578837002656 0.010284349674297782 0.010284349674291251 6.209696042670208 2.186000552419125
490.0 14.72927364707177 -4.508354073800451 42.58485943424169 -414123.4590024131 2.0732497107822544e-05 26.15254634104491 24.5466925979692 25.694126871611626 95.50628204940128 410.81618865591327 400.0 -0.0010503054495596047 0.4237013765572436 0.45841946943328155 0.0015154373925502678 7.923404986514227 2.677652730178575e-08 0.015290454513718322 0.0077553898812223725 0.007535052660573589 0.4594950888154069 0.00788478955037123 0.007405664963347094 0.010516867062760931 0.010516867062754155 6.08422591789694 2.187415943672319
500.0 14.73845883923994 -4.512804235990795 43.12032104883405 -413859.25497769774 2.082786875222629e-05 26.242252596694414 24.592635292093725 25.77250424768758 95.20901017920184 410.41836931896955 400.0 -0.0010954089932789129 0.4333649942250903 0.4697483490068353 0.0015794695661641588 8.01241250139232 2.683597008296582e-08 0.01563362016706773 0.00793124099087845 0.007702367197866264 0.4708689653581943 0.008066221250031334 0.007567398917036395 0.010750255528735365 0.010750255528727354 5.963780557910429 2.188859224303421
510.0 14.74769184664899 -4.517312437843117 43.647090199833684 -413594.3748531848 2.0922771670793183e-05 26.330397851544166 24.63669636336931 25.84925096728641 94.90974258241776 410.0121735120128 400.0 -0.0011415429902362883 0.4430744455117956 0.4811468842577587 0.0016440653550604425 8.09811779256238 2.6894254906679807e-08 0.015978269934037292 0.008107869872490453 0.007870388076836926 0.48231298124482863 0.0082484935853771 0.007729776348660193 0.010984515736461128 0.010984515736452897 5.848064360975895 2.1903287394146504
520.0 14.756972569404349 -4.521877837933576 44.165476654220186 -413328.83713889413 2.1017317200639133e-05 26.417130385983366 24.679014906304737 25.924517511025417 94.60847548884553 409.59798805981586 400.0 -0.0011887123501352424 0.4528294407252443 0.4926128749579487 0.0017092539647791632 8.181010294970363 2.6951320594345328e-08 0.016324402753214284 0.008285278975177472 0.00803911178695767 0.49382507393767666 0.008431612092885309 0.007892790660328974 0.011219647515767983 0.011219647515759372 5.736804470574799 2.1918230142411184
530.0 14.766300955192083 -4.5264996257919465 44.675775183539464 -413062.6588883158 2.1111608955258308e-05 26.502586139616398 24.719717605654328 25.998442058965093 94.3052036309989 409.17616131131217 400.0 -0.0012369219054942234 0.4626296446653594 0.5041440806513056 0.0017750756145742802 8.26158263089075 2.700711214156758e-08 0.016672015961772747 0.008463470636294417 0.008208533328051668 0.5054031624298163 0.008615583120284908 0.008056432841487835 0.011455649852886426 0.011455649852875437 5.62974862917727 2.1933407298715655
540.0 14.775676996190532 -4.531177020495127 45.178266465125496 -412795.8558258167 2.1205743693507287e-05 26.58688999539354 24.75892000766595 26.071151762728746 93.99992019989187 408.7470071229237 400.0 -0.001286176403388881 0.47247467779657 0.5157382326647967 0.0018415817021819143 8.340327989268832 2.70615807943896e-08 0.017021105294824698 0.008642447081994936 0.008378646209081481 0.517045158601768 0.008800413840731672 0.008220691454093026 0.01169252088227718 0.011692520882264105 5.526663270531119 2.1948807053460384
550.0 14.785100726348814 -4.535909269343507 45.673217922984236 -412528.4424611535 2.1299812081275737e-05 26.670156922174932 24.796727646612357 26.142763875780307 93.69261704041848 408.3108083548194 400.0 -0.0013364804971781642 0.48236411755529884 0.5273930463946221 0.0019088349399642261 8.417737705830167 2.7114684118023963e-08 0.017371664886430153 0.008822210425917017 0.008549442450473493 0.5287489787420407 0.008986112262746442 0.008385552623683712 0.011930257879603487 0.01193025787958889 5.427331820110463 2.196441886356059
560.0 14.794572218951634 -4.54069564661474 46.16088451226237 -412260.43219259445 2.139389932003205e-05 26.752492978990926 24.833237044954572 26.21338674526344 93.38328465758262 407.86781994816147 400.0 -0.001387838738230748 0.49229749978708853 0.53910623372749 0.001976909465123668 8.494299047944018 2.7166386051428056e-08 0.017723687272500285 0.009002762666300623 0.008720912589903422 0.5405125551131312 0.009172687236445244 0.008551000036055037 0.012168857255875803 0.012168857255861905 5.3315531776942295 2.198023326410054
570.0 14.804091584457945 -4.545535452390207 46.64150945128559 -411991.83739987086 2.1488085768970686e-05 26.83399622024934 24.868536602936143 26.283120704782437 93.0719122321926 407.41827163833364 400.0 -0.0014402555676588874 0.5022743203074602 0.5508755154669013 0.0020458909264937913 8.57049320441528 2.7216656942604284e-08 0.01807716339587037 0.009184105681883839 0.008893045691473127 0.5523338474533632 0.009360148456611326 0.008717014939259046 0.012408314552853596 0.012408314552838086 5.239140359706176 2.199624176792123
580.0 14.813658968591033 -4.550428011449702 47.11532490487032 -411722.66952805093 2.158244747557473e-05 26.91475750388399 24.902707391228102 26.352058870238977 92.75848784540919 406.9623703513907 400.0 -0.0014937353080832925 0.5122940365780925 0.5626986336450148 0.0021158765505727567 8.64679347773729 2.7265473560962232e-08 0.018432082613764802 0.009366241226892634 0.00906582935818585 0.564210854314358 0.00954850646314206 0.008883576150622742 0.012648624439736722 0.012648624439717782 5.149919282032142 2.201243680029782
590.0 14.823274550639493 -4.555372672229947 47.582552622296255 -411452.93916332355 2.167705663925053e-05 26.994861204134317 24.935823858386946 26.420287840523155 92.44299831058333 406.5003023254963 400.0 -0.0015482821554727393 0.522356069487577 0.5745733636111597 0.0021869751893103307 8.723663674236425 2.7312819084314427e-08 0.018788432707808472 0.00954917092542676 0.00923924974757173 0.5761416241429761 0.009737772639377435 0.009050660068431037 0.012889780711175072 0.012889780711154347 5.063727666643086 2.2028811542619255
600.0 14.832938541954105 -4.560368805843035 48.04340453319952 -411182.6561015333 2.1771982047209088e-05 27.07438586014965 24.96795446331432 26.48788833434812 92.12542933926899 406.0322349918107 400.0 -0.0016039001710137254 0.5324598052255782 0.5864975258015308 0.0022593073521801543 8.801556685611182 2.7358683059183623e-08 0.019146199896720492 0.009732896265522052 0.009413291590319206 0.5881242660283553 0.009927959208797243 0.00921824068792325 0.013131776286605562 0.013131776286583723 4.980414057578124 2.204535988770052
610.0 14.842651184623229 -4.565415805151073 48.49808330440805 -410911.8294102096 2.1867289458753135e-05 27.153404754294208 24.999162241558192 26.5549357571862 91.80576557322206 405.558318644797 400.0 -0.0016605932730654944 0.5426045972382965 0.5984689971080077 0.0023330052250312506 8.880913254046096 2.740306133407075e-08 0.019505368851775357 0.00991741859313964 0.009587938211746944 0.6001569600463981 0.010119079230541794 0.009386289621233565 0.013374603210901068 0.013374603210875986 4.899836933736121 2.20620763645288
620.0 14.852412750314828 -4.5705130838936805 48.94678286054468 -410640.4674847495 2.1963042015842807e-05 27.23198644389883 25.02950531314071 26.62150072212259 91.48399057498257 405.07868792753203 400.0 -0.0017183652292155987 0.5527897682527735 0.610485721776238 0.002408212678080314 8.962160912044132 2.7445955966078063e-08 0.019865922715077016 0.010102739106312581 0.009763171555931323 0.612237967144511 0.010311146594179718 0.009554776120897298 0.013618252656312346 0.013618252656285156 4.8218639075444685 2.2078956125971896
630.0 14.862223539247399 -4.575660075864811 49.38968887090423 -410368.5780993711 2.2059300257074222e-05 27.310195169589534 25.059037338606085 26.68764944781291 91.16008686798871 404.59346315556013 400.0 -0.00177721964839916 0.5630146123565308 0.6225457217766253 0.0024850852653070885 9.045713087560504 2.748737510201329e-08 0.020227843120615804 0.010288858849642523 0.009938972212266693 0.6243656385212535 0.010504176014100216 0.009723667106515585 0.013862714925656074 0.013862714925626527 4.746370999959095 2.209599459041247
640.0 14.872083879319858 -4.580856234136408 49.826979205206335 -410096.16845329176 2.215612363035829e-05 27.388091528864962 25.08780792914111 26.753444422260937 90.83403598132858 404.1027514963271 400.0 -0.0018371599731452418 0.5732783971213454 0.6346471066040242 0.0025637902174915363 9.131968364204356 2.752733283549657e-08 0.020591110218120642 0.010475778709331267 0.010115319444286 0.6365384244659459 0.01069818302389917 0.00989292719422147 0.014107979456712499 0.014107979456682107 4.673241983450074 2.211318862275397
650.0 14.881994125337556 -4.586101030325527 50.258824360241526 -409823.2452126757 2.2253566182161676e-05 27.465731908380555 25.115863015875096 26.818943825908836 90.5058184026377 403.6066480235872 400.0 -0.0018981894718928972 0.5835803657569893 0.6467880824717184 0.0026445064309852146 9.221309886469337 2.756584904207412e-08 0.020955702699566283 0.01066349940887133 0.01029219122047746 0.6487548826316216 0.010893183971053625 0.01006251872851266 0.014354034827740557 0.014354034827709881 4.602367785644794 2.2130531906829383
660.0 14.89195465836107 -4.591393953902703 50.685387859641715 -409549.8145486988 2.2351693778502584e-05 27.543172414939896 25.143245182849515 26.88420545406144 90.17541367419669 403.10523665943145 400.0 -0.0019603112314614396 0.5939197392843402 0.6589669608784552 0.002727424454227401 9.314104899474543 2.7602949194589524e-08 0.021321597828273982 0.010852021505528768 0.010469564246902452 0.6610136857263105 0.011089196012183613 0.010232401816090366 0.014600868764054637 0.014600868764022073 4.533645947197972 2.214803181420044
670.0 14.901965885159996 -4.596734511539078 51.106826628654574 -409275.88217211544 2.245052112475024e-05 27.620455629412717 25.169993967594486 26.949273462877862 89.84280034641486 402.59859101706974 400.0 -0.002023528149581494 0.6042957187162117 0.671182166534855 0.0028127464739190955 9.41070441296441 2.7638664161236975e-08 0.02168877147045971 0.011041345387709275 0.010647414001377597 0.6733136286138723 0.011286237109149415 0.0104025343613103 0.014848468145573484 0.014848468145537771 4.466980128221225 2.216564671425669
680.0 14.912028237760843 -4.60212222649001 51.52329134568254 -409001.4533646584 2.255024767309837e-05 27.697672043729746 25.19614613277823 27.0142397990852 89.50830466499868 402.08677515547333 400.0 -0.0020878429275402602 0.6147074872351656 0.6834322446445487 0.0029006863026620764 9.51144297945785 2.7673029988836336e-08 0.0220571981290674 0.011231471273279461 0.010825714768986729 0.6856536348234019 0.011484326026204245 0.010572872102863158 0.01509681901524916 0.015096819015212565 4.402279658272299 2.218360511788824
690.0 14.922142096350397 -4.607556636910434 51.9349264412689 -408726.53312953806 2.2649864655752775e-05 27.77486777686468 25.221735899713412 27.079151913055934 89.18018147648225 401.5698484133736 400.0 -0.0021532580540944393 0.6251542094746361 0.6957158638087474 0.0029914693991566297 9.616638588885536 2.7706087648216876e-08 0.02242685088012243 0.011422399158598908 0.011004439629402396 0.6980327586711645 0.011683482278377925 0.010743368601744505 0.015345906523498175 0.015345906523459588 4.339459118046153 2.2202926059399553
700.0 14.932305743509142 -4.612934374747345 52.338616466981726 -408443.473668375 2.2738795680158993e-05 27.8504945497374 25.24670218024094 27.142462824601285 88.89004085702562 401.0944418122038 400.0 -0.0022197755693899195 0.6356349597173225 0.708031725136118 0.0030853322733285075 9.72658934456565 2.773788208496003e-08 0.022797698877034252 0.01161412744531128 0.011183559334398404 0.7104500896394526 0.011883724645428716 0.01091397423160554 0.015595713296067551 0.015595713296028378 4.2784377689185 2.2221254206632093
710.0 14.942512709762637 -4.618186853386925 52.732314319045585 -408147.34917473287 2.2814519328048866e-05 27.924138764318926 25.271021660043544 27.20376019851298 88.64584386471515 400.69199599362713 400.0 -0.0022873972140368434 0.6461487543975054 0.7203785658059425 0.0031824805686917817 9.841465827092355 2.776845995837755e-08 0.02316970907673777 0.0118066509060882 0.011363046068246847 0.7229046853606015 0.012085065454372932 0.011084643622364831 0.015846220685805032 0.015846220685765168 4.219138973935021 2.223835301727775
720.0 14.952759759029593 -4.623483451076581 53.12148839013708 -407850.86468754895 2.288767612931291e-05 27.99744007627575 25.294878617125114 27.264684471748595 88.41478930928825 400.28617238627896 400.0 -0.0023561256301965292 0.6566949206197146 0.7327556045271585 0.0032830631659245203 9.961271029468556 2.7797870966580216e-08 0.023542859293453518 0.011999965846741513 0.01154288133936098 0.7353959915520984 0.01228751375773686 0.01125534553571666 0.01609741729101863 0.016097417290978435 4.161490654791747 2.22563645591808
730.0 14.963046870877937 -4.628823742492388 53.506260906571995 -407554.02565752185 2.2961511719626483e-05 28.070776787673694 25.318298885266515 27.325614412675147 88.18334691494128 399.87703035586316 400.0 -0.0024259638292653336 0.66727294057674 0.7451623749985422 0.003387220918457158 10.08597976467294 2.782616837031269e-08 0.023917132110159976 0.012194070405843922 0.01172304959214911 0.7479237552379734 0.012491079825176691 0.011426052284983291 0.016349294792556396 0.01634929479251473 4.105424977305885 2.227504835843296
740.0 14.973374274467883 -4.634207311935439 53.88675032171606 -407256.83636695344 2.3035617126375835e-05 28.14404987097418 25.341306755389713 27.38645130541782 87.95059452335215 399.4646142845727 400.0 -0.002496914808628188 0.67788232919186 0.7575985655563624 0.003495091552179931 10.215551271612929 2.7853407659994644e-08 0.024292510606803597 0.012388962662383228 0.011903535827572323 0.7604878683199623 0.01269577358601855 0.01159673702078505 0.016601845145878428 0.01660184514583691 4.050877796509835 2.229374741460696
750.0 14.98374221294838 -4.639633755745418 54.26307072854431 -406959.3007918514 2.3110138877837643e-05 28.217317324794102 25.363925072529902 27.447253320607146 87.716521153459 399.0489638382784 400.0 -0.002568981529198662 0.6885226270258136 0.7700640041869575 0.003606809439408298 10.349930331526426 2.78796460653034e-08 0.024668978133169234 0.012584640507658815 0.012084325504118433 0.7730883523764582 0.012901604475132762 0.011767373658036477 0.016855060419932944 0.016855060419889753 3.9977883896987025 2.231257477439667
760.0 14.99415094312743 -4.645102681893593 54.63533207467414 -406661.4226172537 2.3185073739258513e-05 28.290600319393786 25.386175352014142 27.50804166486208 87.48111623444852 398.6301142866322 400.0 -0.0026421669206984264 0.6991934018468905 0.7825586545317026 0.0037225053496482948 10.489048439763039 2.7904942165902155e-08 0.025046518383466707 0.012781101674301836 0.012265404583368432 0.7857253547934109 0.01310858144097475 0.011937936942491961 0.01710893283286232 0.017108932832822443 3.9460992312495065 2.233149922796457
770.0 15.004600735197375 -4.650613709595414 55.003640364902466 -406363.2052511639 2.3260457676414932e-05 28.363928603862316 25.408077884814265 27.56884599237377 87.24436878782356 398.20809970994696 400.0 -0.0027164738871982624 0.709894250032696 0.7950826114885443 0.00384230621746237 10.63282493676136 2.792935552542051e-08 0.02542511546793321 0.01297834376508608 0.01244675957278803 0.7983991445308869 0.013316712954858404 0.012108402513074802 0.017363454786715308 0.017363454786674497 3.8957557849917395 2.2350528296640597
780.0 15.015091872483003 -4.656166468941959 55.368097851981624 -406064.65183732694 2.3336315345212733e-05 28.437328288298428 25.429651833158637 27.629692191815778 87.00626748709098 397.782941442506 400.0 -0.0027919053128852597 0.720624797808128 0.8076360964826526 0.0039663349268522115 10.781168096759089 2.7952946349478844e-08 0.02580475398121196 0.013176364281318746 0.012628377565715478 0.8111101075920353 0.013526007021200749 0.012278746960011204 0.017618618900992457 0.017618618900950744 3.846706312551422 2.2369659282223404
790.0 15.025624651231642 -4.661760600549025 55.72880321648561 -405765.76526687975 2.3412673732066178e-05 28.510825288960714 25.450915317379113 27.69060583648463 86.76680064403092 397.3546662844725 400.0 -0.002868464068045228 0.7313847023270466 0.8202194524760827 0.004094710111103371 10.933976173358165 2.7975775168192076e-08 0.026185419067383097 0.013375160650715947 0.012810246278517033 0.823858742259303 0.013736471188553138 0.012448947878829952 0.01787441804501465 0.017874418044973354 3.7989016962548794 2.23888923493686
800.0 15.036199380437525 -4.66739575522298 56.08585173646716 -405466.54818899377 2.3489558586116494e-05 28.584444501854662 25.47188549486373 27.7516113630765 86.52595622539506 396.9232945712838 400.0 -0.0029461530152391545 0.7421736526043906 0.8328331387781663 0.004227545967439597 11.091138401258222 2.79979025432208e-08 0.026567096481516634 0.013574730254619626 0.01299235408492295 0.8366456541549108 0.013948112561220864 0.012618983920295772 0.018130845369013465 0.01813084536897294 3.7522952753176133 2.240822701806252
810.0 15.046816381692127 -4.67307159364257 56.439335447551926 -405167.00302062405 2.3566995465108694e-05 28.65821013050405 25.492578631895068 27.81273240479054 86.2837218554037 396.4888434534806 400.0 -0.003024975015653233 0.7529913703060369 0.8454777257135043 0.004364952085624934 11.252535953779587 2.801938879918305e-08 0.026949772647655718 0.013775070454453142 0.013174690047555134 0.8494715511782711 0.014160937811295156 0.012788834836360553 0.018387894333898067 0.018387894333856767 3.706842694169483 2.242766309869266
820.0 15.057475989069907 -4.678787786055774 56.78934329412853 -404867.1319554055 2.364500952954136e-05 28.732145686594894 25.513010169075645 27.873991797395675 86.04008475199961 396.05132707712227 400.0 -0.0031049329356025476 0.7638376104046369 0.8581538891992165 0.0045070332897423696 11.418042856138282 2.804029377899232e-08 0.027333434713191312 0.01397617861733826 0.013357243946684923 0.862337238368341 0.01437495319095586 0.012958481522235445 0.018645558739672028 0.01864555873962924 3.662501761880926 2.2447200412682764
830.0 15.068178549031646 -4.684544011991041 57.13596127215411 -404566.9369718249 2.3723625675605164e-05 28.806274078268498 25.53319478096574 27.935411672992227 85.79503179166434 395.6107567487229 400.0 -0.0031860296531736635 0.7747121617087843 0.8708624052762735 0.0046538894922934886 11.587526854521268 2.806067662247995e-08 0.027718070599584387 0.014178052140792015 0.013540006306258326 0.8752436127323622 0.014590164544891279 0.013127906054693104 0.018903832752468215 0.018903832752426332 3.6192323217525573 2.246683887518597
840.0 15.078924420366372 -4.6903399599820546 57.479272564188534 -404266.41984065773 2.3802868583088886e-05 28.880617670882955 25.55314643049949 27.997013526246523 85.54854953462696 395.16714108458876 400.0 -0.0032682680649846352 0.7856148472744464 0.8836041446364338 0.004805615559903241 11.760850241434403 2.8080595567513562e-08 0.02810366904946615 0.014380688476467158 0.013722968417255852 0.8881916580797846 0.014806577322739111 0.013297091726727047 0.019162710930210245 0.01916271093017038 3.5769961302228417 2.248657849017745
850.0 15.089713974148765 -4.696175327305508 57.81935766707851 -403965.58213180496 2.3882762748840782e-05 28.955198334877696 25.57287841868195 28.058818267698634 85.3006241223349 394.72048614722576 400.0 -0.0033516510930768867 0.7965455247058857 0.8963800671790602 0.004962301189833696 11.937870637712347 2.8100107772678977e-08 0.028490219670114735 0.014584085152871684 0.013906122358449636 0.9011824398930289 0.015024196591417332 0.013466023078697405 0.019422188246875697 0.01942218824683492 3.53575674432467 2.250641930185992
860.0 15.100547593719906 -4.702049819731174 58.15629451278578 -403664.4252205527 2.396333256034187e-05 29.030037507827362 25.592403430022248 28.120846291198305 85.05124134476793 394.2707955694307 400.0 -0.0034361816918677818 0.8075040863544013 0.909191216629055 0.005124030796579871 12.118441731910195 2.8119269160510224e-08 0.028877712973366592 0.014788239797043775 0.014089461014639974 0.9142171002642442 0.015243027047260991 0.013634685926105597 0.0196822601153767 0.019682260115336983 3.4954794169955856 2.2526361431439916
870.0 15.111425674699962 -4.707963151283633 58.49015858282319 -403362.95029326703 2.4044602330873386e-05 29.10515624116997 25.61173357411124 28.183117525927674 84.80038665817992 393.8180706665961 400.0 -0.0035218628552145495 0.818490459423143 0.9220387152422976 0.005290883407750174 12.302413977969966 2.813813428016464e-08 0.029266140412041407 0.014993150155181554 0.014272978092450388 0.9272968529227122 0.015463073027897806 0.013803067384143601 0.019942922409101643 0.01994292240906367 3.456130999610416 2.2546405067498916
880.0 15.122348625009252 -4.713915044015231 58.821023016620515 -403061.15835264797 2.4126596347352812e-05 29.18057524348493 25.630880423707456 28.245651484865164 84.54804509926922 393.36231053946545 400.0 -0.0036086976235400955 0.8295046059847804 0.9349237586197651 0.005462932568548895 12.489635251907082 2.815675618839928e-08 0.029655494412933338 0.015198814112184907 0.014456668133777086 0.9404229783723977 0.015684338523762806 0.013971155889170533 0.0202041714821014 0.020204171482063958 3.4176798511600155 2.2566550443246958
890.0 15.13331686492314 -4.719905227789624 59.14895871428478 -402759.0502224928 2.4209338916852046e-05 29.256314927001615 25.649855049663444 28.308467316351976 84.29420134732104 392.90351216657274 400.0 -0.0036966890910265985 0.8405465229204518 0.9478476106496404 0.005640246254194275 12.679951468728815 2.817518634767646e-08 0.030045768406496524 0.01540522971013698 0.014640526526993 0.9535968191578801 0.01590682718922545 0.014138941217271075 0.020466004187982584 0.02046600418794611 3.3800957535552763 2.2586797853793206
900.0 15.144330827135212 -4.725933440075516 59.47403443401613 -402456.6265520858 2.4292854403389433e-05 29.33239544632994 25.668668052985772 28.37158384773877 84.03883971541048 392.44167048866836 400.0 -0.0037858404128485682 0.8516162417862914 0.9608115985911698 0.005822886789453723 12.873207160503165 2.819347454021044e-08 0.030436956853304036 0.015612395165713213 0.01482454951599764 0.9668197752712319 0.016130542353246784 0.014306414500057247 0.020728417897531586 0.02072841789749382 3.3433498325781272 2.2607147647508787
910.0 15.155390956850788 -4.7319994257500415 59.79631688458272 -402153.8878201718 2.4377167281012464e-05 29.408836739483693 25.687329594296852 28.435019631171087 83.78194412698919 391.9767784845484 400.0 -0.0038761548124923934 0.8627138286151644 0.9738171083126055 0.006010910774803063 13.069246016896802 2.821166879677332e-08 0.030829055267422596 0.01582030888654117 0.01500873420723208 0.9800932997115325 0.016355487029553542 0.014473568237869055 0.02099141051511066 0.02099141051507603 3.3074144840467152 2.2627600230276994
920.0 15.166497711893342 -4.7381029369114405 60.115870813097914 -401850.8343385977 2.446230215989496e-05 29.485658558130908 25.705849420936403 28.498792978439795 83.5234980721926 391.50882723968505 400.0 -0.003967635589053411 0.8738393836597165 0.986865579691111 0.006204369018342625 13.267911389285523 2.8229815339084576e-08 0.03122206023681391 0.01602896948653224 0.0151930785747485 0.9934188942041534 0.016581663926275164 0.014640396310538739 0.021254980493888347 0.021254980493856632 3.272263304796794 2.2648156040395655
930.0 15.17765156283092 -4.744243732700587 60.432759088408616 -401547.46625562466 2.454828383455706e-05 29.562880508421134 25.72423689191875 28.56292200623965 83.26348468710628 391.03780600802367 400.0 -0.004060286124624169 0.8849930410830942 0.9999585021814831 0.00640330647302376 13.46904675972558 2.824795853466447e-08 0.03161596944089719 0.016238375800193782 0.015377581463460592 1.006798105086221 0.016809075455006282 0.014806893985890905 0.021519126849922656 0.02151912684989193 3.2378710281173047 2.2668815578572743
940.0 15.1888529931234 -4.750421579130994 60.74704278036226 -401243.7835589283 2.4635137321693795e-05 29.640522080448132 25.742501000939505 28.627424669891298 83.00188667611575 390.56370226708833 400.0 -0.004154109891696934 0.8961749686034426 1.013097410556834 0.006607762178463175 13.67249617609103 2.826614086301922e-08 0.03201078166541851 0.016448526895967566 0.015562242590674524 1.0202325193611086 0.017037723739319437 0.01497305792609907 0.021783849175175406 0.02178384917514597 3.2042134633085047 2.2689579386945735
950.0 15.20010249928529 -4.756636248926953 61.05878123518143 -400939.78607832576 2.4722887886426662e-05 29.71860267864017 25.76065039760567 28.692318797817045 82.7386863639961 390.0865017675104 400.0 -0.0042491104605827746 0.9073853670975229 1.0262838808231265 0.0068177692067177866 13.878104654630453 2.8284402892106525e-08 0.03240649681475896 0.016659422088617155 0.015747062546009657 1.0337237609235737 0.01726761062270371 0.015138886192055253 0.022049147649503217 0.022049147649477595 3.1712674390585027 2.271044805350265
960.0 15.211400591065905 -4.762887521369454 61.36803214718329 -400635.4734882395 2.4811561101040996e-05 29.797141654713784 25.778693407046767 28.757622128406048 82.4738656053808 389.60618857680146 400.0 -0.004345291506863578 0.9186244701688258 1.039519526307737 0.007033354611442413 14.08571855127466 2.8302783264064274e-08 0.03280311592183029 0.016871060950701882 0.015932042789820217 1.0472734869556048 0.01749873767554543 0.015304378246284863 0.022315023051682845 0.022315023051657588 3.139010750359914 2.2731422208255423
970.0 15.222747791657167 -4.769175182149605 61.6748516270956 -400330.8453098835 2.4901182863485985e-05 29.876158335590535 25.796638048049022 28.82335234166997 82.20740587657001 389.122745117638 400.0 -0.004442656818865157 0.9298925436854113 1.052805993920562 0.007254539380003673 14.29518590309344 2.8321318689228477e-08 0.033200641155712515 0.01708344332317519 0.0161171856502346 1.0608833844915664 0.017731106202227544 0.015469534953484966 0.02258147676951888 0.02258147676949556 3.1074221087118197 2.2752502532837595
980.0 15.234144637901572 -4.7754990232292505 61.97929426707489 -400025.9009132765 2.4991779429677825e-05 29.955672044283094 25.814492049837558 28.889527083699463 81.93928815192577 388.63615220206316 400.0 -0.004541210305154257 0.9411898852911637 1.0661449605836335 0.007481338387639446 14.506356740969139 2.8340043947518115e-08 0.03359907582715187 0.01729656932513747 0.01630249431890049 1.074555167148331 0.017964717247016364 0.015634358580135507 0.02284851080910463 0.022848510809084753 3.0764810953705486 2.2773689724192203
990.0 15.24559168053592 -4.7818588427085 62.28141320274023 -399720.6395189757 2.508337748268215e-05 30.035702143691342 25.83226286762543 28.95616401386423 81.66949301368996 388.1463890603194 400.0 -0.004640956002065478 0.9525168238959941 1.0795381298271134 0.007713760353492341 14.719083375116293 2.8358991896343976e-08 0.03399842439210296 0.017510439362803658 0.01648797284555934 1.0882905720187364 0.018199571599123443 0.015798852792979518 0.02311612780329278 0.02311612780327549 3.046168117436056 2.279498455653675
1000.0 15.257089484449697 -4.788254444699922 62.58126017232486 -399415.06019961333 2.517600413464226e-05 30.116268048764663 25.849957697030636 29.023280820219096 81.39800057905875 387.6534333655447 400.0 -0.0047418980812528825 0.9638737191482049 1.0929872285455646 0.007951807797796922 14.93322065453698 2.8378193484224556e-08 0.03439869245343581 0.017725054137711426 0.016673626131545344 1.102091356722149 0.01843566979636391 0.015963022657071904 0.02338433101942888 0.023384331019412275 3.016464366574009 2.2816387831698326
1010.0 15.268638628949397 -4.7946856392092 62.878885573081014 -399109.1618812823 2.5269686963061558e-05 30.197389249822077 25.867583487453874 29.09089524591412 81.12479044787536 387.1572612547787 400.0 -0.00484404085723741 0.9752609608923479 1.1064940039079556 0.008195476999606289 15.148626201576429 2.8397677769344723e-08 0.0347998867609411 0.01794041465420306 0.01685945992230868 1.1159592966056053 0.018673012135255216 0.01612687462568589 0.023653124366401726 0.02365312436638589 2.9873517801903393 2.283790036643313
1020.0 15.280239708052918 -4.801152242021976 63.174338515176785 -398802.9433446927 2.53644540767436e-05 30.279085353854025 25.88514695450444 29.159025133436867 80.84984180614593 386.65784734589954 400.0 -0.004947388795038096 0.986678968616915 1.120060220417155 0.00844475795471441 15.365160623079996 2.8417471942393065e-08 0.035202015209801506 0.018156522226249423 0.01704548079906302 1.1298961820917615 0.018911598663231294 0.016290416546570218 0.023922512401088725 0.023922512401075204 2.9588130048915118 2.2859523050212927
1030.0 15.291893330807687 -4.807654074596709 63.467666873207826 -398496.40322613064 2.5460334144029886e-05 30.361376100176216 25.902654591549286 29.227688443065095 80.5731332887793 386.15516475030466 400.0 -0.00505194651776929 0.9981281908947018 1.1336876571111247 0.008699634333247531 15.582687699293796 2.8437601353015137e-08 0.035605086837659186 0.018373378483650244 0.01723169616965259 1.1439038161659612 0.019151429193421388 0.0164536576442378 0.02419250033424645 0.024192500334235558 2.930831362074746 2.288125680101595
1040.0 15.303600121619551 -4.814190963963357 63.758917335414736 -398189.5400182762 2.5557356413475284e-05 30.4442813843397 25.920112680453652 29.296903279441356 80.29464306016789 385.6491850827009 400.0 -0.005157718814350502 1.009609104818241 1.1473781048983456 0.00896008343632585 15.801074551565403 2.8458089539296978e-08 0.036009111820398294 0.018590985377637394 0.017418114258731507 1.1579840119949651 0.01939250329793412 0.016616608522464178 0.02446309403589265 0.02446309403588462 2.9033908155040153 2.2903102575414835
1050.0 15.315360720598772 -4.820762742627704 64.04813545075572 -397882.3520708627 2.565555075776854e-05 30.52782128344668 25.937527301575834 29.366687919426397 80.01434877730752 385.1398784674679 400.0 -0.005264710647175962 1.0211222154331487 1.1611333640202817 0.009226076151314697 16.020191790060736 2.847895825973727e-08 0.03641410146678149 0.018809345185932542 0.017604744097342636 1.1721385906704047 0.019634820318337718 0.01677928114844377 0.024734300040247844 0.024734300040241564 2.8764759407398235 2.292506136637615
1060.0 15.327175783931352 -4.82736924848116 64.33536567398271 -397574.8375911579 2.5754947725795927e-05 30.612016082132378 25.954904343073807 29.43706084049852 79.73222751914541 384.6272135415414 400.0 -0.005372927159899931 1.0326680551720921 1.1749552416338573 0.009497576905291122 16.23991364270361 2.8500227527222238e-08 0.03682006821207592 0.019028460517304335 0.01779159551198629 1.1863693790702392 0.019878379348715287 0.016941688863360622 0.025006125550290182 0.02500612555029006 2.850071896300848 2.294713419787884
1070.0 15.339045984274046 -4.8340103247159005 64.62065140882764 -397266.99464427715 2.5855578580061017e-05 30.696886302313292 25.97224950957511 29.508040752806572 79.44825587451251 384.1111574540454 400.0 -0.005482373685235595 1.0442471832915483 1.1888455495067192 0.009774543616145085 16.460118066422716 2.8521915644565912e-08 0.037227025610791595 0.019248334315673896 0.017978679113253286 1.200678207831148 0.02012317927333319 0.017103846337458414 0.025278578441995977 0.025278578442002774 2.824164396444037 2.2969322151162506
1080.0 15.350972011168514 -4.8406858197452 64.90403504938863 -396958.8211533504 2.595747534219556e-05 30.782452723621205 25.989568330255516 29.579646621804145 79.1624098206281 383.5916758630373 400.0 -0.005593055752840599 1.0558601853130851 1.202806101817061 0.010056927640925665 16.68068684168734 2.8544039241203193e-08 0.037634988328643655 0.019468969863787256 0.018166006284114578 1.215066909423736 0.020369218703596922 0.017265769625046744 0.025551667268290362 0.0255516672683046 2.798739685457983 2.299162633748167
1090.0 15.362954571477484 -4.847395587128851 65.18555801982458 -396650.3148995408 2.606067080761679e-05 30.868736404010942 26.00686616636989 29.651897690959824 78.87466480343456 383.06873292891936 400.0 -0.005704979097209979 1.067507672471152 1.2168387130511147 0.01034467372086218 16.90150565139379 2.8566613310684164e-08 0.03804397213385895 0.01969037078650999 0.018353589167933348 1.229537316323866 0.02061649605663935 0.0174274760772196 0.025825401262788414 0.025825401262808214 2.773784513372561 2.30140479008103
1100.0 15.374994389832379 -4.854139485503489 65.46526081241517 -396341.47352195345 2.6165198623764508e-05 30.955758713155856 26.024148218271478 29.724813517166222 78.5849956422069 382.5422913058543 400.0 -0.005818149665756526 1.079190281168492 1.2309451959896336 0.01063771992253902 17.1224641449468 2.8589651248627077e-08 0.0384539938879231 0.019912541053758847 0.01854144065628042 1.244091259271399 0.020865009482482495 0.017588984405440603 0.026099790343355623 0.026099790343382123 2.749286112994052 2.3036588025321354
1110.0 15.387092209132161 -4.860917378517867 65.74318302421217 -396032.29451730073 2.6271093333111157e-05 31.043541359848483 26.041419531960585 29.798414000068178 78.29337654750198 382.0123121286792 400.0 -0.005932573626861338 1.0909086724424106 1.2451273597803023 0.010935997575071231 17.343455988935723 2.8613164890902056e-08 0.03886507153592489 0.020135484983163594 0.018729574376616726 1.2587305656140968 0.021114756895011313 0.01775031464091358 0.02637484511558644 0.02637484511561776 2.7252321781845312 2.305924794318112
1120.0 15.399248791037621 -4.867729134772819 66.01936339217005 -395722.7752395253 2.6378390386565814e-05 31.132106406855037 26.058685005186813 29.87271939877134 77.99978111981581 381.47875499854126 400.0 -0.006048257378094128 1.1026635314408735 1.2593870080836937 0.011239431202202723 17.564378904679394 2.863716455171471e-08 0.03927722409653374 0.02035920724242982 0.018918004679908108 1.273457057723509 0.021365735991948312 0.017911488104585427 0.026650576876214964 0.02665057687620262 2.701610843304461 2.3082028909897345
1130.0 15.411464916506166 -4.874574627765937 66.29383982699024 -395412.9128992229 2.648712623889466e-05 31.221476317011966 26.075949393140327 29.94775037972139 77.70418234932603 380.9415779648564 400.0 -0.006165207554493254 1.1144555669112717 1.273725937290578 0.011547938449856248 17.785134693950475 2.866165906144156e-08 0.039690471651751595 0.020583712851428574 0.019106746628287433 1.2882725514814575 0.021617944178730347 0.01807252747302125 0.026926997616434516 0.026926997616384004 2.678410663749046 2.3104932251021513
1140.0 15.423741386357127 -4.8814537358409185 66.56664944571794 -395102.70456290734 2.6597338371127643e-05 31.31167396006594 26.093217313757204 30.0235280252631 77.40655244043731 380.4007375042234 400.0 -0.006283431037013811 1.1262855107029401 1.2881459348028357 0.011861430007443472 18.00562925370491 2.8686655803988516e-08 0.04010483533653934 0.020809007184144784 0.019295815982732722 1.3031788548293834 0.021871378650109644 0.0182334566864297 0.02720412002536764 0.027204120025378756 2.655620597510609 2.3127959291083813
1150.0 15.436079021849618 -4.888366342141396 66.83782860309766 -394792.14715217985 2.6709065338744094e-05 31.402722655511234 26.110493252661296 30.100073878140478 77.10686303792752 379.8561884972855 400.0 -0.006402934961068442 1.1381541172840552 1.3026487773707536 0.012179809522513615 18.225772580400896 2.8712160753487023e-08 0.04052033732840195 0.021035095970495292 0.019485229190834133 1.3181777663733294 0.022126036339447677 0.018394300988954275 0.027481957493712118 0.02748195749378363 2.6332299877035013 2.315111142307599
1160.0 15.448478665301 -4.895312334569347 67.10741292184932 -394481.2374427109 2.6822346852958585e-05 31.494646198447985 26.12778156776835 30.177409968965062 76.80508499585399 379.3078842022845 400.0 -0.0065237267252015695 1.1500621632738082 1.3172362294829234 0.012502973509454013 18.445478764835826 2.873817851024109e-08 0.04093700083700681 0.021261985297935902 0.019675003374805343 1.3332710740409233 0.022381913888679713 0.018555086948327096 0.027760524117396226 0.027760524117267295 2.6112285459950417 2.3174390069233146
1170.0 15.46094118073629 -4.902291605747994 67.37543732189118 -394169.9720630706 2.6937223820013643e-05 31.587468891773984 26.1450864935708 30.25555884997248 76.50118848642603 378.75577622538583 400.0 -0.006645813999957062 1.1620104469889532 1.331910041801503 0.01283081125339757 18.66466597789818 2.8764712335808625e-08 0.04135485009385778 0.021489681612658493 0.019865156319960487 1.3484605537826824 0.022639007671765764 0.018715842422092017 0.028039834700913764 0.02803983470092829 2.589606336887725 2.3197796704728924
1180.0 15.47346745456164 -4.909304052989122 67.64193604855085 -393858.3474934275 2.70537384052958e-05 31.681215573587497 26.162412145124584 30.33454362394729 76.19514289420397 378.1998144888293 400.0 -0.006769204736893145 1.173999788013014 1.3466719496402062 0.013163204699089232 18.883256449026373 2.8791764186965713e-08 0.041773910342401646 0.021718191721612636 0.020055706462798927 1.3637479683173455 0.022897313999506726 0.01887659634289492 0.028319904762449916 0.028319904762470215 2.5683537628018094 2.3221332836861697
1190.0 15.486058396275885 -4.916349578264881 67.90694269985504 -393546.36006408144 2.7171934083184252e-05 31.775911649148014 26.179762521751833 30.41438797767195 75.88691685787406 377.63994719558104 400.0 -0.00689390717778833 1.1860310267763254 1.3615236714760643 0.013500028340393945 19.101176436190936 2.8819334748729644e-08 0.042194207828152225 0.02194752279336167 0.020246672880273365 1.3791350659086055 0.023156828801658518 0.019037379026493703 0.028600750537396254 0.028600750537420977 2.5474615499119686 2.3245000014422375
1200.0 15.498714939210188 -4.923428088183968 68.17049025292641 -393234.0059538552 2.7291855742071954e-05 31.871583133317504 26.197141510478975 30.495116225823587 75.5764781418119 377.07612079131184 400.0 -0.007019929864056477 1.1981050241591937 1.3764669074939118 0.013841149094899316 19.318356189735713 2.8847423466130247e-08 0.042615769789365175 0.022177682359662557 0.020438075278884738 1.3946235791757873 0.023417547644720482 0.019198222144644703 0.028882388983488102 0.028882388983516034 2.5269207346934666 2.326879983036604
1210.0 15.511438041327866 -4.930539493972434 68.43261108964248 -392921.2811882397 2.7413549722418143e-05 31.9682566828343 26.21455288922644 30.57675334467443 75.26379373941924 376.50827992248696 400.0 -0.007147281646373198 1.2102226611136944 1.3915033381598718 0.014186426171517701 19.534729909999456 2.8876028574839732e-08 0.04303862444812225 0.022408678316808886 0.020629933984423462 1.4102152239333965 0.023679465758554303 0.01935915868956794 0.02916483778589005 0.029164837785922618 2.506722651138518 2.3292733935371457
1220.0 15.524228686021603 -4.937683711458689 68.69333702138387 -392608.1816375175 2.753706386516937e-05 32.065959618675834 26.23200032975627 30.659324995861965 74.94882978700517 375.9363673926921 400.0 -0.00727597169455767 1.2223848383036726 1.4066346228138666 0.014535710927186543 19.75023569890558 2.890514713049901e-08 0.04346280100189022 0.02264051892699604 0.02082226993216334 1.4259116980491209 0.02394257805365869 0.019520222948231525 0.029448115362769943 0.029448115362806403 2.4868589186010355 2.331680400046401
1230.0 15.53708788298542 -4.944860661063226 68.9526993131872 -392294.7030145879 2.7662447676322205e-05 32.16471999803572 26.24948740040004 30.742857599750916 74.63155148805731 375.3603241143402 400.0 -0.007406009507697146 1.2345924757669189 1.4218623982848042 0.014888846713299311 19.964815506816983 2.8934775036806012e-08 0.043888329615716364 0.02287321281978588 0.021015104657592126 1.4417146803253496 0.024206877151142902 0.019681452464573458 0.029732240871391653 0.02973224087143081 2.4673214302380657 2.3341011778140244
1240.0 15.550016669129436 -4.952070267792916 69.21072870723113 -391980.8408726103 2.7789752305162208e-05 32.26456661507469 26.26701756857468 30.827378337552876 74.31192312851154 374.7800890570944 400.0 -0.0075374049245669926 1.246846512598652 1.437188277521818 0.015245668710687948 20.1784150748103 2.8964907072307588e-08 0.04431524141508881 0.023106768993665493 0.021208460287713324 1.4576258293971278 0.02447235323291637 0.01984288818217245 0.030017234214775812 0.03001723421479391 2.448102342012561 2.336535903054003
1250.0 15.563016109496374 -4.959312461239553 69.46745544555075 -391666.59060261445 2.7919030676831455e-05 32.36552906555223 26.284594203090823 30.912915217319597 73.98990807430263 374.1955991944538 400.0 -0.007670168134349021 1.2591479066543474 1.4526138482326358 0.015606003752353027 20.39098387235787 2.8995536915816997e-08 0.04474356847945793 0.02334119681761257 0.02140235953300208 1.4736467826368649 0.024738999657878753 0.020004568821579173 0.030303116048853388 0.030303116048902384 2.4291940622238855 2.338984758044492
1260.0 15.576087298288243 -4.966587175583577 69.72290929239844 -391351.9474306922 2.805033762315058e-05 32.467637802106736 26.302220576278998 30.99949713056831 73.66546864697969 373.60678944399933 400.0 -0.007804309687684869 1.2714976342788284 1.46814067153843 0.015969670133184666 20.6024750321086 2.9026657170585936e-08 0.0451733438366674 0.023576506032991624 0.02159682567994015 1.489779155077518 0.025006808461638844 0.020166535375028556 0.030589907790528805 0.030589907790578984 2.410589241542337 2.3414479318308064
1270.0 15.589231359899879 -4.973894349602184 69.9771195559225 -391036.90641513653 2.8183729894263527e-05 32.57092415307432 26.319899865927397 31.08715387244504 73.33856618783744 373.0135926058691 400.0 -0.00793984050806548 1.2838966900554742 1.4837702806292852 0.016336477406843575 20.812845280862348 2.905825938709838e-08 0.04560460145816391 0.023812706755394698 0.021791882584384754 1.506024538336186 0.025275771829224584 0.02032882962893933 0.030877631626152532 0.030877631626206124 2.39228076351459 2.3439256165112607
1280.0 15.60244945001125 -4.9812339266823304 70.23011510938015 -390721.4624433498 2.8319266312968275e-05 32.67542038894222 26.337635157047867 31.17591620951838 73.00916094511645 372.41593929676657 400.0 -0.008076771903631205 1.296346086580114 1.4995041794238397 0.016706226167220388 21.02205486789872 2.909033408454107e-08 0.04603737625517295 0.02404980947679521 0.021987554665590648 1.5223844995431781 0.025545882011531674 0.02049149424364127 0.031166310520991457 0.03116631052104899 2.374261735516933 2.3464180095367397
1290.0 15.615742756749913 -4.988605854838815 70.48192441195621 -390405.61022847606 2.8457007878599837e-05 32.78115977743141 26.355429443478414 31.26581593620082 72.6772120811605 371.8137578792496 400.0 -0.008215115579362772 1.3088468542599594 1.5153438412305942 0.017078707815170624 21.23006749096455 2.9122870770970564e-08 0.04647170407589251 0.024287825067876995 0.022183866901074732 1.5388605802741548 0.025817130810612494 0.02065457326528001 0.03145596822945913 0.0314559682295186 2.356525480132556 2.3489253151374423
1300.0 15.62911250190195 -4.996010086737315 70.73257552914104 -390089.34430583654 2.8597017858205485e-05 32.88817662571457 26.3732856293265 31.356885918308826 72.34267759440772 371.2069743873792 400.0 -0.008354883649696197 1.3214000411372677 1.5312907074057494 0.01745370430877278 21.436850220078522 2.9155857962151786e-08 0.0469076217037473 0.02452676478058761 0.022380844822316958 1.5554542954800394 0.026089509668555444 0.020818112035191846 0.03174662930625326 0.03174662930631697 2.339065526928965 2.3514477415509294
1310.0 15.64255994218453 -5.003380934380666 70.97600140356717 -389774.3093379216 2.8739361918045013e-05 32.996470027211245 26.391170209393398 31.44912384120546 72.00551432391212 370.66332100055615 400.0 -0.008496088651675652 1.3340067127390551 1.5473461860057858 0.01783098789623393 21.642373419585653 2.9189283199083198e-08 0.04734516685678877 0.02476664025095396 0.022578514511344787 1.5721671324133328 0.026363009544139865 0.020982157312648925 0.03203831911847449 0.03203831911854162 2.321875604614766 2.3539889452318596
1320.0 15.656086370590817 -5.010573018919063 71.19873397220734 -389464.47299860313 2.8884108253190767e-05 33.10599897801614 26.409008332746605 31.542487327582915 71.66567780649594 370.3333076989221 400.0 -0.008638743558542857 1.3466679519540532 1.563511650433229 0.018210320830570892 21.846610668830632 2.922313306423013e-08 0.04778437818832237 0.02500746350218141 0.022776902598261168 1.5890005495496606 0.02663762095982058 0.021146757228501796 0.03233106385877994 0.03233106385885019 2.3049496335562143 2.3565565139601485
1330.0 15.669693117804801 -5.017795650796305 71.42023561590209 -389154.7665082233 2.903132772967994e-05 33.21691878560403 26.426920130269497 31.637130347531663 71.32312237561376 370.0009060981757 400.0 -0.008782861793933852 1.3593848589375586 1.579788438072366 0.018591455064747086 22.049538681688144 2.9257393196464694e-08 0.04822529528882965 0.025249246948065584 0.02297603625975511 1.6059559755014852 0.0269133339883196 0.02131196130051005 0.03262489055966105 0.03262489055973467 2.2882817186344626 2.3591395548083733
1340.0 15.683381553691525 -5.0250487736037925 71.64053047654043 -388845.1890017965 2.9181093991002922e-05 33.32926842500409 26.44490803477628 31.733090576091822 70.97780094746966 369.6660790130169 400.0 -0.008928457246623823 1.372158551045213 1.596177848912262 0.018974131926091185 22.251137225228632 2.9292048304715498e-08 0.0486679586892646 0.02549200339674003 0.023175943218650175 1.6230348079216617 0.027190138157073933 0.021477820532190668 0.03291982710891679 0.03291982710899307 2.2718661424259428 2.361738309210212
1350.0 15.697153088851074 -5.032332334947619 71.85964231972716 -388535.7395440045 2.9333483647261548e-05 33.44308826163816 26.462974398897632 31.830407117485375 70.62966512964012 369.3287879475267 400.0 -0.009075544285938344 1.3849901627957448 1.612681144152781 0.019358081768500932 22.451389037632953 2.932708218031926e-08 0.04911240986577376 0.02573574605476075 0.023376651744540074 1.640238412392561 0.027468022541651906 0.021644387324121845 0.033215902266386176 0.033215902266464904 2.2556973586885594 2.364353028459605
1360.0 15.711009176289595 -5.039646286471739 72.07759455059451 -388226.41712874186 2.948857642637613e-05 33.55842010862601 26.481121495493145 31.929120563829027 70.27866500361083 368.9889930504708 400.0 -0.00922413777783139 1.3978808458669525 1.6292995447969816 0.01974302360156524 22.650279746027458 2.9362477708132248e-08 0.04955869124601481 0.025980488531634365 0.023578190655579145 1.6575681213054538 0.027746975637320502 0.021811715608694302 0.033513145682087055 0.03351314568216922 2.2397699861404607 2.3669839677889297
1370.0 15.724951313146446 -5.046990583885982 72.29441022926243 -387917.2206786623 2.9646455336576716e-05 33.6753073188506 26.499351517947204 32.029273088632046 69.92474921149488 368.6466530686276 400.0 -0.0093742531016816 1.4108317691219685 1.6460342302185555 0.020128664694305874 22.847797783861726 2.9398216876315302e-08 0.05000684621704135 0.026226244844716064 0.02378058932146917 1.6750252327178967 0.02802698539381157 0.02197986082322978 0.03381158791578205 0.03381158791586557 2.2240788025135383 2.3696313907522257
1380.0 15.738981042548367 -5.054365186998634 72.51011208608263 -387608.1490445352 2.9807206875605033e-05 33.79379487428784 26.517666580360675 32.13090853757734 69.56786478342362 368.3017252959324 400.0 -0.00952590616791387 1.4238441186714175 1.6628863367105045 0.020514700152709793 23.04393430861077 2.9434280784880208e-08 0.050456919134968616 0.026473029424604794 0.023983877667729914 1.6926110091970454 0.02830803919931448 0.022148879935654134 0.03411126045813586 0.03411126045822389 2.208618738871019 2.372295567910045
1390.0 15.753099955542604 -5.061770059754148 72.72472253660938 -387299.2010045643 2.997092117659618e-05 33.913929455261524 26.536068717631746 32.234072499257174 69.2079570743611 367.9541655202732 400.0 -0.009679113436425751 1.4369190979694837 1.6798569560043486 0.020900812468543247 23.238683119519603 2.9470649652906843e-08 0.05090895533642155 0.02672085712099729 0.024188086181293166 1.7103266766375826 0.02859012378205742 0.02231883155436412 0.03441219575353485 0.03441219575362509 2.1933848741735837 2.3749767732181635
1400.0 15.767309693143643 -5.069205170275956 72.93826369637162 -386990.3752635765 3.0137692263982144e-05 34.03575957678007 26.55455988543187 32.33881244301929 68.84496982635204 367.6039279664902 400.0 -0.009833891935942588 1.4500579279472177 1.6969471337607724 0.02128667103803414 23.43204057579826 2.950730282446388e-08 0.051363001151917775 0.026969743209057435 0.024393245917516317 1.7281734230561923 0.028873225284693244 0.02248977586722454 0.034714427224679295 0.03471442722477383 2.178372430083162 2.37767529263025
1410.0 15.781611948514598 -5.0766704909145695 73.15075739550015 -386681.67045204045 3.0307618274613543e-05 34.159335676898735 26.573141960080314 32.44517780886817 68.47884492942552 367.25096523546205 400.0 -0.009990259284348504 1.463261847186154 1.7141578680305647 0.02167193164831578 23.62400551555285 2.9544218773228908e-08 0.051819103921338906 0.02721970339638624 0.024599388508683765 1.7461523973622952 0.029157329139044782 0.022661774782294135 0.035017989299134106 0.03501798929923143 2.1635767659935317 2.3803914185997535
1420.0 15.79600846925757 -5.084165998301406 73.36222519318531 -386373.0851249994 3.048080166531262e-05 34.284710223705645 26.59181673831201 32.55322011602839 68.1095224274801 366.8952282395062 400.0 -0.01014823371006494 1.4765321121316692 1.7314901076772582 0.02205623592919006 23.814579175297684 2.9581375105738047e-08 0.05227731201153821 0.027470753830554636 0.024806546174081717 1.764264708096334 0.02944242009530878 0.022834891916229436 0.035322917437894286 0.03532291743799378 2.1489933742753418 2.3831254508217223
1430.0 15.810501059837893 -5.0916916734085245 73.57268839202273 -386064.61776086764 3.0657349490785834e-05 34.4119378467379 26.610585936941753 32.66299309597779 67.73694042406143 366.53666613376305 400.0 -0.010307834074566886 1.489869997349491 1.748944750760111 0.022439210767864246 24.003765110338634 2.9618748563256976e-08 0.05273767483625298 0.027722911107282228 0.02501475173173192 1.7825114221352116 0.029728482175362756 0.023009192660890222 0.03562924816615421 0.03562924816625654 2.134617875726157 2.3858776979679113
1440.0 15.825091584161548 -5.099247501614456 73.782168052296 -385756.2667600448 3.0837373678615194e-05 34.54107546647164 26.629451192425662 32.77455282359672 67.36103498283927 366.17522624272283 400.0 -0.01046907989608757 1.5032767958284743 1.7665226428749203 0.02282046768417506 24.191569116219014 2.9656315022249764e-08 0.053200242878487514 0.02797619227931862 0.02522403861189316 1.8008935633632877 0.030015498597166908 0.023184744281320606 0.03593701910644384 0.03593701910654933 2.1204460152163764 2.3886484777177004
1450.0 15.839781968301034 -5.106833472776655 73.99068500620388 -385448.030443393 3.1020991322046265e-05 34.67218243534036 26.64841406031636 32.88795785989449 66.98174005132185 365.8108539824387 400.0 -0.010631991374704261 1.5167538193311578 1.7842245754458668 0.02319960216329065 24.377999151215832 2.9694049493377796e-08 0.05366506771548917 0.028230614866050344 0.025434440872430582 1.8194121113025112 0.03030345181579746 0.023361615899691712 0.036246269014280956 0.036246269014389855 2.106473657521325 2.3914381176409023
1460.0 15.85457420339016 -5.114449581310733 74.19825987208144 -385139.90705052216 3.120832498604887e-05 34.80532067628618 26.667476014611722 33.00326939232129 66.59898730961793 365.44349277729765 400.0 -0.010796589418737191 1.5303023987956954 1.8020512839648857 0.02357619294286069 24.5630652600619 2.9731926118985177e-08 0.05413220204650856 0.028486196863903718 0.025645993216172825 1.8380679996992215 0.03059232338440332 0.023539878662105225 0.03655703781654197 0.03655703781665385 2.0926967833314483 2.394246952991017
1470.0 15.869470348687642 -5.122095826277042 74.40491306863001 -384831.89473792014 3.139950305277895e-05 34.940554858634265 26.68663844699313 33.12055141246255 66.21270616519655 365.0730839716491 400.0 -0.010962895672759565 1.5439238847913046 1.820003446171715 0.02394980125113006 24.74677949889317 2.9769918168998003e-08 0.054601699723497175 0.02874295675757785 0.025858731010376886 1.8568621150613587 0.030882094001509562 0.02371960572198761 0.03686936665273154 0.036869366652844925 2.0791114854320796 2.397075331171272
1480.0 15.884472534847596 -5.129772211474875 74.61066482923304 -384523.99157683534 3.159466011538516e-05 35.07795257376822 26.705902665953882 33.23987089359603 65.82282353755103 364.69956673556294 400.0 -0.011130932547218761 1.557619648032725 1.8380816801721966 0.024319969992550317 24.92915586167421 2.9807998035185415e-08 0.05507361578500478 0.02900091353221266 0.026072690308457255 1.8757952951450714 0.031172743412920135 0.02390087237208464 0.03718329791940838 0.037183297919524544 2.065713965046361 2.399923610656559
1490.0 15.899582967390776 -5.1374787455448425 74.81553521636246 -384216.1955509551 3.179393731820034e-05 35.21758450158309 26.72526989581121 33.361297959097286 65.42926380601057 364.3228779639147 400.0 -0.011300723249819542 1.571391079955878 1.8562865424858055 0.024686222876623243 25.110210208021577 2.984613722367954e-08 0.055548006493447655 0.029260086686527582 0.026287907874115637 1.8948683273823301 0.031464250349027396 0.02408375614442026 0.03749887531798398 0.03749887531810316 2.0525005283333435 2.4027921597856507
1500.0 15.914803930380081 -5.145215442079989 75.01954413609504 -383908.50455389783 3.199748282308647e-05 35.35952462928653 26.744741275594752 33.48490610327359 65.03194865111374 363.9429521694218 400.0 -0.011472291818847204 1.5852395933576715 1.8746185260129469 0.025048063485553336 25.2899601924068 2.988430634563862e-08 0.05602492937594902 0.029520496246972526 0.026504421208030378 1.9140819472408683 0.03175659255189279 0.024268336824056238 0.03781614390611962 0.03781614390624258 2.0394675830341003 2.4056813593193005
1510.0 15.93013779037102 -5.152982319746053 75.2227113528693 -383600.9163863534 3.220545226566963e-05 35.50385046374323 26.76431785781568 33.61077240582004 64.63079689468779 363.55972136786545 400.0 -0.011645663158592355 1.5991666231092816 1.893078057923187 0.025404974276237377 25.468425195140135 2.9922475106007627e-08 0.05650444326916028 0.02978216278307593 0.026722268577329587 1.9334368365198984 0.03204974659290699 0.024454696676253287 0.038135150153110656 0.038135150153236624 2.0266116352619563 2.4085916018662292
1520.0 15.945587000585943 -5.160779402411649 75.42505650441228 -383293.4287530364 3.2418009220892164e-05 35.650643262876905 26.784000607098076 33.738977765432324 64.22572445685175 363.17311495575876 400.0 -0.011820863076940233 1.613173626941763 1.9116654974445766 0.025756415510800986 25.64562625471389 2.9960612290170685e-08 0.05698660836816109 0.030045107423942265 0.02694148904799385 1.95293362156162 0.03234368794931061 0.02464292041885048 0.038455941999443286 0.038455941999571544 2.013929286427948 2.4115232939656948
1530.0 15.961154105390497 -5.168606719288963 75.62659911697888 -382986.03925928153 3.2635325781868606e-05 35.79998829673878 26.8037903986751 33.86960716318483 63.81664408767703 362.7830595795933 400.0 -0.011997918325502118 1.6272620863146512 1.9303811335539482 0.026101824110278053 25.82158600190912 2.999868574841909e-08 0.05747148627991268 0.030309351876104583 0.02716212252045688 1.9725728713809154 0.0326383908255498 0.02483309545436288 0.03877856892097352 0.03877856892110283 2.001417230298561 2.4144768556712632
1540.0 15.976841745068889 -5.176464305085735 75.82735862091194 -382678.74540731777 3.285758311418878e-05 35.95197511337042 26.82368801673726 34.00274993081686 63.40346524964179 362.38947899572184 400.0 -0.012176856642301306 1.6414335073713937 1.949225182553568 0.026440612424871626 25.996328595512082 3.003666237804579e-08 0.057959140081542945 0.03057491844278487 0.02738420976863035 1.9923550956995906 0.03293382815864554 0.025025311922897392 0.03910308199805608 0.0391030819981877 1.9890722501794904 2.417452720934171
1550.0 15.99265266092366 -5.18435220016936 76.02735436657908 -382371.5445921959 3.308497209860489e-05 36.10669784321248 26.843694152623414 34.13850005768945 62.98609394418047 361.99229392050296 400.0 -0.012357706797406345 1.65568942198838 1.9681977855230277 0.026772166913750263 26.169879659664502 3.0074508102894464e-08 0.0584496343838479 0.030841830044680992 0.027607792482618375 2.0122807428757 0.033229971506494003 0.02521966287735389 0.03942953399004583 0.039429533990180815 1.9768912162207306 2.420451339335186
1560.0 16.008589700736533 -5.19227045074399 76.22660564075996 -382064.4340973105 3.331769399534256e-05 36.264255519916226 26.86380940284489 34.2769565142814 62.56443258609588 361.59142187001584 400.0 -0.012540498641612104 1.670031388925878 1.987299005634822 0.02709584672672039 26.342266222894096 3.011218785016791e-08 0.05894303540046126 0.031110110242419338 0.027832913315434433 2.032350197718307 0.033526790979934856 0.02541624442052639 0.039757979415639896 0.039757979415776 1.9648710828389415 2.423473177805401
1570.0 16.024655824607407 -5.200219109041637 76.42513168352625 -381757.41108951665 3.355596122665084e-05 36.42475242865098 26.88403426692826 34.41822360333355 62.13837964037696 361.1867769875661 400.0 -0.012725263158540388 1.684460995087779 2.006528825317434 0.027410982179188033 26.513516658743356 3.01496655242637e-08 0.059439411023117686 0.031379783260782446 0.028059615934037073 2.0525637791731746 0.03382425516396457 0.025615155859153117 0.04008847463953393 0.04008847463967455 1.9530088862524657 2.4265187180427312
1580.0 16.040854111239106 -5.208198233528425 76.62295170574038 -381450.47261371766 3.3799998146457204e-05 36.58829848672312 26.90436914506869 34.56241134346713 61.70782955556048 360.7782698590787 400.0 -0.012912032520480371 1.6989798569028203 2.0258871432559826 0.02771687311100937 26.68366062815772 3.018690397741588e-08 0.05993883090364406 0.03165087401494111 0.028287945075089013 2.072921737872206 0.03412233099593433 0.02581649990770972 0.04042107796603817 0.04042107796619915 1.941301742126627 2.4295884601634485
1590.0 16.057187764642592 -5.2162078891270856 76.82008490714463 -381143.61558703106 3.405004195635382e-05 36.75500967234892 26.92481433556718 34.709635901146164 61.27267249296734 360.3658073143431 400.0 -0.013100840148175186 1.713589621831107 2.0453737712027547 0.028012787118434426 26.852729023295407 3.0223864976812016e-08 0.06044136654305232 0.03192340813874963 0.028517946605754827 2.093424253520069 0.03442098372535718 0.026020382817695142 0.04075584974016434 0.040755849740310504 1.929746843323321 2.4326829245602037
1600.0 16.073660121394763 -5.2242481474572395 77.01655049527545 -380836.8367922658 3.430634365944388e-05 36.925008470897005 26.94537003204953 34.86002004030404 60.8327940665043 359.9492922133282 400.0 -0.013291720775109164 1.728291970016137 2.0649884305929667 0.028297957648552037 27.02075391309868 3.026050916795003e-08 0.06094709138866129 0.032197412015384626 0.02874966759018387 2.114071432117421 0.03472017673188846 0.02622691465677283 0.041092852456911785 0.04109285245705949 1.9183414577554745 2.4358026517320526
1610.0 16.09027465838759 -5.232319087094703 77.21236770511531 -380530.132870912 3.4569169095226605e-05 37.09842435365778 26.96603632042837 35.013693604730975 60.38807504131464 359.5286232167013 400.0 -0.013484710516534038 1.743088616084516 2.0847307489268068 0.028571581941676645 27.1877684901758 3.029679603379292e-08 0.06145608093963023 0.03247291281048581 0.028983156361903135 2.1348633029827897 0.03501987147050444 0.026436209469125782 0.04143215087956888 0.041432150879721755 1.9070829263392486 2.4389482006610534
1620.0 16.107035001225146 -5.240420793851712 77.407555819759 -380223.5003153269 3.483880013846067e-05 37.27539436463848 26.986813175604485 35.17079410872721 59.938391156132525 359.10369453708006 400.0 -0.013679846943775581 1.7579813111177227 2.104600255911272 0.028832818808977007 27.353807019300977 3.033268384942588e-08 0.0619684128620325 0.03274993850807731 0.02921846260296968 2.1557998155713642 0.03532002733351228 0.026648385528520224 0.04177381216782415 0.041773812167979665 1.8959686610457591 2.4421201576260367
1630.0 16.123944933246957 -5.2485533610797175 77.60213419207383 -379916.9354602385 3.511553592516091e-05 37.45606367077605 27.007700457867056 35.331467291454764 59.48361268275799 358.67439567222283 400.0 -0.013877169164395391 1.7729718448035003 2.1245963793212845 0.02908078622845579 27.518904787140787 3.0368129631706375e-08 0.062484167114099085 0.033028517949454134 0.029455637430327475 2.1768808360521086 0.035620601473798696 0.026863565640300388 0.042117906016609724 0.04211790601676527 1.8849961430470372 2.4453191294725074
1640.0 16.141008405286463 -5.256716889996909 77.79612226755307 -379610.4344733783 3.53996942643684e-05 37.64058623689257 27.02869790897334 35.495867796334316 59.02360414972053 358.24061111547246 400.0 -0.014076717908602595 1.7880620477892297 2.144718440558253 0.029314558741679715 27.683098053299357 3.04030890834598e-08 0.06300342608278556 0.033308680875395576 0.029694733490161294 2.198106143625894 0.03592154873885173 0.027081877343933847 0.04246450480680396 0.042464504806962566 1.874162920956228 2.4485457489007163
1650.0 16.15822954621145 -5.2649114900426595 77.98953960845829 -379303.9933452139 3.569161315464538e-05 37.82912554336794 27.04980514787015 35.66415989350013 58.55822402014737 357.8022200433262 400.0 -0.014278535622707715 1.803253794254127 2.164965649867812 0.029533164631266453 27.84642400245378 3.0437516531648636e-08 0.06352627473268772 0.03359045797197807 0.02993580506099923 2.2194754265499084 0.03622282142422816 0.02730345330845957 0.04281368376892309 0.04281368376908212 1.8634666091596477 2.4518006767950875
1660.0 16.175612674344205 -5.273137279261466 78.1824059194334 -378997.60787763627 3.599165249069174e-05 38.0218553772656 27.07102166602412 35.83651827608363 58.08732422897829 357.35909597648606 400.0 -0.01448266657023213 1.8185490047241564 2.185337101181971 0.029735582856873034 28.008920697490943 3.047136485891131e-08 0.06405280076862097 0.03387388092036782 0.030178908166499645 2.24098827783835 0.036524369222014894 0.027528431546606075 0.04316552116114294 0.043165521161306085 1.8529048862403226 2.455084602471285
1670.0 16.19316230984657 -5.281394384719306 78.37474107475363 -378691.27367150673 3.630019592474252e-05 38.21896071030367 27.092346822318525 36.01312894376129 57.61074978485423 356.91110641222446 400.0 -0.014689156941578142 1.8339496491541551 2.2058317665423837 0.029920739724343528 28.170627033470165 3.0504585427767326e-08 0.06458309481326678 0.03415898245101469 0.030424100698903736 2.262644190601005 0.03682614018366623 0.027756954629600546 0.043520098463177066 0.04352009846334194 1.8424754934921777 2.458398246635634
1680.0 16.210883188149065 -5.289682942955373 78.56656514736329 -378384.98611297796 3.661765281035497e-05 38.42063859856143 27.11377983746607 36.19419010850853 57.12833833503787 356.4581124253079 400.0 -0.014898054972958862 1.8494577503019916 2.226448490052908 0.030087505260093933 28.331582692115397 3.05371279967013e-08 0.06511725060137011 0.0344457964026198 0.030671442554265307 2.284442552972888 0.03712807832938604 0.02798917227198407 0.043877500587572234 0.04387750058774047 1.832176233523807 2.4617423568351375
1690.0 16.228780274590168 -5.298003100473114 78.75789844000583 -378078.7403583283 3.694446103742747e-05 38.62709959404894 27.135319787893945 36.37991361273286 56.63991966194395 355.99996823324693 400.0 -0.015109411075851602 1.8650753874330301 2.2471859813160866 0.030234689258377773 28.491828096782843 3.056894062725203e-08 0.06565536519251597 0.03473435778653515 0.03092099578082783 2.3063826425966765 0.03743012352975661 0.02822524166275936 0.04423781611051176 0.04423781611068098 1.8220049689540327 2.465117746926191
1700.0 16.246858780311495 -5.306355014274125 78.94876151854753 -377772.53131733555 3.728108737460206e-05 38.838567547654364 27.15696559902614 36.57052473937649 56.145315031960976 355.5365207237186 400.0 -0.015323277977843877 1.8808047003796886 2.2680428082778783 0.030361036966088058 28.651404367347762 3.059996958108193e-08 0.06619753920414517 0.03502470285695439 0.031172824741849445 2.3284636205874687 0.03773221208886429 0.0284653271152809 0.044601137523976535 0.044601137524150056 1.8119596211968556 2.468525148847319
1710.0 16.265124179649746 -5.3147388524399695 79.13917524792902 -377466.3536347795 3.7628038473742224e-05 39.055286094358685 27.178716037911805 36.76626870493138 55.64433678522765 355.0676089370721 400.0 -0.015539710876402907 1.8966478940088771 2.289017389427313 0.030465224363502026 28.810353274982837 3.063015920591276e-08 0.06674387706754277 0.0353168691877927 0.031426996294711386 2.3506845249359 0.03803427620561231 0.028709600861930456 0.04496756151201233 0.04496756151218708 1.8020381693406553 2.4719657657707823
1720.0 16.28358222911938 -5.323154794766691 79.32916083093343 -377160.2016700292 3.7985833625880934e-05 39.27750091660099 27.20056970510879 36.96739293134164 55.13678751533482 354.5930635020609 400.0 -0.015758767606859934 1.912607243133819 2.3101079852593487 0.030545852995270677 28.968717196200217 3.065945180901504e-08 0.06729448730909654 0.03561089575680189 0.03168357998806169 2.373044263265008 0.038336243778851066 0.028958243530245446 0.04533718925359715 0.04533718925377422 1.7922386491208562 2.475439270776703
1730.0 16.302238988199818 -5.331603033457947 79.5187398501654 -376854.06947440334 3.835512137278711e-05 39.50553329644131 27.222525025738136 37.17422060752629 54.62245946154463 354.11270601675983 400.0 -0.015980508826308096 1.9286850979259915 2.331312688915021 0.030601444298569834 29.12653906579436 3.068778751678199e-08 0.06784948285993458 0.03590682303784725 0.03194264827917587 2.3955416048649303 0.03863803809410964 0.029211444765824945 0.04571012675536107 0.045710126755540925 1.782559151989605 2.47895118849652
1740.0 16.3211008421258 -5.340083773883299 79.70793431361399 -376547.95076606475 3.8736261800394565e-05 39.73951200067305 27.244580239604623 37.38688258478034 54.10113368491924 353.62634837062467 400.0 -0.016204998215334856 1.9448838898845209 2.352629415892709 0.030630433368537158 29.283862328094568 3.071510411870518e-08 0.06840898139727211 0.03620469310224599 0.032204276773965104 2.418175171909654 0.03893957741186219 0.02946940398540994 0.04608648521765035 0.04608648521783308 1.772997824285246 2.4824856344359403
