#T volume alpha alpha_xx alpha_yy alpha_zz alpha_yz alpha_zy alpha_xz alpha_zx alpha_xy alpha_yx
0.0  14.402882   0.0000e+00   4.2868e-09   5.8762e-09   7.6592e-09   5.6188e-10   1.1158e-09  -8.1401e-10  -1.8319e-09   4.1863e-11   6.7296e-10
10.0  14.402909   2.2863e-07   1.6760e-07   2.2696e-07   2.9163e-07   2.0187e-08   4.0146e-08  -2.8591e-08  -6.3596e-08   2.7212e-09   2.6445e-08
20.0  14.403177   1.1279e-06   8.2653e-07   1.1196e-06   1.4390e-06   9.9734e-08   1.9833e-07  -1.4132e-07  -3.1444e-07   1.3310e-08   1.3040e-07
30.0  14.403949   2.4829e-06   1.8186e-06   2.4643e-06   3.1689e-06   2.2007e-07   4.3760e-07  -3.1209e-07  -6.9467e-07   2.8902e-08   2.8687e-07
40.0  14.405341   3.9617e-06   2.8991e-06   3.9313e-06   5.0596e-06   3.5263e-07   7.0112e-07  -5.0079e-07  -1.1155e-06   4.4969e-08   4.5716e-07
50.0  14.407369   5.4106e-06   3.9543e-06   5.3676e-06   6.9166e-06   4.8454e-07   9.6327e-07  -6.8951e-07  -1.5376e-06   5.9146e-08   6.2324e-07
60.0  14.410006   6.7727e-06   4.9415e-06   6.7166e-06   8.6683e-06   6.1129e-07   1.2150e-06  -8.7206e-07  -1.9473e-06   7.0360e-08   7.7829e-07
70.0  14.413209   8.0286e-06   5.8462e-06   7.9589e-06   1.0291e-05   7.3148e-07   1.4536e-06  -1.0465e-06  -2.3405e-06   7.8154e-08   9.1996e-07
80.0  14.416933   9.1733e-06   6.6644e-06   9.0893e-06   1.1778e-05   8.4477e-07   1.6783e-06  -1.2124e-06  -2.7162e-06   8.2380e-08   1.0476e-06
90.0  14.421129   1.0208e-05   7.3973e-06   1.0109e-05   1.3130e-05   9.5123e-07   1.8893e-06  -1.3696e-06  -3.0742e-06   8.3084e-08   1.1612e-06
100.0  14.425750   1.1138e-05   8.0489e-06   1.1024e-05   1.4354e-05   1.0512e-06   2.0872e-06  -1.5185e-06  -3.4148e-06   8.0448e-08   1.2615e-06
110.0  14.430755   1.1970e-05   8.6253e-06   1.1840e-05   1.5458e-05   1.1451e-06   2.2729e-06  -1.6594e-06  -3.7388e-06   7.4733e-08   1.3494e-06
120.0  14.436102   1.2713e-05   9.1333e-06   1.2568e-05   1.6453e-05   1.2334e-06   2.4473e-06  -1.7927e-06  -4.0470e-06   6.6248e-08   1.4259e-06
130.0  14.441755   1.3377e-05   9.5802e-06   1.3215e-05   1.7350e-05   1.3166e-06   2.6116e-06  -1.9190e-06  -4.3403e-06   5.5318e-08   1.4921e-06
140.0  14.447682   1.3969e-05   9.9732e-06   1.3792e-05   1.8158e-05   1.3954e-06   2.7668e-06  -2.0388e-06  -4.6196e-06   4.2261e-08   1.5491e-06
150.0  14.453855   1.4499e-05   1.0319e-05   1.4306e-05   1.8889e-05   1.4701e-06   2.9139e-06  -2.1525e-06  -4.8858e-06   2.7381e-08   1.5980e-06
160.0  14.460249   1.4975e-05   1.0624e-05   1.4766e-05   1.9552e-05   1.5412e-06   3.0538e-06  -2.2606e-06  -5.1395e-06   1.0955e-08   1.6397e-06
170.0  14.466841   1.5403e-05   1.0893e-05   1.5178e-05   2.0154e-05   1.6092e-06   3.1872e-06  -2.3634e-06  -5.3815e-06  -6.7655e-09   1.6751e-06
180.0  14.473613   1.5789e-05   1.1132e-05   1.5549e-05   2.0702e-05   1.6743e-06   3.3150e-06  -2.4613e-06  -5.6123e-06  -2.5556e-08   1.7049e-06
190.0  14.480547   1.6139e-05   1.1344e-05   1.5884e-05   2.1204e-05   1.7370e-06   3.4376e-06  -2.5545e-06  -5.8325e-06  -4.5218e-08   1.7298e-06
200.0  14.487630   1.6457e-05   1.1534e-05   1.6188e-05   2.1665e-05   1.7973e-06   3.5557e-06  -2.6433e-06  -6.0423e-06  -6.5579e-08   1.7503e-06
210.0  14.494849   1.6748e-05   1.1705e-05   1.6465e-05   2.2090e-05   1.8557e-06   3.6697e-06  -2.7278e-06  -6.2422e-06  -8.6484e-08   1.7670e-06
220.0  14.502193   1.7015e-05   1.1860e-05   1.6718e-05   2.2482e-05   1.9122e-06   3.7799e-06  -2.8082e-06  -6.4323e-06  -1.0780e-07   1.7802e-06
230.0  14.509652   1.7261e-05   1.2000e-05   1.6951e-05   2.2846e-05   1.9670e-06   3.8868e-06  -2.8847e-06  -6.6130e-06  -1.2941e-07   1.7904e-06
240.0  14.517217   1.7488e-05   1.2129e-05   1.7166e-05   2.3184e-05   2.0203e-06   3.9906e-06  -2.9573e-06  -6.7842e-06  -1.5121e-07   1.7979e-06
250.0  14.524882   1.7700e-05   1.2248e-05   1.7366e-05   2.3498e-05   2.0722e-06   4.0915e-06  -3.0262e-06  -6.9461e-06  -1.7311e-07   1.8028e-06
260.0  14.532641   1.7897e-05   1.2359e-05   1.7552e-05   2.3793e-05   2.1228e-06   4.1897e-06  -3.0913e-06  -7.0989e-06  -1.9502e-07   1.8056e-06
270.0  14.540486   1.8082e-05   1.2462e-05   1.7726e-05   2.4068e-05   2.1722e-06   4.2855e-06  -3.1527e-06  -7.2424e-06  -2.1689e-07   1.8063e-06
280.0  14.548414   1.8256e-05   1.2561e-05   1.7891e-05   2.4326e-05   2.2204e-06   4.3789e-06  -3.2105e-06  -7.3767e-06  -2.3863e-07   1.8052e-06
290.0  14.556420   1.8420e-05   1.2654e-05   1.8046e-05   2.4569e-05   2.2676e-06   4.4701e-06  -3.2646e-06  -7.5018e-06  -2.6020e-07   1.8024e-06
300.0  14.564501   1.8576e-05   1.2744e-05   1.8193e-05   2.4797e-05   2.3137e-06   4.5592e-06  -3.3150e-06  -7.6176e-06  -2.8155e-07   1.7980e-06
310.0  14.572652   1.8724e-05   1.2832e-05   1.8334e-05   2.5012e-05   2.3589e-06   4.6464e-06  -3.3619e-06  -7.7240e-06  -3.0262e-07   1.7921e-06
320.0  14.580871   1.8865e-05   1.2917e-05   1.8469e-05   2.5214e-05   2.4031e-06   4.7315e-06  -3.4050e-06  -7.8210e-06  -3.2337e-07   1.7849e-06
330.0  14.589156   1.9001e-05   1.3001e-05   1.8599e-05   2.5405e-05   2.4464e-06   4.8148e-06  -3.4444e-06  -7.9085e-06  -3.4377e-07   1.7764e-06
340.0  14.597503   1.9131e-05   1.3084e-05   1.8725e-05   2.5585e-05   2.4888e-06   4.8963e-06  -3.4801e-06  -7.9863e-06  -3.6377e-07   1.7667e-06
350.0  14.605911   1.9256e-05   1.3168e-05   1.8847e-05   2.5755e-05   2.5303e-06   4.9759e-06  -3.5121e-06  -8.0544e-06  -3.8334e-07   1.7559e-06
360.0  14.614378   1.9377e-05   1.3251e-05   1.8965e-05   2.5915e-05   2.5710e-06   5.0538e-06  -3.5402e-06  -8.1125e-06  -4.0246e-07   1.7440e-06
370.0  14.622902   1.9495e-05   1.3336e-05   1.9081e-05   2.6066e-05   2.6108e-06   5.1300e-06  -3.5645e-06  -8.1605e-06  -4.2108e-07   1.7310e-06
380.0  14.631482   1.9609e-05   1.3421e-05   1.9195e-05   2.6208e-05   2.6498e-06   5.2044e-06  -3.5848e-06  -8.1983e-06  -4.3919e-07   1.7171e-06
390.0  14.640116   1.9721e-05   1.3508e-05   1.9306e-05   2.6341e-05   2.6880e-06   5.2772e-06  -3.6012e-06  -8.2256e-06  -4.5675e-07   1.7021e-06
400.0  14.648804   1.9829e-05   1.3597e-05   1.9417e-05   2.6467e-05   2.7253e-06   5.3482e-06  -3.6135e-06  -8.2423e-06  -4.7373e-07   1.6862e-06
410.0  14.657544   1.9936e-05   1.3689e-05   1.9526e-05   2.6584e-05   2.7618e-06   5.4176e-06  -3.6218e-06  -8.2483e-06  -4.9012e-07   1.6695e-06
420.0  14.666336   2.0040e-05   1.3783e-05   1.9634e-05   2.6693e-05   2.7975e-06   5.4852e-06  -3.6258e-06  -8.2432e-06  -5.0588e-07   1.6518e-06
430.0  14.675179   2.0143e-05   1.3880e-05   1.9741e-05   2.6795e-05   2.8323e-06   5.5512e-06  -3.6256e-06  -8.2269e-06  -5.2099e-07   1.6332e-06
440.0  14.684072   2.0244e-05   1.3980e-05   1.9849e-05   2.6890e-05   2.8664e-06   5.6154e-06  -3.6211e-06  -8.1991e-06  -5.3543e-07   1.6138e-06
450.0  14.693015   2.0344e-05   1.4083e-05   1.9956e-05   2.6977e-05   2.8995e-06   5.6780e-06  -3.6121e-06  -8.1597e-06  -5.4917e-07   1.5935e-06
460.0  14.702007   2.0442e-05   1.4190e-05   2.0063e-05   2.7057e-05   2.9319e-06   5.7387e-06  -3.5986e-06  -8.1084e-06  -5.6220e-07   1.5724e-06
470.0  14.711047   2.0540e-05   1.4301e-05   2.0170e-05   2.7130e-05   2.9634e-06   5.7978e-06  -3.5806e-06  -8.0449e-06  -5.7447e-07   1.5504e-06
480.0  14.720136   2.0637e-05   1.4416e-05   2.0278e-05   2.7195e-05   2.9940e-06   5.8550e-06  -3.5579e-06  -7.9690e-06  -5.8598e-07   1.5276e-06
490.0  14.729274   2.0732e-05   1.4536e-05   2.0386e-05   2.7254e-05   3.0237e-06   5.9104e-06  -3.5303e-06  -7.8804e-06  -5.9670e-07   1.5040e-06
500.0  14.738459   2.0828e-05   1.4660e-05   2.0495e-05   2.7305e-05   3.0525e-06   5.9640e-06  -3.4979e-06  -7.7788e-06  -6.0661e-07   1.4795e-06
510.0  14.747692   2.0923e-05   1.4789e-05   2.0605e-05   2.7350e-05   3.0805e-06   6.0158e-06  -3.4605e-06  -7.6640e-06  -6.1567e-07   1.4542e-06
520.0  14.756973   2.1017e-05   1.4922e-05   2.0717e-05   2.7387e-05   3.1075e-06   6.0657e-06  -3.4180e-06  -7.5357e-06  -6.2388e-07   1.4281e-06
530.0  14.766301   2.1112e-05   1.5061e-05   2.0829e-05   2.7417e-05   3.1336e-06   6.1136e-06  -3.3703e-06  -7.3935e-06  -6.3119e-07   1.4011e-06
540.0  14.775677   2.1206e-05   1.5206e-05   2.0943e-05   2.7440e-05   3.1587e-06   6.1596e-06  -3.3173e-06  -7.2371e-06  -6.3760e-07   1.3732e-06
550.0  14.785101   2.1300e-05   1.5356e-05   2.1058e-05   2.7456e-05   3.1828e-06   6.2036e-06  -3.2588e-06  -7.0663e-06  -6.4307e-07   1.3445e-06
560.0  14.794572   2.1394e-05   1.5512e-05   2.1175e-05   2.7465e-05   3.2060e-06   6.2456e-06  -3.1948e-06  -6.8806e-06  -6.4757e-07   1.3149e-06
570.0  14.804092   2.1488e-05   1.5673e-05   2.1293e-05   2.7466e-05   3.2281e-06   6.2855e-06  -3.1250e-06  -6.6798e-06  -6.5109e-07   1.2845e-06
580.0  14.813659   2.1582e-05   1.5841e-05   2.1414e-05   2.7460e-05   3.2492e-06   6.3233e-06  -3.0494e-06  -6.4634e-06  -6.5359e-07   1.2531e-06
590.0  14.823275   2.1677e-05   1.6016e-05   2.1536e-05   2.7446e-05   3.2693e-06   6.3589e-06  -2.9679e-06  -6.2312e-06  -6.5505e-07   1.2209e-06
600.0  14.832939   2.1772e-05   1.6197e-05   2.1661e-05   2.7425e-05   3.2883e-06   6.3923e-06  -2.8802e-06  -5.9826e-06  -6.5544e-07   1.1877e-06
610.0  14.842651   2.1867e-05   1.6385e-05   2.1787e-05   2.7396e-05   3.3061e-06   6.4235e-06  -2.7863e-06  -5.7174e-06  -6.5473e-07   1.1536e-06
620.0  14.852413   2.1963e-05   1.6580e-05   2.1916e-05   2.7359e-05   3.3229e-06   6.4524e-06  -2.6860e-06  -5.4352e-06  -6.5289e-07   1.1186e-06
630.0  14.862224   2.2059e-05   1.6782e-05   2.2047e-05   2.7314e-05   3.3385e-06   6.4789e-06  -2.5791e-06  -5.1354e-06  -6.4989e-07   1.0826e-06
640.0  14.872084   2.2156e-05   1.6992e-05   2.2181e-05   2.7261e-05   3.3528e-06   6.5030e-06  -2.4655e-06  -4.8176e-06  -6.4571e-07   1.0456e-06
650.0  14.881994   2.2254e-05   1.7209e-05   2.2318e-05   2.7200e-05   3.3660e-06   6.5246e-06  -2.3449e-06  -4.4815e-06  -6.4030e-07   1.0076e-06
660.0  14.891955   2.2352e-05   1.7435e-05   2.2457e-05   2.7130e-05   3.3780e-06   6.5437e-06  -2.2174e-06  -4.1266e-06  -6.3364e-07   9.6863e-07
670.0  14.901966   2.2451e-05   1.7668e-05   2.2598e-05   2.7051e-05   3.3886e-06   6.5602e-06  -2.0825e-06  -3.7522e-06  -6.2569e-07   9.2859e-07
680.0  14.912028   2.2550e-05   1.7910e-05   2.2743e-05   2.6964e-05   3.3980e-06   6.5741e-06  -1.9403e-06  -3.3583e-06  -6.1643e-07   8.8750e-07
690.0  14.922142   2.2650e-05   1.8160e-05   2.2890e-05   2.6867e-05   3.4058e-06   6.5849e-06  -1.7902e-06  -2.9432e-06  -6.0575e-07   8.4525e-07
700.0  14.932306   2.2739e-05   1.8408e-05   2.3028e-05   2.6748e-05   3.4108e-06   6.5901e-06  -1.6326e-06  -2.5091e-06  -5.9356e-07   8.0174e-07
710.0  14.942513   2.2815e-05   1.8647e-05   2.3154e-05   2.6612e-05   3.4137e-06   6.5911e-06  -1.4726e-06  -2.0697e-06  -5.8063e-07   7.5794e-07
720.0  14.952760   2.2888e-05   1.8881e-05   2.3276e-05   2.6476e-05   3.4165e-06   6.5922e-06  -1.3139e-06  -1.6335e-06  -5.6767e-07   7.1483e-07
730.0  14.963047   2.2962e-05   1.9114e-05   2.3400e-05   2.6342e-05   3.4198e-06   6.5941e-06  -1.1563e-06  -1.1998e-06  -5.5470e-07   6.7246e-07
740.0  14.973374   2.3036e-05   1.9345e-05   2.3523e-05   2.6211e-05   3.4234e-06   6.5968e-06  -9.9988e-07  -7.6920e-07  -5.4173e-07   6.3087e-07
750.0  14.983742   2.3110e-05   1.9574e-05   2.3647e-05   2.6083e-05   3.4275e-06   6.6003e-06  -8.4473e-07  -3.4158e-07  -5.2876e-07   5.9006e-07
760.0  14.994151   2.3185e-05   1.9802e-05   2.3771e-05   2.5958e-05   3.4320e-06   6.6048e-06  -6.9088e-07   8.2879e-08  -5.1578e-07   5.5008e-07
770.0  15.004601   2.3260e-05   2.0027e-05   2.3896e-05   2.5835e-05   3.4369e-06   6.6101e-06  -5.3838e-07   5.0405e-07  -5.0281e-07   5.1094e-07
780.0  15.015092   2.3336e-05   2.0251e-05   2.4021e-05   2.5715e-05   3.4423e-06   6.6163e-06  -3.8727e-07   9.2182e-07  -4.8985e-07   4.7267e-07
790.0  15.025625   2.3413e-05   2.0472e-05   2.4146e-05   2.5599e-05   3.4481e-06   6.6235e-06  -2.3761e-07   1.3360e-06  -4.7688e-07   4.3530e-07
800.0  15.036199   2.3490e-05   2.0692e-05   2.4272e-05   2.5486e-05   3.4545e-06   6.6317e-06  -8.9455e-08   1.7466e-06  -4.6393e-07   3.9884e-07
810.0  15.046816   2.3567e-05   2.0909e-05   2.4398e-05   2.5376e-05   3.4613e-06   6.6408e-06   5.7158e-08   2.1534e-06  -4.5098e-07   3.6334e-07
820.0  15.057476   2.3645e-05   2.1124e-05   2.4525e-05   2.5269e-05   3.4686e-06   6.6510e-06   2.0217e-07   2.5563e-06  -4.3804e-07   3.2880e-07
830.0  15.068179   2.3724e-05   2.1337e-05   2.4652e-05   2.5166e-05   3.4765e-06   6.6622e-06   3.4554e-07   2.9551e-06  -4.2511e-07   2.9527e-07
840.0  15.078924   2.3803e-05   2.1548e-05   2.4780e-05   2.5067e-05   3.4849e-06   6.6745e-06   4.8720e-07   3.3498e-06  -4.1219e-07   2.6277e-07
850.0  15.089714   2.3883e-05   2.1756e-05   2.4909e-05   2.4972e-05   3.4938e-06   6.6879e-06   6.2711e-07   3.7401e-06  -3.9929e-07   2.3133e-07
860.0  15.100548   2.3963e-05   2.1962e-05   2.5037e-05   2.4880e-05   3.5033e-06   6.7024e-06   7.6521e-07   4.1260e-06  -3.8639e-07   2.0097e-07
870.0  15.111426   2.4045e-05   2.2166e-05   2.5167e-05   2.4792e-05   3.5134e-06   6.7181e-06   9.0144e-07   4.5073e-06  -3.7352e-07   1.7173e-07
880.0  15.122349   2.4127e-05   2.2367e-05   2.5297e-05   2.4709e-05   3.5240e-06   6.7350e-06   1.0358e-06   4.8839e-06  -3.6066e-07   1.4364e-07
890.0  15.133317   2.4209e-05   2.2565e-05   2.5427e-05   2.4630e-05   3.5353e-06   6.7531e-06   1.1681e-06   5.2555e-06  -3.4782e-07   1.1672e-07
900.0  15.144331   2.4293e-05   2.2761e-05   2.5559e-05   2.4555e-05   3.5472e-06   6.7724e-06   1.2984e-06   5.6222e-06  -3.3499e-07   9.1009e-08
910.0  15.155391   2.4377e-05   2.2954e-05   2.5690e-05   2.4484e-05   3.5598e-06   6.7931e-06   1.4266e-06   5.9837e-06  -3.2219e-07   6.6538e-08
920.0  15.166498   2.4462e-05   2.3144e-05   2.5823e-05   2.4418e-05   3.5730e-06   6.8150e-06   1.5526e-06   6.3398e-06  -3.0940e-07   4.3341e-08
930.0  15.177652   2.4548e-05   2.3331e-05   2.5956e-05   2.4357e-05   3.5869e-06   6.8383e-06   1.6764e-06   6.6905e-06  -2.9664e-07   2.1451e-08
940.0  15.188853   2.4635e-05   2.3515e-05   2.6090e-05   2.4301e-05   3.6014e-06   6.8630e-06   1.7980e-06   7.0355e-06  -2.8390e-07   9.0232e-10
950.0  15.200102   2.4723e-05   2.3697e-05   2.6224e-05   2.4250e-05   3.6167e-06   6.8891e-06   1.9172e-06   7.3746e-06  -2.7119e-07  -1.8269e-08
960.0  15.211401   2.4812e-05   2.3875e-05   2.6359e-05   2.4203e-05   3.6327e-06   6.9166e-06   2.0339e-06   7.7078e-06  -2.5850e-07  -3.6027e-08
970.0  15.222748   2.4901e-05   2.4050e-05   2.6495e-05   2.4163e-05   3.6495e-06   6.9456e-06   2.1482e-06   8.0348e-06  -2.4583e-07  -5.2333e-08
980.0  15.234145   2.4992e-05   2.4221e-05   2.6632e-05   2.4127e-05   3.6670e-06   6.9762e-06   2.2599e-06   8.3554e-06  -2.3320e-07  -6.7150e-08
990.0  15.245592   2.5083e-05   2.4389e-05   2.6770e-05   2.4097e-05   3.6853e-06   7.0083e-06   2.3690e-06   8.6695e-06  -2.2059e-07  -8.0437e-08
1000.0  15.257089   2.5176e-05   2.4554e-05   2.6908e-05   2.4073e-05   3.7044e-06   7.0419e-06   2.4753e-06   8.9768e-06  -2.0801e-07  -9.2154e-08
1010.0  15.268639   2.5270e-05   2.4715e-05   2.7047e-05   2.4055e-05   3.7243e-06   7.0773e-06   2.5789e-06   9.2772e-06  -1.9546e-07  -1.0226e-07
1020.0  15.280240   2.5364e-05   2.4873e-05   2.7187e-05   2.4043e-05   3.7451e-06   7.1143e-06   2.6796e-06   9.5705e-06  -1.8295e-07  -1.1071e-07
1030.0  15.291893   2.5460e-05   2.5026e-05   2.7328e-05   2.4037e-05   3.7667e-06   7.1530e-06   2.7773e-06   9.8564e-06  -1.7046e-07  -1.1746e-07
1040.0  15.303600   2.5557e-05   2.5176e-05   2.7469e-05   2.4037e-05   3.7892e-06   7.1935e-06   2.8720e-06   1.0135e-05  -1.5801e-07  -1.2246e-07
1050.0  15.315361   2.5656e-05   2.5322e-05   2.7612e-05   2.4044e-05   3.8126e-06   7.2357e-06   2.9636e-06   1.0405e-05  -1.4560e-07  -1.2567e-07
1060.0  15.327176   2.5755e-05   2.5463e-05   2.7755e-05   2.4058e-05   3.8370e-06   7.2799e-06   3.0520e-06   1.0668e-05  -1.3322e-07  -1.2704e-07
1070.0  15.339046   2.5856e-05   2.5601e-05   2.7899e-05   2.4078e-05   3.8623e-06   7.3259e-06   3.1370e-06   1.0922e-05  -1.2088e-07  -1.2652e-07
1080.0  15.350972   2.5957e-05   2.5734e-05   2.8044e-05   2.4106e-05   3.8886e-06   7.3739e-06   3.2187e-06   1.1168e-05  -1.0857e-07  -1.2406e-07
1090.0  15.362955   2.6061e-05   2.5863e-05   2.8191e-05   2.4141e-05   3.9159e-06   7.4239e-06   3.2968e-06   1.1405e-05  -9.6310e-08  -1.1959e-07
1100.0  15.374994   2.6165e-05   2.5987e-05   2.8338e-05   2.4184e-05   3.9442e-06   7.4759e-06   3.3714e-06   1.1633e-05  -8.4088e-08  -1.1308e-07
1110.0  15.387092   2.6271e-05   2.6106e-05   2.8486e-05   2.4234e-05   3.9736e-06   7.5300e-06   3.4422e-06   1.1851e-05  -7.1907e-08  -1.0445e-07
1120.0  15.399249   2.6378e-05   2.6220e-05   2.8635e-05   2.4293e-05   4.0041e-06   7.5863e-06   3.5092e-06   1.2061e-05  -5.9770e-08  -9.3659e-08
1130.0  15.411465   2.6487e-05   2.6330e-05   2.8785e-05   2.4360e-05   4.0357e-06   7.6448e-06   3.5722e-06   1.2260e-05  -4.7678e-08  -8.0635e-08
1140.0  15.423741   2.6597e-05   2.6434e-05   2.8937e-05   2.4435e-05   4.0685e-06   7.7055e-06   3.6312e-06   1.2449e-05  -3.5631e-08  -6.5317e-08
1150.0  15.436079   2.6709e-05   2.6533e-05   2.9089e-05   2.4519e-05   4.1024e-06   7.7686e-06   3.6860e-06   1.2627e-05  -2.3632e-08  -4.7641e-08
1160.0  15.448479   2.6822e-05   2.6627e-05   2.9242e-05   2.4611e-05   4.1376e-06   7.8341e-06   3.7365e-06   1.2795e-05  -1.1680e-08  -2.7538e-08
1170.0  15.460941   2.6937e-05   2.6715e-05   2.9397e-05   2.4713e-05   4.1740e-06   7.9021e-06   3.7826e-06   1.2952e-05   2.2108e-10  -4.9385e-09
1180.0  15.473467   2.7054e-05   2.6797e-05   2.9553e-05   2.4825e-05   4.2116e-06   7.9725e-06   3.8241e-06   1.3097e-05   1.2071e-08   2.0231e-08
1190.0  15.486058   2.7172e-05   2.6873e-05   2.9710e-05   2.4946e-05   4.2506e-06   8.0456e-06   3.8609e-06   1.3230e-05   2.3869e-08   4.8045e-08
1200.0  15.498715   2.7292e-05   2.6943e-05   2.9868e-05   2.5078e-05   4.2909e-06   8.1213e-06   3.8928e-06   1.3352e-05   3.5613e-08   7.8582e-08
1210.0  15.511438   2.7414e-05   2.7007e-05   3.0027e-05   2.5219e-05   4.3327e-06   8.1998e-06   3.9198e-06   1.3460e-05   4.7302e-08   1.1192e-07
1220.0  15.524229   2.7537e-05   2.7064e-05   3.0188e-05   2.5372e-05   4.3758e-06   8.2811e-06   3.9415e-06   1.3556e-05   5.8934e-08   1.4815e-07
1230.0  15.537088   2.7662e-05   2.7115e-05   3.0350e-05   2.5535e-05   4.4204e-06   8.3653e-06   3.9579e-06   1.3638e-05   7.0508e-08   1.8736e-07
1240.0  15.550017   2.7790e-05   2.7158e-05   3.0514e-05   2.5710e-05   4.4665e-06   8.4524e-06   3.9689e-06   1.3706e-05   8.2023e-08   2.2963e-07
1250.0  15.563016   2.7919e-05   2.7195e-05   3.0678e-05   2.5897e-05   4.5142e-06   8.5426e-06   3.9741e-06   1.3760e-05   9.3476e-08   2.7506e-07
1260.0  15.576087   2.8050e-05   2.7224e-05   3.0844e-05   2.6095e-05   4.5635e-06   8.6360e-06   3.9735e-06   1.3799e-05   1.0487e-07   3.2376e-07
1270.0  15.589231   2.8184e-05   2.7245e-05   3.1012e-05   2.6306e-05   4.6144e-06   8.7327e-06   3.9668e-06   1.3823e-05   1.1619e-07   3.7581e-07
1280.0  15.602449   2.8319e-05   2.7258e-05   3.1181e-05   2.6530e-05   4.6670e-06   8.8326e-06   3.9539e-06   1.3831e-05   1.2745e-07   4.3133e-07
1290.0  15.615743   2.8457e-05   2.7264e-05   3.1351e-05   2.6768e-05   4.7214e-06   8.9360e-06   3.9346e-06   1.3823e-05   1.3865e-07   4.9043e-07
1300.0  15.629113   2.8597e-05   2.7261e-05   3.1524e-05   2.7018e-05   4.7776e-06   9.0430e-06   3.9086e-06   1.3798e-05   1.4977e-07   5.5322e-07
1310.0  15.642560   2.8739e-05   2.7249e-05   3.1697e-05   2.7283e-05   4.8356e-06   9.1536e-06   3.8756e-06   1.3755e-05   1.6082e-07   6.1983e-07
1320.0  15.656086   2.8884e-05   2.7229e-05   3.1872e-05   2.7563e-05   4.8956e-06   9.2680e-06   3.8356e-06   1.3695e-05   1.7181e-07   6.9037e-07
1330.0  15.669693   2.9031e-05   2.7199e-05   3.2049e-05   2.7858e-05   4.9575e-06   9.3862e-06   3.7882e-06   1.3616e-05   1.8271e-07   7.6499e-07
1340.0  15.683382   2.9181e-05   2.7159e-05   3.2228e-05   2.8168e-05   5.0214e-06   9.5085e-06   3.7332e-06   1.3517e-05   1.9354e-07   8.4380e-07
1350.0  15.697153   2.9333e-05   2.7110e-05   3.2408e-05   2.8495e-05   5.0875e-06   9.6349e-06   3.6703e-06   1.3399e-05   2.0430e-07   9.2697e-07
1360.0  15.711009   2.9489e-05   2.7050e-05   3.2590e-05   2.8838e-05   5.1557e-06   9.7655e-06   3.5992e-06   1.3260e-05   2.1497e-07   1.0146e-06
1370.0  15.724951   2.9646e-05   2.6980e-05   3.2774e-05   2.9198e-05   5.2262e-06   9.9006e-06   3.5197e-06   1.3100e-05   2.2557e-07   1.1069e-06
1380.0  15.738981   2.9807e-05   2.6898e-05   3.2960e-05   2.9576e-05   5.2990e-06   1.0040e-05   3.4315e-06   1.2917e-05   2.3608e-07   1.2041e-06
1390.0  15.753100   2.9971e-05   2.6806e-05   3.3148e-05   2.9973e-05   5.3741e-06   1.0184e-05   3.3342e-06   1.2711e-05   2.4651e-07   1.3062e-06
1400.0  15.767310   3.0138e-05   2.6701e-05   3.3337e-05   3.0388e-05   5.4518e-06   1.0334e-05   3.2274e-06   1.2482e-05   2.5685e-07   1.4134e-06
1410.0  15.781612   3.0308e-05   2.6584e-05   3.3529e-05   3.0824e-05   5.5320e-06   1.0488e-05   3.1110e-06   1.2228e-05   2.6710e-07   1.5261e-06
1420.0  15.796008   3.0481e-05   2.6455e-05   3.3723e-05   3.1280e-05   5.6148e-06   1.0647e-05   2.9844e-06   1.1948e-05   2.7727e-07   1.6442e-06
1430.0  15.810501   3.0657e-05   2.6312e-05   3.3919e-05   3.1757e-05   5.7004e-06   1.0812e-05   2.8474e-06   1.1641e-05   2.8734e-07   1.7681e-06
1440.0  15.825092   3.0837e-05   2.6155e-05   3.4117e-05   3.2256e-05   5.7888e-06   1.0982e-05   2.6995e-06   1.1307e-05   2.9732e-07   1.8980e-06
1450.0  15.839782   3.1021e-05   2.5984e-05   3.4317e-05   3.2778e-05   5.8802e-06   1.1158e-05   2.5403e-06   1.0944e-05   3.0720e-07   2.0340e-06
1460.0  15.854574   3.1208e-05   2.5799e-05   3.4520e-05   3.3323e-05   5.9746e-06   1.1340e-05   2.3694e-06   1.0552e-05   3.1699e-07   2.1765e-06
1470.0  15.869470   3.1400e-05   2.5598e-05   3.4725e-05   3.3894e-05   6.0722e-06   1.1528e-05   2.1863e-06   1.0128e-05   3.2668e-07   2.3256e-06
1480.0  15.884473   3.1595e-05   2.5381e-05   3.4933e-05   3.4489e-05   6.1730e-06   1.1722e-05   1.9906e-06   9.6716e-06   3.3627e-07   2.4817e-06
1490.0  15.899583   3.1794e-05   2.5147e-05   3.5143e-05   3.5112e-05   6.2772e-06   1.1924e-05   1.7816e-06   9.1819e-06   3.4575e-07   2.6450e-06
1500.0  15.914804   3.1997e-05   2.4896e-05   3.5356e-05   3.5761e-05   6.3850e-06   1.2131e-05   1.5590e-06   8.6573e-06   3.5514e-07   2.8158e-06
1510.0  15.930138   3.2205e-05   2.4627e-05   3.5571e-05   3.6440e-05   6.4964e-06   1.2347e-05   1.3220e-06   8.0961e-06   3.6442e-07   2.9944e-06
1520.0  15.945587   3.2418e-05   2.4339e-05   3.5790e-05   3.7148e-05   6.6116e-06   1.2569e-05   1.0702e-06   7.4971e-06   3.7359e-07   3.1811e-06
1530.0  15.961154   3.2635e-05   2.4031e-05   3.6011e-05   3.7887e-05   6.7308e-06   1.2799e-05   8.0295e-07   6.8584e-06   3.8266e-07   3.3763e-06
1540.0  15.976842   3.2858e-05   2.3703e-05   3.6235e-05   3.8659e-05   6.8541e-06   1.3038e-05   5.1952e-07   6.1785e-06   3.9161e-07   3.5803e-06
1550.0  15.992653   3.3085e-05   2.3353e-05   3.6462e-05   3.9464e-05   6.9817e-06   1.3284e-05   2.1924e-07   5.4555e-06   4.0046e-07   3.7935e-06
1560.0  16.008590   3.3318e-05   2.2981e-05   3.6693e-05   4.0304e-05   7.1138e-06   1.3539e-05  -9.8623e-08   4.6875e-06   4.0919e-07   4.0163e-06
1570.0  16.024656   3.3556e-05   2.2586e-05   3.6927e-05   4.1180e-05   7.2505e-06   1.3803e-05  -4.3484e-07   3.8726e-06   4.1782e-07   4.2492e-06
1580.0  16.040854   3.3800e-05   2.2166e-05   3.7164e-05   4.2095e-05   7.3921e-06   1.4077e-05  -7.9025e-07   3.0085e-06   4.2633e-07   4.4925e-06
1590.0  16.057188   3.4050e-05   2.1721e-05   3.7405e-05   4.3049e-05   7.5388e-06   1.4360e-05  -1.1657e-06   2.0930e-06   4.3473e-07   4.7469e-06
1600.0  16.073660   3.4306e-05   2.1248e-05   3.7649e-05   4.4045e-05   7.6907e-06   1.4654e-05  -1.5622e-06   1.1237e-06   4.4301e-07   5.0127e-06
1610.0  16.090275   3.4569e-05   2.0748e-05   3.7897e-05   4.5084e-05   7.8482e-06   1.4958e-05  -1.9806e-06   9.8063e-08   4.5118e-07   5.2905e-06
1620.0  16.107035   3.4839e-05   2.0217e-05   3.8149e-05   4.6169e-05   8.0115e-06   1.5274e-05  -2.4221e-06  -9.8661e-07   4.5924e-07   5.5810e-06
1630.0  16.123945   3.5116e-05   1.9656e-05   3.8405e-05   4.7301e-05   8.1808e-06   1.5601e-05  -2.8876e-06  -2.1332e-06   4.6719e-07   5.8846e-06
1640.0  16.141008   3.5400e-05   1.9062e-05   3.8666e-05   4.8483e-05   8.3564e-06   1.5940e-05  -3.3785e-06  -3.3448e-06   4.7502e-07   6.2021e-06
1650.0  16.158230   3.5692e-05   1.8434e-05   3.8930e-05   4.9717e-05   8.5387e-06   1.6292e-05  -3.8960e-06  -4.6247e-06   4.8275e-07   6.5342e-06
1660.0  16.175613   3.5992e-05   1.7770e-05   3.9200e-05   5.1005e-05   8.7280e-06   1.6658e-05  -4.4414e-06  -5.9763e-06   4.9037e-07   6.8816e-06
1670.0  16.193162   3.6300e-05   1.7068e-05   3.9474e-05   5.2351e-05   8.9246e-06   1.7037e-05  -5.0161e-06  -7.4035e-06   4.9788e-07   7.2450e-06
1680.0  16.210883   3.6618e-05   1.6326e-05   3.9753e-05   5.3757e-05   9.1289e-06   1.7431e-05  -5.6218e-06  -8.9102e-06   5.0530e-07   7.6255e-06
1690.0  16.228780   3.6944e-05   1.5541e-05   4.0037e-05   5.5227e-05   9.3412e-06   1.7841e-05  -6.2600e-06  -1.0501e-05   5.1261e-07   8.0239e-06
1700.0  16.246859   3.7281e-05   1.4712e-05   4.0327e-05   5.6763e-05   9.5621e-06   1.8266e-05  -6.9326e-06  -1.2179e-05   5.1984e-07   8.4411e-06
1710.0  16.265124   3.7628e-05   1.3835e-05   4.0623e-05   5.8369e-05   9.7920e-06   1.8709e-05  -7.6413e-06  -1.3952e-05   5.2697e-07   8.8782e-06
1720.0  16.283582   3.7986e-05   1.2909e-05   4.0924e-05   6.0049e-05   1.0031e-05   1.9170e-05  -8.3883e-06  -1.5822e-05   5.3403e-07   9.3364e-06
1730.0  16.302239   3.8355e-05   1.1929e-05   4.1232e-05   6.1808e-05   1.0281e-05   1.9650e-05  -9.1759e-06  -1.7798e-05   5.4101e-07   9.8170e-06
1740.0  16.321101   3.8736e-05   1.0893e-05   4.1546e-05   6.3647e-05   1.0540e-05   2.0149e-05  -1.0006e-05  -1.9882e-05   5.4795e-07   1.0321e-05
