#Found quasiharmonic mode : None
#T(K), volume, F(eV), S(J/K), H(J/K), a(-6/K), Cp(J/mol), Cv, Cpion, Bt(GPa), T_ph-D(K), T-D(K), F_el_atom, S_el_atom, C_el_atom, M_el, Seebeck_coefficients(10**-6 V/K), Lorenz_number(WOK^{-2}), Q_el, Q_p, Q_e, C_mu, W_p, W_e, Y_p, Y_e
0.0 12.718909402570473 -5.019795723389642 0.0 -484336.65754580527 0.0 0.0 0.0 0.0 137.3221858461887 400.0 400.0 0.0 0.0 0.0 0.0 0.0 2.443004551768e-08 0.0 0.0 0.0 0.0 0.0 0.0 0.0 0.0 0.0 0
10.0 12.718941159062389 -5.019797656925971 0.020147340254264682 -484336.64263029763 3.2781137966802767e-07 0.038026696130456776 0.038016523604188106 0.025772843020871374 137.32082337066345 422.5563948681646 400.0 -6.350881035482349e-07 0.012254991372156259 0.012253853109585398 -1.7893538406919875e-07 -0.0339573617841116 2.4427432324346223e-08 0.00044802932825370294 0.0002239911064980055 0.00022401786299428494 0.01225385188381195 0.00022397631210506187 0.0002240530161486411 0.0003105533135738748 0.00031055331374756003 233.90917086387952 2.0737682332892233
20.0 12.71928099173165 -5.0198158268101745 0.12028473416606959 -484336.1915363288 1.6124996912176865e-06 0.39121951525372217 0.3907272768063795 0.3667213160965518 137.3062425588023 348.85361046583154 400.0 -2.540240210022769e-06 0.024507409019219998 0.02449819915717039 -6.433532234671771e-07 -0.0543141284949187 2.4419627962027662e-08 0.0008959973199643399 0.0004479364353549477 0.0004480405254613895 0.02449818871109465 0.00044786201763921934 0.00044813530232512056 0.0006210745851113543 0.0006210745852765443 116.95562704471975 13.892225316378145
30.0 12.720254344154267 -5.019875873693157 0.46358978394668543 -484330.4831809411 3.546292993145981e-06 1.5133479462891375 1.5097775383309529 1.4766371882525224 137.26447463046068 327.4200791651516 400.0 -5.715238853512655e-06 0.036753271332996565 0.03671075803661526 -1.1800405326286755e-06 -0.04778554247486977 2.4397997325667383e-08 0.001343849907526418 0.0006718271932932353 0.000672002353979577 0.036710730760039216 0.0006716841162323063 0.0006721657912941117 0.000931547175800805 0.0009315471759489357 77.9724068937932 7.594134466519414
40.0 12.722007051560075 -5.020006046660007 1.1273932024323186 -484311.8549283017 5.632535060977508e-06 3.266102711190027 3.254098409447696 3.217217855129177 137.18924333452327 329.22960783577935 400.0 -1.015957678259584e-05 0.04898769463318998 0.04888485606085001 -1.5879342011119413e-06 -0.028094463399903652 2.4371257476656845e-08 0.0017914636302018658 0.0008956229113846249 0.0008958203565734734 0.04888481482647676 0.0008954279703426662 0.0008960356598591994 0.0012419207854836446 0.001241920785631225 58.481990976283406 5.541084627506405
50.0 12.724538570043917 -5.020230854692449 2.067973704027821 -484275.24264887103 7.598250932639456e-06 5.272693581378257 5.2454032681076574 5.211643966564412 137.08053739489455 337.04009527251037 400.0 -1.5872748075618378e-05 0.06121262665370176 0.0610496148138449 -1.8221755284447654e-06 -0.008934928396894729 2.4354514056662973e-08 0.0022387987328578414 0.0011193034400675194 0.0011194749276710956 0.06104956313149823 0.001119079174677836 0.0011197195581800056 0.0015521818228478874 0.0015521818230474665 46.788695822272864 4.618585741236211
60.0 12.727780386497617 -5.020568570599977 3.204548846980269 -484218.9530347537 9.344865416410452e-06 7.273233442195872 7.2237365729323635 7.199994563410433 136.94125153272654 346.15200519934535 400.0 -2.2854892832380634e-05 0.07343565472666337 0.0732388787854399 -1.923435832678563e-06 0.006257397151875587 2.4352972858336788e-08 0.002685970850379432 0.0013429172968191397 0.0013430331847556183 0.07323881050676007 0.0013426810700949165 0.0013432897802845153 0.0018623883612933028 0.0018623883611130515 38.99389076620446 4.115246962318939
70.0 12.731645947813682 -5.021031603128768 4.4647430516027224 -484143.3697992831 1.0862378787487762e-05 9.146636624099468 9.068683634764193 9.061165369417598 136.7750502393158 355.0550695704311 400.0 -3.11070900973841e-05 0.08566532292498819 0.08547125468186961 -1.912276998640187e-06 0.023697766592421645 2.4363799700442194e-08 0.0031331894221853893 0.0015665648721155012 0.0015666041768651704 0.0854711551806705 0.001566331583683698 0.001566857838501691 0.0021726437147744524 0.002172643714816318 33.4267182732302 3.8041433054914333
80.0 12.73605178909749 -5.021627724436075 5.794967941645565 -484049.8213398829 1.2171513142328241e-05 10.851622119246887 10.739881301038738 10.7538736482872 136.58546552392133 363.19359002532 400.0 -4.0631266960648646e-05 0.09790826631411167 0.09774847095968688 -1.7144739146143054e-06 0.054654292898335725 2.438127523291532e-08 0.0035806770140262316 0.001790367230321638 0.0017902894054772531 0.09774832696509676 0.0017901616744580645 0.001790515339568167 0.0024830602597890835 0.0024830602598432854 29.25175194270531 3.594407880549718
90.0 12.740924214872868 -5.02236128210288 7.1581881062472315 -483939.95940076315 1.3300656628843468e-05 12.382967822012969 12.23302705364945 12.272906787742155 136.3756126767663 370.38592880236894 400.0 -5.142993323242252e-05 0.11016837924626627 0.11006103427081412 -1.136042104534954e-06 0.11069183516744004 2.439995183886835e-08 0.004028619155209753 0.0020144436783256516 0.0020141550930928864 0.11006085597901273 0.002014316130181091 0.0020143030250286604 0.002793735852566754 0.0027937358526191384 26.004872661127447 3.4440860858598223
100.0 12.746200272242737 -5.023234168201253 8.529447265729225 -483815.472308857 1.4277247841784707e-05 13.749832674356238 13.558109376829629 13.627438231850867 136.148149549706 376.62062280558484 400.0 -6.350589816506028e-05 0.1224470878656962 0.12239444250537232 1.2252729152484368e-07 0.20070073195572802 2.441586652933546e-08 0.004477144888233587 0.0022388995077261328 0.002238224990680787 0.12239431039699415 0.0022389394686586363 0.0022382054195749512 0.0031047437223117817 0.003104743722364263 23.407615559404757 3.3315654979745544
110.0 12.751826829295979 -5.024246541091792 9.892116750118026 -483677.96332748985 1.5125373443816181e-05 14.96647797203806 14.730099913064569 14.831744300365267 135.90531656844564 381.9639264389894 400.0 -7.6862040837484e-05 0.13474401261928196 0.1347336716727921 2.4322880946973256e-06 0.3298089778500374 2.4426686123689746e-08 0.004926326431938435 0.0024638206594355333 0.002462485376228365 0.13473381572018106 0.0024641662043229182 0.0024621602276155164 0.003416131159181762 0.003416131159233918 21.282781207680316 3.2446818457005486
120.0 12.757759199025305 -5.0253973499663145 11.235242690189187 -483528.9032236451 1.5865438689937297e-05 16.048460378513813 15.765145220136587 15.9013946271884 135.64899568426318 386.51270474043093 400.0 -9.15011526439998e-05 0.14705765113231964 0.14706575132541125 6.198016074003499e-06 0.49955852050725763 2.443141894315857e-08 0.0053761880090867735 0.002689272531616249 0.002686895074386017 0.14706665681258504 0.00269011475668154 0.0026860732524052336 0.00372792268129152 0.003727922681341976 19.51224097926238 3.1760519483767515
130.0 12.763959794183647 -5.0266847134671115 12.551754492405923 -483369.61595738854 1.651451146108094e-05 17.011040756238142 16.678985295829026 16.85165981762053 135.38076790479053 390.37023631922943 400.0 -0.0001074258452623114 0.15938593859582065 0.15938093861761465 1.1825781077813045e-05 0.7086992727906061 2.4430029912716458e-08 0.0058267176577535065 0.002915301153732331 0.002911396093807644 0.159383462399638 0.002916884419699063 0.002909833238054443 0.0040401248781574695 0.004040124878208956 18.01421687592161 3.1209057022736633
140.0 12.770396949177789 -5.028106192872133 13.837259125320395 -483201.2796763517 1.7086808537274756e-05 17.868495166959157 17.48627868465079 17.696822105465777 135.1019634446857 393.6344940078196 400.0 -0.00012463850978028176 0.17172665872676363 0.1716730614933785 1.9699624417474424e-05 0.9541487147556768 2.4423101652031678e-08 0.006277878812655166 0.0031419356518251253 0.0031359227432055567 0.17167854084785322 0.003144554799107032 0.0031333240135481342 0.00435273141081332 0.004352731410864025 16.730298643777033 3.0760016473057394
150.0 12.777043927119335 -5.029658989389853 15.089220378638938 -483024.9349848277 1.7594165292007008e-05 18.633825078663985 18.20032774033246 18.44988563623722 134.81370399338027 396.39320921906744 400.0 -0.00014314131247623448 0.18407772511195866 0.18393944242677 3.016758565437992e-05 1.2318653590779205 2.441158049634651e-08 0.006729620288872518 0.003369191347129983 0.003360408516457428 0.18394978408859552 0.003373187093131877 0.0033564331957406405 0.004665727478088161 0.004665727478138511 15.617654118406584 3.039047725685842
160.0 12.783878094786866 -5.031340086638489 16.306392051441456 -482841.4965397537 1.804644415364455e-05 19.318666690720065 18.83300228992337 19.12248605357997 134.51693770598644 398.72248668778667 400.0 -0.00016293621566089095 0.19643736402188974 0.1961806371400951 4.353558607447444e-05 1.5375288477570759 2.4396601332695065e-08 0.0071818842954544 0.0035970730690166384 0.0035847907932706024 0.19619838215470498 0.003602826605750949 0.0035790576897034515 0.0049790935196886875 0.004979093519739468 14.644160754881328 3.008372031155065
170.0 12.790880240608447 -5.033146353319014 17.488421496244246 -482651.76585419045 1.845187768596551e-05 19.933308968303525 19.39477046019566 19.724908869252722 134.2124680784261 400.6871577036431 400.0 -0.00018402501458803975 0.20880422652775518 0.20840009905080017 6.006708051261967e-05 1.8670064419925267 2.4379371814090392e-08 0.007634612568979922 0.003825578404504881 0.0038090137232292542 0.20842846597282266 0.003833505945177367 0.003801106623802555 0.005292808150084808 0.005292808150135384 13.785255492944104 2.9827248753469653
180.0 12.798034011730508 -5.035074616836909 18.635569667694575 -482456.44411430595 1.8817352825953034e-05 20.486771977451014 19.894787960107905 20.26616816349005 133.90097786754575 402.3418872182243 400.0 -0.0002064093844955908 0.22117745076112305 0.2206038139609628 7.998643407615743e-05 2.216630076373244 2.4361097130130363e-08 0.008087750888495254 0.004054700698817744 0.004033029740178513 0.2206467269335314 0.004065248457764101 0.004022502430731153 0.005606850407309435 0.005606850407357823 13.021834707757387 2.961153778799747
190.0 12.805325449370606 -5.037121715641473 19.748512206851526 -482256.14434322994 1.9148645114954976e-05 20.98691618614159 20.341016483028575 20.75411626421851 133.58304866197184 403.7325224883024 400.0 -0.00023009093291412547 0.23355668882282293 0.23279992192307686 0.00010348432266066015 2.5833254540156463 2.4342931346343152e-08 0.008541252264927041 0.004284431689254861 0.0042568001177649166 0.23286203127294922 0.004298071559261148 0.004243180705665895 0.0059212014249276435 0.005921201424978998 12.338817365884507 2.942921142416349
200.0 12.812742605003564 -5.039284535937075 20.828197646517715 -482051.40256776515 1.9450611244241933e-05 21.440564133382512 20.740352786846444 21.19556579816587 133.2591771521928 404.8974298292608 400.0 -0.0002550712543065219 0.24594210830585156 0.24499833521664233 0.0001307238881555922 2.96463664313987 2.432594613088067e-08 0.008995079073334952 0.004514763708377159 0.004480294898504624 0.24508503724268646 0.004531989734752043 0.004463089338582906 0.006235845631482218 0.006235845631528862 11.724139259322769 2.9274481134928156
210.0 12.820275222914308 -5.041560036908253 21.875746280456898 -481842.68784511636 1.9727347177125924e-05 21.85362285313554 21.09875706244778 21.59641249252973 132.92978848974423 405.8687109654995 400.0 -0.0002813519844510051 0.2583343754628987 0.257210360605812 0.00016184679044552741 3.3586841455154257 2.4311111191194888e-08 0.009449204355282573 0.004745691435151 0.0047034924450104565 0.257327821248639 0.004767017074381775 0.004682187280900798 0.006550771568271634 0.006550771568318416 11.168034620676712 2.914275204838049
220.0 12.827914477225061 -5.04394526750741 22.89237818571157 -481630.4111296982 1.9982317960370824e-05 22.231200205936307 21.421373980023123 21.96175187142859 132.59524746765237 406.6732596453241 400.0 -0.0003089348528508135 0.2707346252162173 0.26944833450771916 0.00019697863842885167 3.764086199337494 2.4299282942357547e-08 0.009903612477770728 0.004977213205181114 0.004926378788692537 0.26960351938408245 0.005003169288483598 0.004900443189287131 0.006865972401790415 0.006865972401835871 10.662513676698056 2.903034019640521
230.0 12.835652753622744 -5.046437377057999 23.879362246894907 -481414.93303143687 2.021846431862733e-05 22.577711486579087 21.712643006928445 22.295986207254714 132.25586759265965 407.33364984004646 400.0 -0.000337821731928734 0.2831444220277358 0.2817252793243737 0.00023623353993481143 4.179864762247393 2.4291199193116514e-08 0.010358299299822401 0.005209331913709786 0.005148946893344247 0.2819259906885139 0.005240465201675082 0.005117834098147321 0.007181446193858907 0.007181446193902846 10.200976504165036 2.89342655032415
240.0 12.843483467798368 -5.049033621342207 24.83798035716053 -481196.5705545306 2.043829022827382e-05 22.8969747779951 21.976396662290146 22.602920190208753 131.9119189206266 407.86889030923004 400.0 -0.00036801468214848175 0.29556571482603117 0.29405458778634636 0.00027971768908471585 4.605350427369262 2.4287478333168116e-08 0.01081327196865532 0.00544205555905868 0.005371195907873184 0.29430950755673907 0.005478927762699111 0.005334344205956209 0.007497195981607978 0.007497195981650964 9.777923431205863 2.8852097841172046
250.0 12.851400914046307 -5.051731365412077 25.76950260397841 -480975.6029218107 2.0643934952911002e-05 23.192294818295697 22.215946644381443 22.88584507814256 131.5636342688423 408.2950291897643 400.0 -0.0003995159923175124 0.3080007885562426 0.3064497401531391 0.0003275320246281478 5.040094875551555 2.428862189524655e-08 0.011268548443558655 0.0056753974809077195 0.005593130451899143 0.3067684772422696 0.005718584628484422 0.005549963815074236 0.0078132297103306 0.007813229710370843 9.38873494973024 2.8781840872214524
260.0 12.859400138697259 -5.05452808404446 26.675170407798596 -480752.2765928694 2.0837232394067376e-05 23.46653591030489 22.434158491438154 23.147611853313727 131.2112146714416 408.6256643954821 400.0 -0.0004323282149610813 0.32045221439964544 0.31892405699116394 0.00037977405843414304 5.48379534265156 2.4295019603046403e-08 0.011724156826144486 0.005909376349170179 0.005814759957130643 0.3193171967228749 0.0059594683908515645 0.005764688435292921 0.00812956005474224 0.008129560054769787 9.029502423179613 2.872184347567151
270.0 12.8674768340104 -5.057421360523795 27.556185411925327 -480526.8095797008 2.101976003701407e-05 23.72218478327976 22.633515803026448 23.39069429494667 130.85483375749672 408.8723570040185 400.0 -0.00046645419659091964 0.33292280026405086 0.33149048833309336 0.00043653900406985746 5.936232763964964 2.4306956181801858e-08 0.012180134559631706 0.006144015956829607 0.006036098073812019 0.33196964161579084 0.006201616424425035 0.00597851813520667 0.008446204157959186 0.008446204157828796 8.696896419442563 2.8670731362528223
280.0 12.87562724896289 -5.0604088842606805 28.413702520210407 -480299.39515523147 2.1192879447179583e-05 23.96140449632489 22.81617519074011 23.617243057844615 130.4946415824392 409.04497098144674 400.0 -0.0005018971026878667 0.34541554276239167 0.3441614384802749 0.0004979203455272314 6.397223468398515 2.432461934036121e-08 0.01263652754663908 0.006379344865042237 0.006257162143414196 0.3447392885158137 0.0064450705892419744 0.006191456957397104 0.008763183311594255 0.008763183311781775 8.3880632618612 2.8627353907261566
290.0 12.883848114035322 -5.063488447622727 29.248825912413345 -480070.2050400622 2.135776984855148e-05 24.186080488537762 22.984013134690578 23.8291318639398 130.13076775247268 409.15195191349636 400.0 -0.0005386604379091687 0.3579335815738571 0.35694862459796034 0.0005640099698400355 6.866583261090861 2.4348108447511017e-08 0.01309338922425123 0.006615395944203542 0.006477972732634173 0.35763896915527765 0.0066898769899960174 0.0064035122342552125 0.009080522598551122 0.009080522598673127 8.100542986449375 2.859074240741392
300.0 12.892136577605752 -5.066657942256102 30.062607181999446 -479839.392142416 2.1515455982756585e-05 24.397859827096234 23.138665855601324 24.027996860583052 129.76332413023496 409.2005560778981 400.0 -0.0005767480614731371 0.37048015680153024 0.36986296651318123 0.0006348979965780782 7.344102225523142 2.4377443524747445e-08 0.013550779626033753 0.006852205845121128 0.0066985532242373495 0.3706807541161438 0.006936085312326311 0.006614694313707442 0.009398250510133873 0.009398250510209906 7.8322037100500745 2.8560077021624486
310.0 12.900490151990656 -5.0699153551027605 30.856044970964618 -479607.0929163786 2.166683135447791e-05 24.59818462591536 23.281563209267397 24.215270121160323 129.39240706833655 409.197039132623 400.0 -0.0006161641981590818 0.3830585697286343 0.3829145047550386 0.0007106723859753445 7.829528412004426 2.441257426628027e-08 0.014008764453800534 0.0070898144326877015 0.006918929455151911 0.3838758634797905 0.007183748200421482 0.006825016253379052 0.009716398554722894 0.009716398554768108 7.581188703346508 2.8534660461681076
320.0 12.908906667555442 -5.073258764263047 31.630085644578386 -479373.4293943558 2.1812677642493877e-05 24.788320488143015 23.413957493697968 24.392208144425446 129.0180993171839 409.146811953706 400.0 -0.0006569134452338198 0.3956721471902558 0.3961123437175671 0.0007914184195687495 8.322558627770198 2.445338887087404e-08 0.014467414175893572 0.007328264204582821 0.007139129396046946 0.39723460163731755 0.007432920604352993 0.007034493571540578 0.010035000864693512 0.010035000864539238 7.345873389236581 2.8513896881961727
330.0 12.917384233551774 -5.076686334812557 32.3856246721168 -479138.51094165654 2.1953680950069797e-05 24.969380722261405 23.53694794282986 24.559916105381763 128.6404718084876 409.05456959563804 400.0 -0.0006990007756813005 0.40832420964373 0.40946461687964186 0.0008772181155295397 8.822834708671456 2.4499722533055554e-08 0.014926803164181988 0.007567599714238603 0.007359182865365805 0.41076631351724224 0.007683659124470592 0.007243144039711398 0.010354093809773231 0.010354093809830127 7.124830160940129 2.8497274860633492
340.0 12.9259212046179 -5.080196314650894 33.12350847051899 -478902.4357739151 2.2090445483766738e-05 25.142346976365918 23.651501571581115 24.719368505187177 128.25958483888664 408.92439906887313 400.0 -0.0007424315380851671 0.4210180429222349 0.42297847117874227 0.0009681496208941571 9.32994387145631 2.4551365491300282e-08 0.015387008878453191 0.007807867013482175 0.007579121271074813 0.4244793596206522 0.007936021433294362 0.007450987445158831 0.01067371562449582 0.01067371562450184 6.916799409701233 2.848435354214111
350.0 12.934516152033138 -5.083787030437122 33.844536534511114 -478665.29227199545 2.2223505061367353e-05 25.308086844317476 23.758470938509003 24.871426776471218 127.87548949027993 408.75986796212993 400.0 -0.0007872114535325629 0.43375687357171194 0.4366600678462552 0.0010642866306560634 9.843421979465973 2.460807056967393e-08 0.015848111103664245 0.008049113123574862 0.007798977376875486 0.43838110743182496 0.008190065588727872 0.007658045514936369 0.01099390605036485 0.010993906050368346 6.720665520006696 2.847475138875833
360.0 12.943167838989211 -5.087456883649445 34.54946372600697 -478427.16012373444 2.2353332843099725e-05 25.467368906720964 23.858609305720705 25.01685430943571 127.4882285454801 408.5640997591104 400.0 -0.0008333466099623973 0.4465438476322359 0.450514597285253 0.001165697844326663 10.362758777706667 2.4669560179571915e-08 0.016310191243684966 0.008291385544154175 0.008018785087005684 0.4524779370115699 0.008445849454979408 0.007864341788705554 0.011314705999753795 0.011314705999743938 6.535436866288597 2.846813689175097
370.0 12.951875199258017 -5.091204346793714 35.239002631805036 -478188.1113174113 2.248034958964451e-05 25.620875608090483 23.952583600693682 25.15632930228381 127.09783740434793 408.33983644927343 400.0 -0.0008808434542457702 0.45938201267916234 0.4645463058066707 0.0012724464869531657 10.88740435515017 2.4735532769201175e-08 0.016773331673064492 0.008534731803522407 0.008238579247717532 0.46677525878263865 0.008703430214178815 0.008069901458885672 0.011636157240872034 0.011636157240852542 6.360229053970157 2.8464220950555292
380.0 12.960637318753056 -5.095027959776005 35.913825925384536 -477948.2110080278 2.2604930694906968e-05 25.769214302835678 24.040985520564256 25.290455770550253 126.70434488170883 408.0894913508075 400.0 -0.0009297087823447966 0.47227430292515926 0.47875853228542653 0.0013845899004617482 11.416776265331698 2.480566872358718e-08 0.017237615147244638 0.008779199053686933 0.008458395462450537 0.4812775417308637 0.008962863903524416 0.008274751243720223 0.011958302106256606 0.011958302106233835 6.194250807131163 2.8462750576015243
390.0 12.969453419546593 -5.098926326447426 36.574568688190105 -477707.51827429736 2.272741214240186e-05 25.912926741656964 24.124341065046153 25.41977298864992 126.3077738347191 407.8151937239022 400.0 -0.0009799497278932846 0.48522352716959105 0.49315375300703945 0.0015021792114823082 11.95026688112811 2.4879635727763453e-08 0.017703124270525682 0.009024833711135334 0.008678269919022251 0.4959883504257346 0.009224205008186836 0.008478919262338845 0.012281183225110827 0.012281183225090888 6.036792027689556 2.8463503585812635
400.0 12.978322845980879 -5.102898111324274 37.221830660266015 -477466.0867815369 2.284809566213516e-05 26.05249725290418 24.20311873826864 25.544763619747414 125.9081417929386 407.5188265709362 400.0 -0.0010315737494249366 0.49823235937789234 0.5077336331567687 0.001625259076748644 12.487250676886488 2.4957093611715845e-08 0.018169941020357523 0.009271681143258027 0.008898239227496775 0.510910389418916 0.00948750611007693 0.008682434910280593 0.01260484327968827 0.012604843279678533 5.8872136460281395 2.8466284269461024
410.0 12.987245052595247 -5.106942036482965 37.85617840077912 -477223.96536332864 2.2967253089752174e-05 26.18835979365054 24.27773662129402 25.665860710087053 125.50546137554264 407.20205876311996 400.0 -0.0010845886166729725 0.5113033316748318 0.522499083563491 0.0017538675045575204 13.027091224156974 2.503769869916017e-08 0.018638146326001716 0.009519785399372298 0.00911834026782279 0.5260455537152039 0.009752817591286059 0.008885328734715656 0.012929324785522498 0.012929324785508903 5.74493895716808 2.847091964245578
420.0 12.996219593573253 -5.111056878626472 38.47814734640814 -476981.19853299425 2.308513017279088e-05 26.320904062535558 24.348568484742625 25.783453741098032 125.09974086160834 406.8663724310532 400.0 -0.0011390023959708733 0.5244388295362126 0.5374503214375267 0.0018880357492765559 13.569147759269791 2.5121107683608443e-08 0.019107819699109217 0.009769188984496344 0.009338610046637276 0.5413949841153561 0.0100201873899997 0.009087632309109516 0.013254669894843666 0.013254669894892547 5.609446194854774 2.8477256407705966
430.0 13.005246113558256 -5.115241466317397 39.08824376156423 -476737.8269341573 2.320194983757502e-05 26.450480795227136 24.41594908397321 25.897893861263682 124.69098442804456 406.5130863838894 400.0 -0.0011948234351583597 0.5376410889741504 0.5525869339634545 0.0020277882732584675 14.112781235793 2.5206981055752396e-08 0.019579038913650287 0.010019932673802075 0.009559085562742556 0.5569591263323651 0.010289660806110084 0.0092893781075402 0.013580920222789292 0.013580920222829598 5.4802621420135615 2.848515830837661
440.0 13.014324339587292 -5.119494677371402 39.68694657786223 -476493.88773849263 2.3317914983933323e-05 26.577406366151422 24.48017875661745 26.00949842245299 124.27919261179706 406.1433761946043 400.0 -0.0012520603481853004 0.5509121955103704 0.567907943698435 0.0021731427729548853 14.657359815290796 2.5294986105844835e-08 0.02005187973218695 0.0102720553647601 0.009779803681233878 0.5727377928542565 0.010561280353176505 0.009490599379010449 0.013908116694813195 0.013908116694842428 5.35695661266344 2.84945039004558
450.0 13.023454074046379 -5.123815436404084 40.27470912357971 -476249.41499742 2.3433210961541124e-05 26.701966803139417 24.541527423440346 26.118554928311937 123.86436246789606 405.7582914718238 400.0 -0.0013107219994797936 0.5642540847480904 0.5834118748274786 0.002324110260989239 15.20226377927106 2.5384799524426345e-08 0.020526415675656166 0.01052559396458486 0.010000801015837318 0.5887302266116353 0.01083508565327077 0.009691330022385399 0.01423629941503757 0.01423629941505674 5.239137669715213 2.85051846647141
460.0 13.032635188480361 -5.128202712523926 40.85196074540638 -476004.439953669 2.354800769640527e-05 26.824421293453433 24.60023807767988 26.225324474050282 123.44648798075147 405.35877075468625 400.0 -0.0013708174884414334 0.577668544354176 0.59909681940315 0.0024806952001815976 15.746889865666063 2.5476109624170113e-08 0.02100271783353822 0.010780583309742554 0.010222113819570387 0.6049351655699093 0.011111113370991316 0.00989160446254691 0.014565507553854475 0.014565507553867147 5.1264474666493935 2.8517103422003394
470.0 13.041867618175692 -5.132655517163855 41.41910832635442 -475758.99131771835 2.366246156684522e-05 26.94500525157976 24.656529834850314 26.330044748796553 123.02556012753969 404.9456543903733 400.0 -0.0014323561340147794 0.5911572172763896 0.6149605027832059 0.0026428956830625277 16.29065504717659 2.556861820521352e-08 0.02148085471143791 0.011037056114694657 0.010443777883579591 0.6213509074396234 0.011389397182989557 0.010091457528448347 0.01489577925382442 0.01489577925383474 5.018558620144821 2.85301729334397
480.0 13.051151357391287 -5.137172902043757 41.976537704290614 -475513.09551349666 2.37767169939601e-05 27.063933005164326 24.710600603933916 26.432932657608077 122.60156718647974 404.51969569758853 400.0 -0.0014953474595962597 0.6047216060260853 0.6310003475562461 0.0028107036514033613 16.83299977768135 2.5662042086045443e-08 0.021960892113024454 0.011295042946908472 0.010665828444069905 0.6379753737637518 0.011669967779343192 0.010290924333681267 0.015227151552587167 0.01522715155259671 4.915171036211724 2.854431469388069
490.0 13.060486455170414 -5.1417539572566096 42.52461499621719 -475266.7768970819 2.3890907906723123e-05 27.181400166297557 24.76262943165682 26.534186630969206 122.17449482642562 404.0815706673552 400.0 -0.0015598011784110353 0.6183630778676812 0.6472135353283501 0.0029841051504200956 17.3733907382598 2.5756114321905312e-08 0.022442893053405452 0.011554572225298553 0.010888300097237185 0.6548061727141106 0.011952852893256965 0.010490040160148487 0.015559660321570435 0.015559660321562575 4.816009125034393 2.8559457934685697
500.0 13.069873011676641 -5.1463978094710985 43.063687833662016 -475020.05795162846 2.40051590030645e-05 27.297585717734815 24.81277856379258 26.633988651911096 121.74432629878262 403.63188641215373 400.0 -0.001625727179340091 0.6320828707652628 0.6635970658237155 0.003163080612792391 17.91132311705805 2.5850585132594016e-08 0.022926917701087086 0.011815670239345884 0.011111226722109322 0.6718406600007978 0.012238077355716885 0.0106888403453702 0.01589334021923252 0.015893340219224467 4.72081935009707 2.857553875434879
510.0 13.07931117496899 -5.151103620243684 43.59408651444871 -474772.95946137735 2.4119586829833608e-05 27.412653847541343 24.861195260919647 26.732506034711147 121.31104259123423 403.17118854298883 400.0 -0.001693135513418613 0.6458820999447804 0.6801478128301964 0.003347605167377194 18.4463224581124 2.5945222561555325e-08 0.023413023345731063 0.012078361186338746 0.011334641411062243 0.6890759973695005 0.012525663171872783 0.010887360173858277 0.016228224657722983 0.01622822465771417 4.62936806570083 2.8592499323226845
520.0 13.088801138175212 -5.155870584433559 44.11612507619788 -474525.5006671875 2.4234300794815415e-05 27.526755581168405 24.908013400603284 26.829893004564678 120.87462246483189 402.6999676241465 400.0 -0.0017620363809195622 0.6597617649403745 0.6968625766037235 0.0035376489688384288 18.977946113954737 2.6039812888210478e-08 0.023901264389051404 0.012342667224191039 0.01155857640789841 0.7065092082388711 0.012815629616128114 0.011085634772923287 0.01656434578160133 0.016564345781591012 4.541439604044689 2.8610287236539667
530.0 13.098343137028424 -5.160697928714305 44.63010229676173 -474277.69940571213 2.4349404023357135e-05 27.640030221287336 24.953354893367553 26.926292088863814 120.43504258829817 402.21866483226677 400.0 -0.0018324401192817722 0.6737227570041718 0.713738132423521 0.003733177543738445 19.505784335809153 2.613416081542672e-08 0.024391692356359313 0.012608608537625425 0.011783063053208575 0.7241372301037713 0.013107993343137923 0.01128369901322139 0.0169017344576003 0.016901734457588604 4.456834578905561 2.8628854925521527
540.0 13.107937447706117 -5.165584910176149 45.136302626457834 -474029.57223411894 2.4464994147522386e-05 27.752606631360955 24.99733093593254 27.021835356296503 119.99227764261605 401.7276769290482 400.0 -0.0019043571917118647 0.6877658667661847 0.730771275064457 0.003934152149547532 20.029461033628834 2.622808945391384e-08 0.024884355926313436 0.01287620341554042 0.01200813173675493 0.7419569634012111 0.013402768512075601 0.011481587414237831 0.017240420274233788 0.017240420274220656 4.375368377832496 2.86481591716495
550.0 13.117584384965664 -5.170530815013482 45.634997056933855 -473781.13454195653 2.4581163986014618e-05 27.864604370090706 25.040043121927745 27.11664551106111 119.54630033997071 401.2273606376924 400.0 -0.0019777981766452312 0.7018917920435983 0.7479588590295955 0.00414053014317124 20.548634236577016 2.632144012514527e-08 0.025379300976669017 0.013145468337627196 0.012233811856603506 0.75996531661057 0.013699966921790372 0.011679334054878648 0.017580431550214694 0.017580431550201274 4.296869818861761 2.8668160635341913
560.0 13.127284300512695 -5.1755349572920535 46.126443930981715 -473532.4006516441 2.4698002177945896e-05 27.976134708853117 25.08158442750013 27.210836874402457 119.09708150947542 400.71803650349574 400.0 -0.0020527737579787535 0.7161011457049855 0.7652978344506587 0.004352265355861935 21.062996282677318 2.641407200400512e-08 0.02587657064384189 0.013416418068404693 0.012460131784652998 0.7781592474231634 0.013999598154612316 0.011876972489229577 0.01792179535061868 0.017921795350603714 4.221179951180714 2.8688823487650406
570.0 13.137037581618372 -5.180596677791371 46.610889697664184 -473283.3839088005 2.4815593728782497e-05 28.087301534130088 25.122040086900334 27.30451625549854 118.64459016762393 400.19999230308156 400.0 -0.002129294716186869 0.7303944635087404 0.782785278631547 0.0045693084717389285 21.57227376464297 2.6505861621826674e-08 0.02637620539438865 0.013689065757072422 0.012687118838262226 0.7965357998837883 0.014301669726841425 0.012074535667547228 0.01826453750986609 0.018264537509848557 4.148150982064165 2.871011505812173
580.0 13.14684464991503 -5.185715342917195 47.08856961648124 -473034.09676358616 2.493402052106331e-05 28.19820215635914 25.16148837110945 27.39778373309414 118.18879351018475 399.6734860624266 400.0 -0.0022073719202590695 0.7447722118394052 0.8004184232650001 0.004791607407309555 22.07622725710283 2.6596702249886655e-08 0.02687824310647066 0.013963423041651999 0.01291479925757257 0.8150921374626092 0.014606187244046241 0.012272055862424417 0.018608682660548485 0.018608682660530066 4.077645314836075 2.8732005528842772
590.0 13.156705960406484 -5.190890343680421 47.55970841446902 -472784.55084396957 2.505336177803341e-05 28.30892803567624 25.200001280885672 27.490733358268965 117.72965695736946 399.1387487297447 400.0 -0.0022870163204248496 0.7592347952806496 0.8181946774072741 0.0050191076896919234 22.574650848883742 2.6686503182488907e-08 0.02738271915971706 0.014239500156146098 0.013143198188212054 0.8338255720725318 0.014913154559599465 0.012469564600117592 0.018954254267317217 0.01895425426729483 4.009534684687712 2.875446767852903
600.0 13.166622000620968 -5.196121094737782 48.02452089941535 -472534.75702186365 2.5173694464434724e-05 28.419565428127477 25.2376451641295 27.58345378179066 117.26714421102884 398.59598654887145 400.0 -0.002368238941720497 0.7737825639658631 0.8361116463368183 0.005251752831509774 23.067371502378865 2.677518893790871e-08 0.027889666531808348 0.014517306039452293 0.013372339668965103 0.852733589090645 0.015222573934917528 0.012667092596890825 0.019301274664933966 0.019301274664911015 3.9436993809284204 2.877747663710711
610.0 13.176593289938294 -5.201407033491165 48.48321253255256 -472284.725472842 2.5295093665286306e-05 28.53019596698461 25.274481266241306 27.67602882051828 116.80121722929387 398.0453831669124 400.0 -0.002451050878358313 0.7884158206620334 0.8541671464663309 0.00548948470048783 23.554248260715458 2.686269839433826e-08 0.02839911590045352 0.014796848445047923 0.01360224662406481 0.8718138684892365 0.015534446200160963 0.012864669700292562 0.01964976509984078 0.019649765099814427 3.880027545753558 2.880100966473457
620.0 13.186620379038855 -5.206747619241588 48.935979963505346 -472034.4657301706 2.541763294526397e-05 28.640897190197578 25.31056622105276 27.76853797369344 116.33183625450003 397.48710151025887 400.0 -0.0025354632888249947 0.8031348275449078 0.8723592165041327 0.005732243882246995 24.035171321971212 2.694898387682022e-08 0.028911095749367004 0.015078134050443349 0.013832940859716642 0.8910643022119791 0.015848770914192734 0.013062324835174268 0.01999974577445606 0.019999745774430054 3.8184145408854597 2.8825045981911614
630.0 13.196703849505816 -5.212142332395172 49.38301153039548 -471783.98673371045 2.5541384637070507e-05 28.751743004428846 25.34595248901151 27.861056879335177 115.85895982141339 396.9212854537094 400.0 -0.00262148739174167 0.8179398126365914 0.8906861250936722 0.00597997003467059 24.510060998573312 2.7034010209963366e-08 0.02942563247716905 0.015361168565671811 0.014064443064509012 0.9104830079683719 0.016165546522848784 0.013260085954320263 0.020351235893683286 0.02035123589365155 3.758762374548903 2.884956656675794
640.0 13.206844313530754 -5.2175906737176305 49.82448772746207 -471533.29687428445 2.5666420282728404e-05 28.8628041493541 25.380688748476526 27.953657774185263 115.382544728449 396.34806130894196 400.0 -0.00270913446242215 0.8328309758777249 0.9091463751688359 0.006232602232772302 24.97886657864011 2.7117753749805773e-08 0.02994275050804885 0.01564595684002881 0.01429677281333699 0.9300683396326513 0.016484770514591098 0.013457979993457748 0.02070425371293332 0.020704253712900588 3.7009791821773064 2.8874554161567736
650.0 13.217042413737698 -5.223092163634761 50.26058164263132 -471282.40403395897 2.579281026091583e-05 28.974148408049604 25.414820245312484 28.04640970276143 114.90254605921697 395.76753915151903 400.0 -0.0027984158300970257 0.8478084948176843 0.9277387052881721 0.006490079302719384 25.441565105081107 2.720020140709339e-08 0.030462472403302885 0.01593250296652717 0.014529948574485616 0.9498188944640947 0.016806439572832857 0.013656032830470033 0.021058816587246388 0.021058816587212183 3.6449787550646042 2.889999241558871
660.0 13.22729882311771 -5.228646341576445 50.691459367195144 -471031.31562267744 2.5920626559461492e-05 29.085841650404024 25.448389105356803 28.13937956219383 114.4189171754549 395.1798140045011 400.0 -0.002889342875778361 0.8628725299097507 0.9464620882101918 0.0067523401443125245 25.898160087036107 2.7281349672704617e-08 0.030984818972891667 0.016220810383519083 0.014763987719564615 0.969733517369519 0.017130549724296753 0.01385426924859492 0.021414941020975256 0.021414941020937727 3.5906801118769036 2.8925868582717964
670.0 13.237614245060257 -5.234252765361605 51.11728037956818 -470780.03861163225 2.604993361691814e-05 29.197945513606054 25.481434613813963 28.232629786624724 113.93160965422246 394.5849668948513 400.0 -0.0029819270306668897 0.8780232294036099 0.9653157269813285 0.007019324040998692 26.34868015727531 2.7361203654829837e-08 0.031509809386255264 0.016510881973071597 0.014998906535948436 0.9898113024434634 0.017457096482872674 0.014052712903382591 0.021772642717635775 0.02177264271759795 3.538007108544777 2.895216290652525
680.0 13.247989413477695 -5.239911010621998 51.538197904980876 -470528.5795637213 2.618082357012807e-05 29.310527675529684 25.51399346517155 28.326228626725793 113.44057330119854 393.98306579613575 400.0 -0.0030761797751904523 0.8932607338325711 0.9842990488038885 0.0072909709567715725 26.79317768812179 2.7439776136125084e-08 0.03203746128173411 0.016802720155748494 0.015234720241415239 1.0100515920223523 0.01778607498537944 0.014251386296354668 0.02213193662955403 0.022131936629513235 3.486888082584879 2.8978887457793476
690.0 13.258425093027178 -5.245620670262928 51.954359252856634 -470276.9446613846 2.6313285925089164e-05 29.423624293262485 25.546099986834765 28.420212596311504 112.94575615039368 393.3741664690833 400.0 -0.0031721126384318355 0.9085851800975931 1.0034116969509834 0.0075672218195618375 27.23172737752095 2.751708665794311e-08 0.03256779087404144 0.017096326981514358 0.01547144300071522 1.030453973493739 0.018117479952864113 0.014450310921177338 0.02249283700696591 0.022492837006924993 3.4372555283584068 2.9005941517017657
700.0 13.268922079416317 -5.2513813539588945 52.36590613341694 -470025.1397321074 2.6447694598838444e-05 29.537405655913354 25.577786339316653 28.51475213492956 112.44773087867861 392.7583132110807 400.0 -0.0032697371981821387 0.9239967051527009 1.0226535209837933 0.007848018790576434 27.664424815885475 2.7593160637496626e-08 0.033100813059276216 0.0173917042165544 0.01570908794376375 1.051018274094845 0.018451306325364552 0.014649506733911664 0.02285535744630775 0.022855357446264886 3.3890458001715156 2.903381001399841
710.0 13.279481073222568 -5.257192685395827 52.772974426951954 -469773.17042611516 2.65820397615396e-05 29.65175304887397 25.60908266577576 28.609728498050007 111.95896150031578 392.1355474463606 400.0 -0.0033690650476553364 0.9394954389503084 1.0420245508239656 0.008133305440594868 28.09138480184655 2.7668028419664726e-08 0.033636541168058046 0.0176888532358376 0.01594766702621333 1.0717445384212319 0.018787549040498678 0.014848992127559373 0.023219510703313986 0.023219510703269206 3.3421988298542384 2.906345713434873
720.0 13.290100174020933 -5.262881924860319 53.18522880514785 -469497.5456887863 2.6703657715023834e-05 29.7642773593177 25.639988796342475 28.70275266785218 111.52015796032099 391.52117784295496 400.0 -0.0034701071092743904 0.9550813007389385 1.0615246914655208 0.00842302557967627 28.5127349024828 2.7741722495562408e-08 0.03417498008785962 0.017987771302762023 0.01618718787214303 1.0926327098396105 0.01912619880250274 0.015048781285356874 0.023585304042525415 0.023585304042478827 3.2966576711440627 2.9091746830861247
730.0 13.300772966657425 -5.268434648127918 53.60353614504988 -469196.0853912511 2.681171284533534e-05 29.87477362866844 25.67052948130857 28.79362006277895 111.13367015249598 390.91718154791624 400.0 -0.003572873101615512 0.9707538911940073 1.081153565889491 0.008717126788945036 28.928607553735134 2.7814276496172083e-08 0.03471612235248495 0.018288449558469092 0.016427651874221544 1.1136824583564418 0.019467240529269732 0.01524888182321521 0.023952736172307507 0.02395273617226195 3.2523681304388172 2.9118684282045675
740.0 13.311497045091313 -5.27403498804512 54.0177830958587 -468893.8579430982 2.691859511868116e-05 29.985605707895584 25.700759766774137 28.88469420948303 110.75884021731348 390.307682539336 400.0 -0.0036773738702355254 0.9865132101263787 1.100911498412553 0.009015566284849575 29.339152242385044 2.788573087043023e-08 0.03525997247463681 0.01859088623531804 0.01666906531279111 1.1348942167381093 0.019810668406654307 0.015449304067982509 0.024321813456573072 0.024321813456526755 3.209279266791561 2.914723876656814
750.0 13.322272794796204 -5.279682584427071 54.42808595161506 -468590.8631829147 2.7026853187857425e-05 30.09709612595701 25.73070336656386 28.976296858028057 110.38214662475775 389.6927118533339 400.0 -0.003783621099885186 1.0023595143834148 1.1207992679289553 0.009318305614125845 29.744532667183883 2.7956129467251095e-08 0.03580654258769646 0.018895084139558174 0.016911437514979383 1.1562689288795984 0.020156482355212394 0.01565006023248406 0.024692547366237678 0.024692547366189848 3.167343077725739 2.9176613086123258
760.0 13.33310076879758 -5.285377087314949 54.834557826443934 -468287.0997009237 2.7136157875527978e-05 30.209141748203308 25.760382679514027 29.06832396528503 110.00286749468526 389.0722765697547 400.0 -0.003891626625959528 1.0182931021284296 1.1408177829182817 0.009625308857333249 30.144920410770226 2.802551674196955e-08 0.03635584524780849 0.019201046724249573 0.017154777583866413 1.1778077089603354 0.020504683459597044 0.015851161788211447 0.025064949657341636 0.025064949657296547 3.126514100227414 2.920621706987127
770.0 13.343981539070995 -5.291118158837765 55.23730796054102 -467982.5657120081 2.724665091383541e-05 30.321814369783752 25.78981884925739 29.16084632149544 109.62097168386902 388.4463869566783 400.0 -0.004001402401078667 1.0343143013654328 1.16096804828831 0.009936542587873317 30.54049332022205 2.8093937122948642e-08 0.03690789310909041 0.01950877790806928 0.017399094254888014 1.1995118078846225 0.020855273797740506 0.016052619311349894 0.025439032140667634 0.02543903214061229 3.0867492343512906 2.9236152370575375
780.0 13.35491569667464 -5.296905472867158 55.636441911993245 -467677.25906647864 2.7358348146029842e-05 30.435144473054994 25.81903184908553 29.253893322793473 109.23642719263609 387.8150446206668 400.0 -0.004112960502570987 1.0504234705927595 1.181251150261523 0.010251975910947472 30.93143425208843 2.8161434558360644e-08 0.03746269900988472 0.01981828211641162 0.017644395940987788 1.221382598502274 0.021208256495401936 0.016254442514482784 0.025814806728364406 0.025814806728305956 3.0480075917474614 2.926638501817546
790.0 13.365903851932801 -5.302738714690814 56.032061737796205 -467371.17725966615 2.7471299441519986e-05 30.549173011767557 25.848040558929952 29.347504769928157 108.84920114364324 387.1782458447081 400.0 -0.004226313140151498 1.0666209992451166 1.2016682418393982 0.010571580488138728 31.317929891739908 2.8228052119446157e-08 0.03802027605340379 0.02012956431789126 0.01789069077675871 1.243421561154488 0.021563635774216133 0.01645664027918766 0.026192285478155403 0.026192285478073712 3.010250355696188 2.9296917887226344
800.0 13.376946634649377 -5.308617580703915 56.4242661646909 -467064.31744053547 2.758554596720966e-05 30.663937449476766 25.876862835355386 29.44171692054001 108.45925967713298 386.5359818178171 400.0 -0.0043414726638452755 1.0829073079502796 1.2222205289367567 0.010895330548988613 31.700169647329435 2.8293831657294067e-08 0.03858063768295893 0.020442630056462442 0.018137986661553068 1.2656302696585895 0.021921416993312785 0.016659220689646145 0.026571480635071792 0.02657148063492387 2.973440651642221 2.9327744563416
810.0 13.388044694354686 -5.3145417781176585 56.81315075053482 -466756.67641936446 2.7701131753602302e-05 30.779475674494716 25.905515575361836 29.536566417231366 108.0665680497617 385.8882388400752 400.0 -0.0044584515719327 1.0992828486287485 1.2429092572633473 0.011223202890282112 32.07834461816572 2.8358813509965962e-08 0.03914379775210342 0.020757485479536937 0.018386291301507568 1.2880103778306513 0.022281606686163483 0.01686219106593995 0.026952404670924624 0.02695240467071265 2.9375434273214935 2.935886165924135
820.0 13.399198700601168 -5.320511024683958 57.19880803694741 -466448.2506744563 2.781810070970308e-05 30.89582504309804 25.934014774706245 29.63208934308048 107.67109053154121 385.23499850369797 400.0 -0.004577262519220185 1.1157481044649153 1.2637357000175586 0.011555176863596564 32.45264663684381 2.8423036256716374e-08 0.039709770590085965 0.021074137362528594 0.018635612250452134 1.3105636066327777 0.022644212590258575 0.01706555799982739 0.027335070321807427 0.027335070321527235 2.9025253416624635 2.9390265479440303
830.0 13.410409343282938 -5.3265250484358155 57.581327693675284 -466139.0363580783 2.7936497514926688e-05 31.013022736829072 25.962375581362444 29.72832159039383 107.27279040655546 384.57623785387466 400.0 -0.004697918325378896 1.132303589771332 1.2847011464352414 0.011891234352651346 32.823267383800726 2.8486536515963228e-08 0.04027857106283482 0.021392593130003086 0.01888595694974439 1.333291732008652 0.023009243674832713 0.017269327388002104 0.027719490623543175 0.027719490623199974 2.868354661720266 2.942195286257004
840.0 13.42167733299975 -5.332583587442485 57.960796655356695 -465829.02930154966 2.8056367506175855e-05 31.131105774207835 25.99061234467859 29.825298882976643 106.87163001161254 383.9119295294334 400.0 -0.0048204319834262935 1.148949849771004 1.3058068912311933 0.012231359741749256 33.190397572736146 2.8549348783707144e-08 0.040850214629861895 0.02171286087373088 0.019137332767120745 1.3561965734655281 0.023376710162414844 0.01747350446744705 0.028105678945169937 0.028105678945272793 2.835001166975711 2.9453920965649916
850.0 13.433003401455762 -5.338686389578943 58.33729925115258 -465518.2250195684 2.817775678766189e-05 31.25011108770144 26.018738660727863 29.9230568627387 106.46757057597497 383.2420418854678 400.0 -0.004944816668484936 1.1656874603282716 1.327054224962741 0.012575539870931681 33.554226205572 2.861150530901768e-08 0.04142471739774227 0.022034949368872174 0.019389747033990934 1.3792799834539724 0.02374662354640695 0.017678093851335314 0.028493649022165363 0.028493649022203027 2.8024360603919276 2.9486167234031417
860.0 13.444388301885617 -5.344833212309093 58.71091732765323 -465206.6187138676 2.8300712322731328e-05 31.37007560806572 26.046767414264963 30.021631182757826 106.06057238393107 382.5665390997121 400.0 -0.005071085746577606 1.1825170276244577 1.3484444253078878 0.012923763992247851 33.914939893223014 2.8673036003507953e-08 0.04200209616965159 0.022358868086211518 0.019643207082740855 1.4025438375511032 0.02411899660529615 0.017883099564355437 0.028883414985548014 0.02888341498552385 2.7706318856780965 2.9518689442906356
870.0 13.45583280953441 -5.351023822481992 59.081730365700245 -464894.2052760478 2.842528201396613e-05 31.491036322908734 26.074710817705828 30.121057573615044 105.65059452508532 381.8853812620972 400.0 -0.005199252783670368 1.1994391878320265 1.369978749293688 0.013276023709968788 34.272722241939306 2.8733968381481343e-08 0.04258236849254282 0.022684627203961985 0.01989772028210511 1.4259900255087135 0.024493843418787044 0.018088525073755773 0.029274991392418178 0.029274991392503107 2.7395624502626315 2.9551485614365043
880.0 13.467337722157216 -5.357257996140929 59.44981559130762 -464580.9792898325 2.8551514785688776e-05 31.61303035436856 26.10258044744384 30.22137192791964 105.23759504726476 381.1985244507549 400.0 -0.005329331554977517 1.2164546067811304 1.3916584264489218 0.013632312917571613 34.62775330123486 2.8794327527821422e-08 0.04316555270147015 0.023012237617277977 0.02015329407197807 1.449620443152265 0.024871179384061397 0.018294373317408758 0.02966839325449436 0.02966839325454478 2.709202753519341 2.95845540494455
890.0 13.478903860572212 -5.363535518344549 59.815248081276195 -464266.93503255444 2.8679460662603052e-05 31.736095021974176 26.130387277812016 30.322610369096306 104.82153085976701 380.50592079300503 400.0 -0.005461336054360381 1.2335639796402798 1.4134846528778668 0.013992627730814373 34.98020907093459 2.8854136090747337e-08 0.04375166796159373 0.023341710946031297 0.0204099359976426 1.473436985143933 0.02525102120152812 0.0185006467600656 0.030063636065258297 0.03006363606527328 2.6795289198356502 2.961789328788274
900.0 13.490532069234343 -5.36985618299997 60.17810086366799 -463952.06647608645 2.880917086462609e-05 31.86026791263697 26.15814171295684 30.42480932639256 104.40235767729267 379.807518514514 400.0 -0.005595280504033684 1.2507680306323907 1.4354585862444114 0.014356966413180948 35.330261065096906 2.8913414296631476e-08 0.0443407343084356 0.023673059541913788 0.020667653742923283 1.4974415386160262 0.025633386922178855 0.018707347386256745 0.030460735827208096 0.030460735827191537 2.6505181361441137 2.965150209578778
910.0 13.502223216872606 -5.376219792707189 60.538445013728385 -463636.3672869778 2.894069791096958e-05 31.985586957846596 26.185853616860175 30.52800561620083 103.98003003695104 379.10326197452963 400.0 -0.005731179364563915 1.2680675127974954 1.4575813416457657 0.014725329298256776 35.678075929628974 2.8972179984335658e-08 0.04493277268662699 0.0240062964945009 0.020926455162870197 1.521635977666384 0.02601829592582043 0.01891447676080655 0.030859709078298794 0.030859709078255953 2.622148593576647 2.968537948305715
920.0 13.513978197148244 -5.382626158614716 60.89634974531048 -463319.8308260551 2.9074095668736862e-05 32.11209048098255 26.213532341709563 30.632236492632572 103.55450118026913 378.39309169038063 400.0 -0.005869047345064828 1.285463207813763 1.4798539883499777 0.01509771870814699 36.02381511083794 2.9030448656605438e-08 0.04552780498745372 0.02434143563673125 0.021186348315824697 1.5460221587029435 0.026405768853793303 0.019122036133660418 0.03126057291810819 0.03126057291804646 2.5943994329250635 2.97195246246714
930.0 13.525797929360042 -5.389075100286008 61.25188249825 -463002.4501473454 2.9209419487446784e-05 32.23981728873353 26.241186754804424 30.73753974135904 103.12572312394954 377.6769443503469 400.0 -0.006008899413756149 1.302955925891527 1.5022775473744958 0.015474138868757476 36.367634572137696 2.9088233546259396e-08 0.04612585408563254 0.02467849155007354 0.021447341495028836 1.57060191662675 0.026795827840086793 0.019330026245545747 0.03166334503391013 0.03166334503383056 2.567250693623044 2.9753936922975672
940.0 13.537683359203326 -5.3955664455764 61.605109022001564 -462684.2179962854 2.934672628344087e-05 32.368806730311945 26.26882526416195 30.843953740432003 102.69364650838529 376.9547528149771 400.0 -0.006150750808909788 1.320546505752394 1.5248529898799388 0.01585459582257637 36.70968455613224 2.9145545695088947e-08 0.046726943875688896 0.02501747956962996 0.02170944325989977 1.5953770618384762 0.027188498217141532 0.019538445658547367 0.03206804372683176 0.03206804372673907 2.540683265987728 2.9788615953164004
950.0 13.549635459563536 -5.402100030520417 61.9560934556716 -462365.12680733664 2.948607464037572e-05 32.499098774833804 26.296455842959364 30.951517538488474 102.25822065460105 376.2264461083411 400.0 -0.0062946170500925306 1.3382358147018987 1.5475812363453292 0.01623909733935275 37.0501093892445 2.920239404347558e-08 0.04733109930821489 0.025358415789391877 0.021972662467031983 1.6203493780442304 0.027583813438556936 0.01974728586965797 0.032474687938256835 0.03247468793815661 2.5146788464795162 2.9823561482992336
960.0 13.561655231365787 -5.40867569922916 62.30489840481412 -462045.16870087717 2.9627524907151134e-05 32.630734076892786 26.324086052945344 31.060270920393314 101.81939343492779 375.49194939841436 400.0 -0.006440513949896465 1.3560247488077937 1.5704631564994749 0.01662765282526576 37.38904732625526 2.92587855289824e-08 0.04793834642642369 0.025701317067909603 0.022237008301081874 1.6455206208446214 0.027981802024516375 0.019956544401907316 0.03288329727668386 0.03288329727658062 2.489219895761328 2.985877343376342
970.0 13.573743704464226 -5.415293303797686 62.65158501511001 -461724.33547947515 2.9771139323008974e-05 32.763754062528164 26.351723066927 31.170254492554488 101.37711129172024 374.75118396783216 400.0 -0.006588457626075869 1.373914233191077 1.5934995699736734 0.017020273231002934 37.72663043204091 2.931472519224168e-08 0.04854871240327299 0.026046201034564533 0.02250249030561918 1.6708925170799878 0.028382492789837968 0.020166219613435028 0.03329389204517869 0.03329389204507893 2.4642895993542773 2.9894251908651985
980.0 13.5859019385986 -5.421952704222134 62.9962130433031 -461402.61862336774 2.991698211330961e-05 32.89820099668273 26.379373690439014 31.28150974903189 100.9313191474184 374.00406717377615 400.0 -0.006738464514204847 1.391905222441626 1.6166912476508428 0.017416970959174174 38.06298449805875 2.9370216288686878e-08 0.049162225579602294 0.026393086096727816 0.022769118414105446 1.696466764914809 0.028785916901490533 0.02037630867811176 0.03370649326968232 0.03370649326958641 2.43987183070594 2.992999715642965
990.0 13.598131024386138 -5.428653768326632 63.33884092539032 -461080.0092853483 3.0065119635697366e-05 33.034118072724254 26.407044382674822 31.394079159050108 100.48196032013705 373.25051239880827 400.0 -0.006890551380916161 1.4099987011622255 1.6400389136741438 0.017817759771491595 38.398228990963275 2.9425260404737327e-08 0.04977891550347645 0.02674199144792419 0.023036902981073852 1.7222450346301463 0.029192110744502384 0.020586804758974075 0.03412112272823806 0.034121122728152244 2.415951116498719 2.996600958320495
1000.0 13.610432084399445 -5.435396371699747 63.679525842555876 -460756.49828473723 3.0215620486083484e-05 33.17154949316326 26.434741276770563 31.508006245068135 100.02897655963511 372.4904289903306 400.0 -0.007044735337659624 1.4281956846551562 1.6635432480951264 0.018222654696008016 38.73247703118352 2.947985757726237e-08 0.05039881297128211 0.027092937077350738 0.023305854813706773 1.7482289701112963 0.029601108638150977 0.02079770433313114 0.03453780298149937 0.034537802981415025 2.392512604044448 3.000228975519856
1010.0 13.622806274267946 -5.442180397640567 64.0183237846362 -460432.07610082126 3.0368555621086596e-05 33.31054054551418 26.462470199497197 31.623335655393042 99.57230789500139 371.72372219194676 400.0 -0.0072010338551732845 1.4464972197500816 1.6872048901211352 0.0186316719348789 39.06583539890394 2.9534006415187205e-08 0.051021950070623066 0.027445943780756425 0.023575985203851665 1.774420190994095 0.030012945777288077 0.021009004293335003 0.03495655740445174 0.03495655740436788 2.3695420306170094 3.0038838357489865
1020.0 13.635254783876968 -5.449005737114326 64.35528961172702 -460106.7328652996 3.05239985327821e-05 33.451137714258856 26.490236690441172 31.7401132723108 99.1118926634187 370.95029306290684 400.0 -0.0073594647786167115 1.464904385790075 1.7110244419480543 0.019044828772818472 39.398404565581906 2.958770422231378e-08 0.051648360225668315 0.027801033173101588 0.02384730596070955 1.800820295462624 0.030427655164858645 0.021220705060809673 0.03537741021981183 0.03537741021973326 2.347025694594182 3.0075656253249865
1030.0 13.64777883861445 -5.4558722887175835 64.69047711377547 -459780.4583540319 3.068202536675344e-05 33.59338875498725 26.51804602071908 31.85838628184349 98.6476673410065 370.1700383884234 400.0 -0.007520046343506852 1.4834182957757924 1.7350024731437617 0.019462143486600626 39.730278748710084 2.964094712046858e-08 0.05227807824505403 0.02815822770303918 0.024119829444255822 1.8274308636667254 0.03084527066607027 0.021432807578983765 0.035800386533097854 0.03580038653302557 2.324950428282923 3.011274442114213
1040.0 13.660379700698664 -5.462779958653045 65.02393906850078 -459453.24197787815 3.084271508395402e-05 33.737342799889184 26.54590321128512 31.978203274325725 98.17956653756308 369.38285057906256 400.0 -0.007682797192385584 1.5020400976786703 1.7591395255634614 0.019883635255932508 40.06154598797419 2.9693730172231326e-08 0.0529111403728065 0.028517550669485286 0.024393568599592592 1.8542534617451807 0.03126582690884005 0.02164531346396646 0.03622551236964451 0.03622551236958436 2.3033035723166035 3.015010397899904
1050.0 13.673058670573456 -5.469728660714068 65.3557272976927 -459125.0727727023 3.1006149640667195e-05 33.883050468788525 26.57381305087583 32.09961435001587 97.70752293082205 368.5886175596906 400.0 -0.007847736392531177 1.5207709759281862 1.783436118772658 0.020309324075795134 40.3922882409005 2.97460475025796e-08 0.053547584342562494 0.02887902624045347 0.024668536992334632 1.881289646433644 0.03168935954953281 0.021858224793029683 0.036652814713744326 0.03665281471369336 2.282072951518643 3.0187736199890427
1060.0 13.685817088397336 -5.476718316279 65.68589272217278 -458795.9393883634 3.117241413668788e-05 34.03056396293556 26.601780113641674 32.22267120697333 97.23146715514723 367.78722264689407 400.0 -0.008014883454478578 1.5396121530831615 1.8078927559622282 0.02073923067064793 40.7225814963205 2.9797892418897294e-08 0.054187449435527356 0.029242679474382617 0.0249447488452398 1.9085409702456857 0.032115904933988026 0.022071544501539333 0.03708232155014255 0.03708232155009364 2.2612468521371274 3.022564247524872
1070.0 13.698656335594903 -5.483748854315397 66.0144854153423 -458465.83007687435 3.1341597024341264e-05 34.1799371918097 26.629808776497796 32.34742726147879 96.75132774127252 366.97854441612424 400.0 -0.008184258351639585 1.5585648916896626 1.8325099303309151 0.021173376410536435 41.05249590386866 2.9849257528826244e-08 0.054830776542369904 0.02960853634407963 0.025222219076161023 1.936008987204517 0.032545500127303534 0.022285276415066384 0.03751406190801274 0.03751406190796407 2.240814000358968 3.0263824344479673
1080.0 13.711577836529827 -5.490820211394504 66.34155465579019 -458134.7326793539 3.1513790297634614e-05 34.33122588847491 26.657903236246636 32.47393775654358 96.26703101021636 366.16245655544697 400.0 -0.008355881541081116 1.5776304963409522 1.8572881319313324 0.021611783229382585 41.382095918214276 2.990013485559566e-08 0.05547760822967427 0.029976623763628096 0.02550096333758956 1.9636952591261412 0.03297818311898901 0.02249942511068526 0.03794806590780089 0.03794806590775439 2.220763542023849 3.0302283481621486
1090.0 13.724583060240727 -5.497932331715947 66.66714897870645 -457802.6346121091 3.1689089691679174e-05 34.48448773220097 26.686067526493023 32.60225987724766 95.77850098838539 365.3388277086906 400.0 -0.008529773985426672 1.596810315938327 1.882227854953307 0.022054473545529966 41.711440456304 2.995051595043171e-08 0.05612798881102396 0.030346969618289282 0.025780998057838064 1.991601362428771 0.0334139924611661 0.02271399634985784 0.03838436481095182 0.03838436481090641 2.2010850234577317 3.0341021688458105
1100.0 13.737673522309827 -5.5050851671431875 66.99131622662814 -457469.5228514052 3.1867594930923764e-05 34.63978249845389 26.714305534404108 32.73245289300552 95.28565935078417 364.5075213041701 400.0 -0.008705957176130716 1.6161057461707158 1.9073296054483695 0.022501470184833575 42.040583066570875 3.0000392001832446e-08 0.05678196442341329 0.030719602797783276 0.026062340484170804 2.019728895477265 0.03385296722546378 0.022928997197949517 0.03882299107295241 0.03882299107290833 2.1817683733583526 3.03800409326775
1110.0 13.750850786817516 -5.512278677249752 67.31410359932569 -457135.38391718507 3.204940992565291e-05 34.79717217688431 26.74262101733455 32.86457826740838 94.78842526773191 363.66839537122706 400.0 -0.008884453158067122 1.63551823221452 1.9325939094759284 0.022952796306261854 42.36957210863301 3.0049753941429785e-08 0.05743958310914442 0.031094553233035196 0.026345008727954485 2.0480794864444167 0.03429514599095898 0.023144437118185444 0.03926397839978791 0.039263978399745006 2.1628038856638736 3.041934329401004
1120.0 13.764116468425472 -5.519512829376829 67.63555770318038 -456800.20385546226 3.223464308131671e-05 34.95672114750823 26.771017619360705 32.99869982583392 94.28671527105563 362.8213023419692 400.0 -0.009065284555722307 1.6550492716687228 1.9580213216743176 0.023408475330238297 42.698450942501424 3.00985925463096e-08 0.058100894903806384 0.03147185193671019 0.026629021812102263 2.0766548016964723 0.03474056841859365 0.023360326485212735 0.03970736180817625 0.039707361808133806 2.14418220334542 3.0458931010927386
1130.0 13.77747223458911 -5.52678759870251 67.9557246001443 -456463.968219346 3.242340750918719e-05 35.11849632008667 26.799498887755927 33.13488388583318 93.78044324817367 361.96608883757966 400.0 -0.00924847460089924 1.6747004177351035 1.9836124342534875 0.023868530869804228 43.02725812622059 3.014689853766401e-08 0.058765951930758044 0.0318515310477661 0.02691439972100404 2.1054565547027084 0.035189275465100145 0.0235766764656579 0.04015317768984286 0.040153177689800784 2.125894303066274 3.0498806460504047
1140.0 13.790919807889594 -5.53410296832308 68.27464985630507 -456126.66204874247 3.261582143571608e-05 35.28256735840051 26.82806828943635 33.273199471994495 93.26952023242659 361.10259543984984 400.0 -0.009434047162202976 1.6944732826522417 2.009367886406015 0.024332986664647907 43.356027620894245 3.019466267568204e-08 0.059434808502496606 0.03223362388022577 0.02720116345312263 2.1344865154684043 0.035641309198452154 0.023793499304044462 0.04060146388007114 0.040601463880030775 2.1079314806539666 3.053897224548114
1150.0 13.80446096851969 -5.541458929346964 68.59237859034478 -455788.269848485 3.281200807686905e-05 35.449006633607226 26.856729227418498 33.41371825946087 92.75385425238568 360.23065644516896 400.0 -0.009622026776463875 1.714369541399876 2.0352883741463526 0.024801866518135988 43.684789002342534 3.0241875850665213e-08 0.060107521229544866 0.032618164976516595 0.027489335076541423 2.1637465205057342 0.03609671235965384 0.024010808869891022 0.04105225973093121 0.04105225973089238 2.090285337337483 3.0579430781560935
1160.0 13.818097556917355 -5.548855481001787 68.90895552193194 -455448.7755648988 3.301209763683563e-05 35.61789030081159 26.885485057320377 33.55651564022954 92.23335031308874 359.3500996009031 400.0 -0.009812438682010783 1.7343909356848675 2.0613746605820507 0.025275194237400357 44.01356767852456 3.028852917035499e-08 0.060784149137310436 0.033005190165614685 0.027778937787679422 2.1932384833496035 0.03655552479188716 0.024228624345423274 0.041505606189465236 0.04150560618942736 2.0729477667030456 3.0620185892333835
1170.0 13.83183147657295 -5.556292630755301 69.22442502028 -455108.16256060626 3.321622147370589e-05 35.78929522221713 26.914339103946798 33.70166763558614 91.70791013660941 358.4607458223487 400.0 -0.010005308854249655 1.7545392782263531 2.0876275866309886 0.025752993576562296 44.34238511208951 3.0334614043511437e-08 0.06146475379157366 0.03339473662635428 0.028069995973469725 2.222964405637361 0.03701774369296922 0.024447010098604425 0.041961545881253136 0.04196154588121727 2.0559109423267246 3.066123703118916
1180.0 13.845664696999567 -5.563770394450697 69.5388311528788 -454766.413587602 3.342453553465667e-05 35.96331150258609 26.943294677991464 33.84926342039237 91.17743204131526 357.56240889007216 400.0 -0.010200664043546323 1.7748164573529601 2.1140480821937193 0.026235288183089477 44.671259047320675 3.038012225978777e-08 0.06214939943309874 0.033786842956164166 0.028362535277234292 2.2529263887653115 0.037483380183477064 0.02466601924962168 0.042420123199671235 0.042420123199636804 2.039167306043156 3.070260057996302
1190.0 13.859599256908126 -5.571288796457228 69.85221773472608 -454423.51075828675 3.36371348478422e-05 36.13999638088559 26.9723550929048 33.99935920307949 90.64181080024662 356.654895124581 400.0 -0.010398531815532566 1.7952244419350367 2.1406371778060977 0.026722101547430488 45.00020374105593 3.042504606601513e-08 0.06283815312218628 0.03418154924567574 0.028656582668628167 2.283126646153459 0.037952456918348594 0.024885696203837706 0.04288138440136415 0.04288138440132945 2.0227095568149136 3.0744230916319943
1200.0 13.873637267574102 -5.578847869836865 70.16462837804609 -454079.4355145092 3.385437431887658e-05 36.31954900579047 27.00152368196192 34.1521529890036 90.10093743260008 355.73800303856854 400.0 -0.010598940594236168 1.8157652866672855 2.167396016786869 0.027213456955887148 45.32923019696904 3.0469378238975114e-08 0.06353108489373269 0.03457889715950387 0.028952166517918234 2.3135675161377702 0.03842501575312045 0.02510606914061225 0.043345377708292894 0.04334537770825924 2.006530640166801 3.07863132849304
1210.0 13.887780916438022 -5.586447656528086 70.4761065428231 -453734.16859429213 3.4075674854896014e-05 36.501653613737936 27.030803815584807 34.30732774582419 89.55469907447714 354.8115229632284 400.0 -0.01080191970802756 1.8364411377285272 2.194325867913744 0.02770937744681453 45.65834640294149 3.0513112154822435e-08 0.06422826792372348 0.034978930023711365 0.02924931667501193 2.344251475530858 0.038901100691629525 0.02532716723209395 0.04381215341696313 0.0438121534169318 1.9906237381543348 3.0828177413514437
1220.0 13.902032470937566 -5.594088207547684 70.7866955882032 -453387.68999620585 3.430397679363617e-05 36.68802983969486 27.06019891896197 34.4666017010409 89.00368212811523 353.875236647918 400.0 -0.01100749943875504 1.857254238839516 2.2214281386539643 0.02820988577016368 45.98755757108992 3.055624185529385e-08 0.06492977870789209 0.0353816929203437 0.02954806455358127 2.375181153883249 0.039380757456774836 0.025549021251117264 0.044281764015294475 0.04428176401526319 1.9749822598355917 3.087257112456743
1230.0 13.916393566893355 -5.601769573303207 71.09643440236157 -453039.98342496593 3.452399784396556e-05 36.87322068351592 27.08971226961202 34.62451648743612 88.47635764961029 352.92896437239847 400.0 -0.011215710335857743 1.8782068016743876 2.248704196079799 0.028715002153215527 46.31686276519717 3.0598761554218046e-08 0.065635692816947 0.03578723016984906 0.029848441403870676 2.4063591204902854 0.03986403044051937 0.025771662376427647 0.04475426135273405 0.044754261352705035 1.9595997986256035 3.0915619955196045
1240.0 13.930854725689734 -5.609154026835351 71.44324276350069 -452611.4681647034 3.470945031540721e-05 37.0501351307428 27.11928547712408 34.77398278774171 88.04365734178923 352.07560090191765 400.0 -0.011426571451608717 1.8992988636723735 2.276152343001088 0.029224709942550487 46.646207041863654 3.064065740508488e-08 0.0663460145915906 0.0361955441200745 0.030150449218733125 2.4377843508313886 0.040350911704194234 0.025995102887396367 0.04522964990659639 0.04522964990656838 1.9444696372299501 3.095917395784403
1250.0 13.945403327213354 -5.6165465733896 71.79276566945207 -452173.4044141285 3.487867932380057e-05 37.222992972757176 27.14897076605409 34.91922383819459 87.64927648721101 351.22402034719545 400.0 -0.01164009476380321 1.9205292041925661 2.3037691345625877 0.02973897286376565 46.97554275895086 3.068191287651194e-08 0.06706070515989747 0.03660661312693292 0.03045407077034151 2.4694539740093173 0.04084136276650229 0.026219342393395174 0.045707905815586425 0.045707905815560744 1.9295851295874187 3.10005271188537
1260.0 13.960039370140937 -5.623977439118582 72.14163163398769 -451732.875189919 3.505313412302921e-05 37.399583244697155 27.17877466210797 35.068029055282 87.25311602155098 350.3650380988943 400.0 -0.01185630411009151 1.9418987792110263 2.3315541894151592 0.03025779035732646 47.30489331657128 3.0722520977746776e-08 0.06777979594992414 0.03702045772048764 0.03075931695668994 2.501368835596109 0.04133539684739078 0.026444399102533364 0.04618905215909726 0.04618905215907127 1.914940419189293 3.104479431664031
1270.0 13.974764324958683 -5.631446614069395 72.48987936517455 -451289.8500807634 3.5229931809659534e-05 37.578075051301916 27.208698757790504 35.21856755706156 86.85351603477449 349.4985171700083 400.0 -0.012075225141242284 1.9634088325169092 2.3595074942403564 0.030781166669886933 47.63428905262777 3.076247574294957e-08 0.06850332783238959 0.03743710419911332 0.031066202350122078 2.5335302469778913 0.041833034269665004 0.026670293562724576 0.04667311826853689 0.04667311826851238 1.9005299006816352 3.108877414123334
1280.0 13.9895797049716 -5.638954093888609 72.83754740449565 -450844.29788052174 3.540995399515137e-05 37.75898979782239 27.23874456789691 35.37136077789028 86.45041650435991 348.6243159984565 400.0 -0.012296883852050576 1.9850606240939928 2.3876290199321057 0.03130910648842893 47.96376002220251 3.080177114451158e-08 0.06923134226931868 0.037856579407246384 0.031374741568225846 2.565939531865011 0.042334296024968666 0.026897046244350013 0.047160133832766876 0.04716013383274346 1.8863481455930184 3.113317321370179
1290.0 14.004487068006224 -5.64649987987672 73.18467415927832 -450396.1865599765 3.5593079064674705e-05 37.942264886770786 27.268913534311746 35.52634616326461 86.04375568428217 347.74228826599096 400.0 -0.012521306588013013 2.0068554304446757 2.4159187235061665 0.03184161496576087 48.293336014131 3.08404011207894e-08 0.06996388132738281 0.03827891074788524 0.031684949274673656 2.598598028766652 0.04283920379637298 0.02712467753100982 0.04765012890832689 0.04765012890830491 1.8723898955460427 3.1177806157989036
1300.0 14.019488018245385 -5.654083979049306 73.53129793569728 -449945.48323653697 3.577945864170687e-05 38.1279985061186 27.299207030901368 35.68362195586448 85.63346995694872 346.8522827039944 400.0 -0.012748520052183165 2.028794544953889 2.4443765502541153 0.03237869774652469 48.62304657541326 3.0878359605464927e-08 0.07070098769100766 0.038704126195072075 0.0319968401798485 2.6315070937963863 0.04334777498300577 0.027353212708001895 0.04814313392981413 0.04814313392979258 1.8586500557875736 3.122272565948521
1310.0 14.034584208143462 -5.661706404205759 73.87745697191576 -449492.15414251405 3.596917613365921e-05 38.316248546320274 27.329626368486778 35.84324611019909 85.21949387342563 345.95414288851805 400.0 -0.012978551312255619 2.0508792782846244 2.473002436121184 0.03292036099372072 48.95292104315477 3.0915640558259895e-08 0.07144270467493319 0.0391322543061969 0.032310429041099854 2.6646681037933835 0.04386002136072361 0.027582683314209593 0.04863917972018638 0.04863917972016703 1.845123689018364 3.1267921077004983
1320.0 14.049777340446143 -5.669367174005683 74.22318947161098 -449036.16459163773 3.6162338424053704e-05 38.50708710545082 27.36017279990774 36.005290795140986 84.8017599073339 345.04770702344973 400.0 -0.013211427807773339 2.0731109588120695 2.501796310309836 0.033466611415927515 49.28298858412244 3.095223799681821e-08 0.07218907623641048 0.039563324234275145 0.032625730662662916 2.698082459770859 0.044375956121740855 0.027813120114669628 0.04913829750111302 0.049138297501095295 1.8318060095072097 3.131339879165785
1330.0 14.065069170338734 -5.677066313053211 74.56853363812924 -448577.4789434911 3.6359051641821924e-05 38.70058597971864 27.390847525188022 36.169827881608704 84.3801985039729 344.13280770903265 400.0 -0.013447177357613062 2.095490933103351 2.5307580981099345 0.03401745629549828 49.61327824197495 3.098814602956625e-08 0.07294014698722459 0.03999736574033948 0.0329427598952897 2.7317515907025407 0.044895594136508295 0.028044552850716286 0.04964051890347502 0.04964051890345756 1.818692377475663 3.135916083287337
1340.0 14.080461507706177 -5.68480385198979 74.91352770914365 -448116.0605660377 3.6559427935883994e-05 38.896820775235774 27.421651696797802 36.33693305129052 83.9547379620896 343.2092716970207 400.0 -0.013685828167651836 2.1180205664412197 2.559887723945247 0.03457290351779109 49.94381899202974 3.1023358889356643e-08 0.07369596220545073 0.04043440920593394 0.03326153163551105 2.7656769576447675 0.04541895025612819 0.028277011949322573 0.05014587597795105 0.050145875977935815 1.8057782937384101 3.1405210563419845
1350.0 14.095956219519591 -5.692579827595785 75.25820999197381 -447651.871796027 3.676358400419376e-05 39.09587000691839 27.45258642501841 36.50668489228458 83.52530424062002 342.2769196312661 400.0 -0.013927408838672627 2.1407012433964225 2.5891851146338056 0.035132961601620195 50.274639803580556 3.1057870967719265e-08 0.07445656784706373 0.04087448564582416 0.03358206082453584 2.7998600582016686 0.04594603925834886 0.028510528588714844 0.050654401205763123 0.05065440120574849 1.7930593945866606 3.1451551134837885
1360.0 14.111555232372444 -5.700394282901273 75.60261889979967 -447184.87389695103 3.697164188192931e-05 39.297815618437404 27.48365278341912 36.67916541557258 83.09182102546146 341.33556577071266 400.0 -0.014171948374590279 2.163534368455376 2.61865020286482 0.035697639731227936 50.60576970983334 3.109167684959237e-08 0.07522201055757737 0.0413176267210606 0.03390436244682718 2.834302431346917 0.046476875856188156 0.028745134701389223 0.05116612750967354 0.05116612750965925 1.7805314469029583 3.149818598724886
1370.0 14.127260535166513 -5.708247267306579 75.94679298879394 -446715.02701450995 3.718372907443829e-05 39.50274305580006 27.51485181444464 36.85446012491485 82.65420949035726 340.3850176959462 400.0 -0.014419476190834309 2.186521366704775 2.648282930885205 0.03626694778987667 50.93723788540707 3.112477134836438e-08 0.07599233768373533 0.0417638647524614 0.034228451528310416 2.8690056626049394 0.04701147469628992 0.028980862987445417 0.0516810882652548 0.05168108826524173 1.7681903434955624 3.1545118653731925
1380.0 14.14307418193671 -5.716138836713202 76.29077099609422 -446242.2901296937 3.7399978955035815e-05 39.710741533723564 27.546184535110857 37.03265827933608 82.21238824777014 339.4250759972908 400.0 -0.014670022123164874 2.2096636845716398 2.6780832543874804 0.036840896395208614 51.2690737313135 3.1157149541098315e-08 0.07676759728516462 0.04221323273450362 0.03455434313413534 2.903971389592765 0.04754985125163138 0.02921774603353325 0.052199317312356094 0.05219931731234389 1.7560320986407614 3.1592352847113054
1390.0 14.158998294879822 -5.7240690536654455 76.63459187922577 -445766.62100860087 3.762053111932742e-05 39.92190426226909 27.57765194283057 37.213853115654686 81.76627319919076 338.45553394206985 400.0 -0.014923616436677957 2.2329627906350367 2.708051146614411 0.03741949693680185 51.60130696772027 3.118880680385723e-08 0.0775478381464845 0.04266576434996208 0.03488205236614636 2.9392013079527732 0.04809202336096083 0.029455814785523674 0.052720848967083206 0.052720848967072 1.7440528438252743 3.1639892453545846
1400.0 14.175035067539257 -5.73203798750368 76.97829485655835 -445287.97614956734 3.7845531742991016e-05 40.13632868086813 27.609255021352613 37.39814207820825 81.31577741960027 337.47617712129363 400.0 -0.01518028983523298 2.2564201764993013 2.7381866026598805 0.03800276161588826 51.93396773424743 3.12197388469883e-08 0.07833310978949863 0.0431214939851304 0.0352115943598535 2.974697177663927 0.04863800774590543 0.02969510204359321 0.05324571803404201 0.05324571803403214 1.7322488236767228 3.1687741522952604
1410.0 14.191186768202693 -5.740045714529744 77.32191944933253 -444806.31072682625 3.807513400502626e-05 40.35411673606592 27.640994746834263 37.58562709208575 80.86081104385678 336.48678307274935 400.0 -0.015440073471206838 2.2800373577429704 2.7684896439801676 0.03859070348764796 52.26708669810389 3.124994175031333e-08 0.07912346248588932 0.0435804567459246 0.03554298428102311 3.0104608297612256 0.04918781909279131 0.02993564339309803 0.053773959819113384 0.053773959819103795 1.7206163920750943 3.1735904295107242
1420.0 14.207455743502257 -5.74809231818537 77.66550552517732 -444321.5785307844 3.830949854506711e-05 40.575375167346905 27.672872094043147 37.77641484423922 80.4012810543828 335.48712087948564 400.0 -0.01570299895565218 2.3038158749415754 2.7989603231076847 0.039183336506235435 52.60069517004323 3.127941199813368e-08 0.07991894727030638 0.04404268847486191 0.035876237321787866 3.0464941734672837 0.049741467811501024 0.030177479458805345 0.054305610142678526 0.05430561014267153 1.7091520084357859 3.17843851928134
1430.0 14.22384442226178 -5.756177889244356 78.0090933435413 -443833.73190427816 3.85487939267563e-05 40.80021582732043 27.704888042705697 37.97061709874095 79.93709125868793 334.4769507406924 400.0 -0.015969098368857654 2.327757294775989 2.8295987285794757 0.03978067557287332 52.93482522844624 3.130814651401967e-08 0.08071961595417822 0.04450822576917757 0.0362113686963413 3.082799203764868 0.05029896109959933 0.030420654854578885 0.05484070535351776 0.054840705353511314 1.697852234157548 3.183318887002781
1440.0 14.240355319567037 -5.764302526019511 78.35272360283223 -443342.7216750691 3.8793197151744446e-05 41.02875598769992 27.73704358399267 38.168350997632125 79.46814196353807 333.4560235149517 400.0 -0.016238404271357875 2.3518632112203726 2.8604049900677904 0.04038273658718258 53.26950985148339 3.133614269530364e-08 0.08152552113999349 0.044977105999984536 0.03654839363605929 3.1193780094100623 0.050860311868161555 0.030665209271831934 0.05537928234319138 0.05537928234318418 1.6867137292262855 3.1882320156089436
1450.0 14.256991041122856 -5.772466334585352 78.6964374898619 -442848.49708368705 3.90428942075202e-05 41.261118716566045 27.769339727167154 38.369739432832645 78.99432995237801 332.4240802305789 400.0 -0.016510949715456885 2.3761352468261654 2.8913792837334023 0.04098953650216596 53.604783057836336 3.136339844728933e-08 0.08233671623652218 0.045449367332835715 0.03688732738415934 3.156232781426705 0.0514255342813215 0.03091118195520068 0.05592137856122789 0.05592137856122251 1.6757332489696244 3.193178411866071
1460.0 14.273754287877095 -5.780669429017556 79.04027673142676 -442351.0057068066 3.929808069593139e-05 41.497433266734205 27.801777506388298 38.57491142894212 78.5155481926207 331.3808515638881 400.0 -0.016786768257202538 2.4005750540969797 2.9225218377920803 0.04160109338299179 53.9406800560381 3.138991221713024e-08 0.08315325547473545 0.045925048749619675 0.037228185189724636 3.193365822087345 0.05199464326530649 0.031158612209428987 0.05646703203095356 0.05646703203094926 1.6649076409541559 3.198158605383774
1470.0 14.290647860990541 -5.788911931650539 79.3842836487577 -441850.19337505917 3.955896247503241e-05 41.73783549673904 27.834357987702653 38.78400255841758 78.03168568779316 330.3260572782374 400.0 -0.017065893968972193 2.4251843169746468 2.953832938321457 0.04221742647019716 54.277237403057065 3.141568302741961e-08 0.08397519392499887 0.04640419007220547 0.03757098230125212 3.2307795544316784 0.05256765471985298 0.03140753920514588 0.05701628136633077 0.05701628136632631 1.654233842021533 3.203173150969202
1480.0 14.307674667102651 -5.797193973354344 79.72850121439464 -441346.00408585224 3.9825756320798e-05 41.982468296316206 27.867082276205775 38.99715536102671 77.54262728249483 329.25940562582565 400.0 -0.01734836145262473 2.449964752422951 2.9853129352895 0.042838556247292464 54.6144931721271 3.1440710509454336e-08 0.084802587515008 0.0468868319876183 0.03791573395941297 3.268476532318792 0.05314458571127272 0.031658001803735264 0.05756916578946624 0.05756916578946237 1.6437088754548284 3.208222626985029
1490.0 14.324837723987592 -5.805515693832359 80.07297311235764 -440838.37990987464 4.009869075372122e-05 42.23148211495955 27.899951523413698 39.214519866120156 77.04825340600468 328.18059270458974 400.0 -0.01763420585329006 2.4749181121332446 3.0169622488393966 0.04346450451345371 54.95248713063802 3.146499493625286e-08 0.085635493049146 0.04737301607524266 0.03826245538920666 3.306459451076199 0.053725454711448926 0.031910038337697066 0.058125725149237015 0.0581257251492351 1.633329848272538 3.2133076404028427
1500.0 14.342140166608322 -5.813877241941505 80.41774380169616 -440327.2608910915 4.037800684311449e-05 42.48503548004712 27.93296693485067 39.43625410421224 76.54843985292207 327.08930176795343 400.0 -0.017923462873870043 2.500046184353372 3.048781375834882 0.0440952944616266 55.29126092850077 3.148853725535516e-08 0.0864739682291886 0.0478627848361129 0.038611161791375546 3.344731158772934 0.05431027779411182 0.03216369043507676 0.05868599994098652 0.05868599994098412 1.6230939486444476 3.218428826917937
1510.0 14.359585253592831 -5.822278776036559 80.76285858364588 -439812.5849398093 4.066395909431172e-05 42.743295560966345 27.96612977786676 39.662524664289286 76.04305751129856 325.9852024839274 400.0 -0.018216168790244205 2.525350795845061 3.0807708966770546 0.044730950762471265 55.63085829755592 3.151133912146329e-08 0.08731807167638819 0.04835618172441927 0.038961868332982826 3.3832946681542144 0.05489904651371481 0.032419025162673365 0.059250031327308765 0.059250031327308036 1.6129984434244962 3.2235868505732705
1520.0 14.377176374178749 -5.83072046434064 81.1083636728235 -439294.2877180956 4.095681644790966e-05 43.00643881080268 27.999441389708625 39.893507328389745 75.53197209523054 324.8679501381213 400.0 -0.018512360467281132 2.5508338139810656 3.1129314824129293 0.04537149965461074 55.97132526279075 3.15334029290042e-08 0.08816786295515006 0.048853251181492266 0.03931459013710452 3.4221531692887086 0.055491770550901105 0.032676092404248944 0.059817861160087846 0.059817861160087395 1.6030406757968398 3.2287824069826194
1530.0 14.394917055678782 -5.839202485343985 81.45430627294692 -438772.30251673504 4.125686336008567e-05 43.27465165812173 28.032903185870538 40.12938775596174 75.01504385238543 323.73718477484726 400.0 -0.01881207537570142 2.5764971489945125 3.1452639021599946 0.046016969041853165 56.312710366234164 3.155473184472315e-08 0.08902340259852906 0.049354038672522395 0.03966934227160633 3.461310042986577 0.0560884878513877 0.032934914747141365 0.060389532003927326 0.06038953200392488 1.5932180630317292 3.2340162258207297
1540.0 14.412810971500267 -5.84772502823343 81.80073465739177 -438246.5601231556 4.156440095943771e-05 43.548131242147655 28.06651666874568 40.37036221128308 74.49212723653942 322.592530272246 400.0 -0.019115351609900615 2.6023427563876687 3.1777690308645736 0.04666738859786569 56.65506490439955 3.1575329840408996e-08 0.08988475213558497 0.04985859072619656 0.040026139736862684 3.5007688750414556 0.056689248241166904 0.03319550389441807 0.06096508716102017 0.060965087161019525 1.5835280943472758 3.2392890711382636
1550.0 14.430861949773039 -5.856288293355142 82.14769825508608 -437716.98867945554 4.187974833346985e-05 43.82708623855661 28.10028343660821 40.61663838113474 73.96307059030556 321.43359334334417 400.0 -0.019422227906689404 2.628372639512712 3.210447857421868 0.04732278987893325 56.99844318035868 3.159520172589098e-08 0.09075197412078152 0.050366954977530125 0.04038499745232369 3.5405334713647885 0.05729410551497021 0.033457868605811326 0.061544570697600755 0.0615445706976003 1.5739683288741255 3.2446017448906095
1560.0 14.449073982647246 -5.864892492713613 82.49524774231136 -437183.5135295619 4.2203243923589676e-05 44.11173773644865 28.13420519295954 40.868436243260014 73.42771572623218 320.2599624576216 400.0 -0.01973274366517385 2.654588852338398 3.243301493188642 0.047983206445623504 57.34290277166508 3.161435318245962e-08 0.0916251321656283 0.05087918021417898 0.04074593024184493 3.5806078740882565 0.05790311701218185 0.033722015153446465 0.06212802747209967 0.06212802747210156 1.5645363937204633 3.249955086296321
1570.0 14.467451236317908 -5.87353785051011 82.8434351409347 -436646.0570545914 4.2535247066333136e-05 44.402320236945194 28.168283756273503 41.12598905602431 72.88589761376609 319.0712066732912 400.0 -0.02004693896776388 2.680993502415399 3.276331180920884 0.04864867399399022 57.68850481547831 3.163279079688709e-08 0.09250429097269491 0.05139531642653033 0.04110895281761095 3.620996378715694 0.05851634439370656 0.03398794657898836 0.06271550316513858 0.06271550316514021 1.5552299821347118 3.2553499780717967
1580.0 14.485998061861341 -5.88222460372423 83.1923139238523 -436104.5384950811 4.287613970194387e-05 44.699082718972704 28.20252107018699 41.38954441479211 72.33744384603746 317.86687437296666 400.0 -0.020364854602436575 2.707588754060057 3.3095383041805877 0.04931923049735838 58.03531431250712 3.1650522096256066e-08 0.0933895163723149 0.051915414861965214 0.041474079762576554 3.66170355242487 0.05913385553631319 0.03425566083600171 0.06330704431156445 0.06330704431156793 1.546046851764399 3.2607873457375436
1590.0 14.504719006955355 -5.890953002742643 83.54193912830668 -435558.87375892757 4.322632821753338e-05 45.0022898246704 28.23691921417995 41.65936542741729 71.78217425512791 316.6464918913945 400.0 -0.020686532086362494 2.7343768317724915 3.3429243972531064 0.049994916359504524 58.38340045150608 3.166755558381647e-08 0.09428087536213343 0.05243952808365235 0.04184132551122077 3.7027342536215073 0.059755725947907685 0.03452514941422573 0.06390269833468112 0.0639026983346834 1.5369848230092633 3.2662681624966114
1600.0 14.523618828563215 -5.899723312039356 83.8923674778082 -435008.9752137306 4.358624548372293e-05 45.312223140163596 28.271480414792485 41.935731984542805 71.21990036944715 315.40956202597044 400.0 -0.021012013691007393 2.7613600239055707 3.3764911556207893 0.050675774580364985 58.732836956253664 3.168390077611975e-08 0.09517843614962168 0.052967710034203155 0.042210704328406186 3.7440936528585356 0.06038211515114564 0.03479632099847606 0.06450251358275531 0.06450251358275905 1.528041777467001 3.271793449325003
1610.0 14.542702506694994 -5.908535810912661 84.24365751370216 -434454.7514617612 4.395635315215888e-05 45.62918266777255 28.306207057444933 42.21894222071655 70.65042491829155 314.1555624151302 400.0 -0.021341342468806715 2.7885406866113827 3.410240447055995 0.051361850935408265 59.08370245736811 3.169956824172887e-08 0.09608226819795553 0.05350001610475549 0.042582230286173854 3.78578725526221 0.061013225278468745 0.035069042919486794 0.06510653936812678 0.06510653936813285 1.519215656471303 3.277364282906547
1620.0 14.56197525936519 -5.917167551023128 84.56599879428019 -433922.9583234197 4.4337144133250425e-05 45.95339511852522 28.341008448278863 42.509220795125145 70.07354115000489 313.19819935718743 400.0 -0.021674562281601365 2.8159212480916596 3.4441743234000795 0.05205319417012452 59.43608089155197 3.171456964183025e-08 0.09699244227558562 0.05403650321001122 0.042955917238276 3.8278209246184476 0.06164920293185606 0.035343239343729564 0.06571482600914952 0.06571482600915643 1.5105044597219661 3.2829940892049936
1630.0 14.581442558847211 -5.92569623423088 84.86980760840167 -433404.98280030506 4.472914539568436e-05 46.28523754631375 28.375922669696724 42.80694251322371 69.48903226333616 312.43070270051146 400.0 -0.022011717830957307 2.8435042131717685 3.4782950330900397 0.05274985621093689 59.79006193102844 3.1728917773092446e-08 0.0979090305095388 0.05457722986964905 0.043331778792064464 3.870200909275203 0.06229016084669291 0.035618869662845894 0.06632742487504678 0.06632742487505186 1.5019062440062207 3.2886794540166147
1640.0 14.601110149411527 -5.934264244721037 85.17415614283158 -432883.8404655065 4.5132921043476006e-05 46.625135393628945 28.41101269128712 43.112530359094265 68.89667072339643 311.65329942221007 400.0 -0.02235285469053172 2.8712921682431656 3.5126050345346753 0.053451892394432814 60.14574144673253 3.174262661321359e-08 0.09883210644322052 0.05512225629700897 0.04370982827760872 3.9129338700770737 0.0629362157940389 0.0358958906491816 0.0669443884342353 0.06694438843424007 1.4934191220133506 3.294413732005438
1650.0 14.620984066655215 -5.942871815371835 85.47909646683195 -432359.45168246614 4.5549075724910324e-05 46.9734798042347 28.446281577310387 43.4263727938247 68.29621738802106 310.8656763723031 400.0 -0.02269801934071684 2.8992877865920583 3.547107010410003 0.05415936171648551 60.50322200870161 3.1755711369578025e-08 0.0997617450985256 0.055671644495432236 0.04409007871346678 3.9560269105191597 0.06358748846378093 0.036174256634744675 0.06756577030605532 0.06756577030606105 1.4850412612418407 3.3001982558829166
1660.0 14.641070658657336 -5.951519192720648 85.78468251629646 -431831.7329511538 4.5978258493224715e-05 47.33069020649246 28.48173262270853 43.748886323489785 67.68742075966836 310.06750371278815 400.0 -0.023047259205672254 2.9274938341697205 3.581803883002682 0.05487232710367641 60.86261342824119 3.1768188531579684e-08 0.10069802304316731 0.05622545836335412 0.044472542768921486 3.999487609394735 0.06424410333717837 0.03645391970598895 0.06819162531656024 0.06819162531656772 1.4767708830025439 3.3060344334982243
1670.0 14.661376609147212 -5.960206637748854 86.09097025124417 -431300.596627449 4.642116708912351e-05 47.69721702786169 28.51736937012305 44.080518197148386 67.07001611646918 309.25843366897374 400.0 -0.02340062269317523 2.9559131758422192 3.616698830713309 0.05559085570926622 61.22403334663505 3.178007592718595e-08 0.10164101846344517 0.056783763808922375 0.0448572327221298 4.043324056205138 0.06490618853855043 0.03673482992489475 0.06882200955859578 0.0688220095586019 1.4686062615195234 3.3119237557957106
1680.0 14.681908962936381 -5.9689344267389775 86.39801782801756 -430765.95061534265 4.687855271148173e-05 48.07354464570881 28.553195628214148 44.42174933984538 66.44372432963299 308.4380991577999 400.0 -0.023758159237315286 2.9845487821740413 3.6517953058634385 0.05631501923651821 61.58760787606489 3.179139278441971e-08 0.10259081124306522 0.057346628875227235 0.04524416041371329 4.087544889658285 0.06557387625954403 0.0370169349835212 0.06945698045664742 0.06945698045665387 1.460545723132198 3.3178677923408064
1690.0 14.702675153862309 -5.977702852212611 86.70588578780641 -430227.6980290123 4.735122540611909e-05 48.4601948202935 28.58921549142971 44.77309776634085 65.80825090881591 307.60611227836364 400.0 -0.024119919344502597 3.013403736794951 3.687097053952655 0.057044894292266744 61.9534722989997 3.1802159798497255e-08 0.10354748304830039 0.05791412387714934 0.0456333371950705 4.1321593396056375 0.06624731744463043 0.037300165603669964 0.07009659683676271 0.07009659683677041 1.4525876456020563 3.323868205461347
1700.0 14.723683035601395 -5.9865122239581545 87.01463726384414 -429685.7368205073 4.78400601561385e-05 48.85773051772703 28.625433361429426 45.13512238315909 65.16328473850396 306.76206264789624 400.0 -0.02448595464308062 3.0424812444302884 3.722608134567935 0.05778056277454431 62.321771833697966 3.181239920552853e-08 0.10451111742056933 0.058486321551407414 0.046024773870908205 4.177177272862365 0.06692666832494099 0.03758444909562836 0.07074091900235134 0.07074091900235818 1.4447304575305484 3.3299267571675513
1710.0 14.744940915680836 -5.995362870159372 87.32433820942767 -429139.9593691222 4.834600369530166e-05 49.2667601828884 28.661853970359562 45.5084272387501 64.5084967275218 305.9055155615834 400.0 -0.024856317936869723 3.0717846396594233 3.7583329441382944 0.05852211229811481 62.69266247411706 3.182213486374207e-08 0.10548179987679622 0.05906329722110851 0.04641848063505089 4.222609243371515 0.0676120854302581 0.03786971444653813 0.07139000881623472 0.07139000881624386 1.4369726378934087 3.336045314632479
1720.0 14.766457593114911 -6.004255138637021 87.63505764954594 -428590.2520273906 4.887008225718282e-05 49.687942601839076 28.698482406226336 45.893666361059616 63.843538312723055 305.0360099557072 400.0 -0.025231063263127854 3.101317396491633 3.794276240779465 0.059269636662530156 63.06631191410587 3.183139234338673e-08 0.10645961801843473 0.059645128976589246 0.046814466998623794 4.268466547271457 0.06830371732564568 0.038155900692789034 0.07204392978969011 0.07204392978969973 1.4293127156993979 3.342225858734861
1730.0 14.788242400158317 -6.013189398217696 87.94686795933717 -428036.49461784406 4.9413410403179434e-05 50.12199245377177 28.735324140652825 46.291549282261954 63.16803982745209 304.153056146133 400.0 -0.025610245955412426 3.1310831388616367 3.8304431715098164 0.060023236368178495 63.44290056730149 3.184019902663123e-08 0.10744466165014101 0.06023189787456563 0.047212741709575894 4.314761283511004 0.06900171884575566 0.038442942804385344 0.07270274717928188 0.0727027471792894 1.4217492697830714 3.348470497127719
1740.0 14.81030524874462 -6.022166040246397 88.25984517308684 -427478.5598737878 4.9977201001179194e-05 50.56968654038961 28.772385059348004 46.70284723822755 62.48160861197943 303.25613331035055 400.0 -0.0259939227118822 3.1610856521621047 3.866839302162063 0.060783019186450724 63.82262269600616 3.1848584218984304e-08 0.10843702290919767 0.060823688157939045 0.047613312662298 4.361506420757924 0.0697062561606071 0.03873076674859056 0.07336652809242195 0.07336652809242811 1.4142809287429523 3.3547814698596925
1750.0 14.832656682231974 -6.031185480261762 88.57406932782577 -426916.31281668274 5.056277667251221e-05 51.03187096971794 28.80967149565024 47.128400319369014 61.78382700454233 302.3446866808125 400.0 -0.02638215166963508 3.191328895934361 3.9034706503489307 0.06154910079099889 64.20568766424833 3.185657927398633e-08 0.10943679640647813 0.061420587498673615 0.04801618679571 4.40871587144251 0.07041750486346271 0.039019291543015415 0.07403534160240298 0.07403534160241167 1.406906371037475 3.361161164100029
1760.0 14.855307933272606 -6.040248159856169 88.8896248468639 -426349.6100604609 5.11715828963522e-05 51.50946937577748 28.84719026761009 47.56912565383575 61.07425010202834 301.41812440151 400.0 -0.026774992485918976 3.221817017889085 3.9403437219417317 0.062321605458674524 64.59232133340835 3.186421773326373e-08 0.11044407938083528 0.0620226872671526 0.04842136997829302 4.456404573973257 0.07113564788642557 0.039308431494409705 0.07470925887440952 0.07470925887441979 1.399624325256352 3.367612130248388
1770.0 14.87827098866104 -6.049354548746536 89.20660096883313 -425778.2990326077 5.18052030895888e-05 52.003492298615434 28.88494871910597 48.026026747065366 60.35240304685387 300.47581400476747 400.0 -0.02717250642693169 3.252554369420776 3.9774655515500634 0.06310066684963594 64.98276762131063 3.187153548433591e-08 0.11145897186791762 0.0626300828312724 0.04882886687781178 4.5045885842745745 0.07186087588828768 0.03959809597962992 0.07538835330346642 0.0753883533034761 1.3924335705851267 3.3741370895998655
1780.0 14.901558662277925 -6.058505147086164 89.52509222953262 -425202.21709876996 5.246537601429023e-05 52.51504811963629 28.92295476562663 48.50020437200748 59.61777828907455 299.5170784441759 400.0 -0.02757475646529395 3.2835455228463486 4.014843747628812 0.06388642887827983 65.37729025018615 3.187857093905676e-08 0.11248157688578699 0.06324287388985134 0.04923868081352359 4.553285178068844 0.07259338767517734 0.03988818921060966 0.07607270066626326 0.07607270066627245 1.3853329374876495 3.3807389601859064
1790.0 14.925184677325575 -6.067700488053397 89.84519900436665 -424621.1905767019 5.3154015829888323e-05 53.04535551645918 28.96121694540369 48.992868973571 58.86983222622019 298.54119161785223 400.0 -0.027981807387250555 3.314795290592968 4.052486542888189 0.0646790466880684 65.77617471270615 3.188536523600442e-08 0.11351200063864701 0.06386116484484257 0.049650813587694034 4.6025129654988985 0.07333339066514326 0.04017860997350378 0.07676237928813798 0.07676237928814797 1.3783213086321267 3.3874208636209713
1800.0 14.94916375941941 -6.076941140759354 90.16702812158287 -424035.0336210088 5.38732358734915e-05 53.59575842914703 28.99974447677655 49.50535557826826 58.107981603475366 297.5473732980299 400.0 -0.028393725910957027 3.3463087466516117 4.090402850878772 0.06547868774652509 66.17973049183048 3.1891962470869175e-08 0.1145503527417813 0.06448506521862554 0.0500652652932438 4.652292020078898 0.0740810670898787 0.0404692856519026 0.07745747022775981 0.07745747022777041 1.3713976200960285 3.3941861729982095
1810.0 14.973511742285705 -6.086227713525081 90.49069355771147 -423443.5469579579 5.462537487513544e-05 54.1677420202524 29.03854732277863 50.03913969052306 57.33159921522801 296.53478336837264 400.0 -0.02881058081738024 3.378091250628513 4.128602329729343 0.06628553307904844 66.58829357635794 3.189840995957864e-08 0.11559674646996713 0.06511469012299423 0.05048203409317445 4.702644024263009 0.07483658746267322 0.040760159007293933 0.07815805748159743 0.07815805748160709 1.3645608628886428 3.401038456853916
1820.0 14.998245688260575 -6.095560857588222 90.81631722951268 -422846.51644435857 5.541303347002929e-05 54.76295675869141 29.077636264175815 50.59586130443723 56.54000923026395 295.502515250141 400.0 -0.029232443095712126 3.4101484748237603 4.167095454254182 0.06709977866434996 67.00222932317575 3.190475853992166e-08 0.11665129903304725 0.06575016078837284 0.05090111596692456 4.753592434437055 0.07560017744099991 0.04105112159204735 0.0788642282113079 0.07886422821131861 1.357810084841062 3.4079817846886455
1830.0 15.023384026128644 -6.104941271311279 91.14402989895581 -422243.7114204747 5.623909562874961e-05 55.38322676080428 29.11702298237916 51.17733316296833 55.73248174707838 294.4495883737846 400.0 -0.029659386105275604 3.442486434809671 4.205893597835944 0.06792163701822941 67.42193572697113 3.191106291854148e-08 0.11771413188168905 0.06639160516268615 0.051322504417258906 4.805162668633392 0.0763721200535385 0.04134201182815056 0.07957607299689795 0.07957607299690797 1.3511443929206441 3.41501974619957
1840.0 15.048946709588026 -6.114369704979054 91.47397221265214 -421634.8828180905 5.7106835140262465e-05 56.03063515919151 29.156720154058114 51.785626033302414 54.908226395063856 293.374939521215 400.0 -0.0300914857567992 3.475111524152889 4.2450091258891005 0.06875133899923794 67.847847172756 3.191738207179821e-08 0.1187853710492168 0.06703915859266601 0.051746190130794276 4.8573823211082106 0.07715272727562347 0.04163264377359334 0.0802936861205405 0.0802936861205507 1.344562956045765 3.4221592204762166
1850.0 15.074955400103926 -6.1238469662910395 91.806295900216 -421019.7609792459 5.8019739912051545e-05 56.707341759654035 29.19674155954472 52.42288625668339 54.066385180791784 292.27741282255664 400.0 -0.03052882071588904 3.5080305539670937 4.284455502970642 0.06958913587536927 68.28043876139566 3.192377971069066e-08 0.11986514753360519 0.06769296460131578 0.05217216058252899 4.910281408647487 0.07794234378994926 0.04192280374365595 0.0810171658849976 0.08101716588500871 1.3380650084861414 3.4293966769912436
1860.0 15.101433678960106 -6.133373926678525 92.14116516286114 -420398.05312880425 5.898242983845751e-05 57.41643216690434 29.23710220768268 53.09218475074288 53.20602413252154 291.15574814984865 400.0 -0.03097147263244781 3.5412507981998997 4.3242474161614615 0.07043530170082939 68.72023132042702 3.1930324822511455e-08 0.12095359772653641 0.06835317577951994 0.052600399573290754 4.963892654694176 0.07874135990259126 0.04221223782394514 0.0817466149726948 0.08174661497270516 1.3316498539595605 3.4367687203124904
1870.0 15.128407294460729 -6.142951528606567 92.47875829097369 -419769.44043054554 5.999755405811428e-05 58.158928381849954 29.2778184803948 53.794527463896046 52.32612340653056 290.0085675736136 400.0 -0.03141952640077894 3.574780045762804 4.364400917953913 0.07129013606321954 69.16779723927674 3.193709230493948e-08 0.12205086389778501 0.06901995481389932 0.053030886686266605 5.018251818821266 0.0795502210001918 0.04250064289759323 0.08248214085274798 0.08248214085275841 1.3253168705624911 3.4441667132579714
