#T volume alpha alpha_xx alpha_yy alpha_zz alpha_yz alpha_zy alpha_xz alpha_zx alpha_xy alpha_yx
0.0  12.718909   0.0000e+00  -2.2594e-09  -2.2594e-09  -2.2594e-09   1.0696e-10   1.0696e-10   1.0696e-10   1.0696e-10   1.0696e-10   1.0696e-10
10.0  12.718941   3.2781e-07   3.2781e-07   3.2781e-07   3.2781e-07  -8.6209e-09  -8.6209e-09  -8.6209e-09  -8.6209e-09  -8.6209e-09  -8.6209e-09
20.0  12.719281   1.6125e-06   1.6125e-06   1.6125e-06   1.6125e-06  -4.2215e-08  -4.2215e-08  -4.2215e-08  -4.2215e-08  -4.2215e-08  -4.2215e-08
30.0  12.720254   3.5463e-06   3.5462e-06   3.5462e-06   3.5462e-06  -9.2169e-08  -9.2169e-08  -9.2169e-08  -9.2169e-08  -9.2169e-08  -9.2169e-08
40.0  12.722007   5.6325e-06   5.6324e-06   5.6324e-06   5.6324e-06  -1.4447e-07  -1.4447e-07  -1.4447e-07  -1.4447e-07  -1.4447e-07  -1.4447e-07
50.0  12.724539   7.5983e-06   7.5980e-06   7.5980e-06   7.5980e-06  -1.9118e-07  -1.9118e-07  -1.9118e-07  -1.9118e-07  -1.9118e-07  -1.9118e-07
60.0  12.727780   9.3449e-06   9.3446e-06   9.3446e-06   9.3446e-06  -2.2932e-07  -2.2932e-07  -2.2932e-07  -2.2932e-07  -2.2932e-07  -2.2932e-07
70.0  12.731646   1.0862e-05   1.0862e-05   1.0862e-05   1.0862e-05  -2.5857e-07  -2.5857e-07  -2.5857e-07  -2.5857e-07  -2.5857e-07  -2.5857e-07
80.0  12.736052   1.2172e-05   1.2171e-05   1.2171e-05   1.2171e-05  -2.7963e-07  -2.7963e-07  -2.7963e-07  -2.7963e-07  -2.7963e-07  -2.7963e-07
90.0  12.740924   1.3301e-05   1.3300e-05   1.3300e-05   1.3300e-05  -2.9350e-07  -2.9350e-07  -2.9350e-07  -2.9350e-07  -2.9350e-07  -2.9350e-07
100.0  12.746200   1.4277e-05   1.4277e-05   1.4277e-05   1.4277e-05  -3.0120e-07  -3.0120e-07  -3.0120e-07  -3.0120e-07  -3.0120e-07  -3.0120e-07
110.0  12.751827   1.5125e-05   1.5125e-05   1.5125e-05   1.5125e-05  -3.0366e-07  -3.0366e-07  -3.0366e-07  -3.0366e-07  -3.0366e-07  -3.0366e-07
120.0  12.757759   1.5865e-05   1.5865e-05   1.5865e-05   1.5865e-05  -3.0169e-07  -3.0169e-07  -3.0169e-07  -3.0169e-07  -3.0169e-07  -3.0169e-07
130.0  12.763960   1.6515e-05   1.6514e-05   1.6514e-05   1.6514e-05  -2.9602e-07  -2.9602e-07  -2.9602e-07  -2.9602e-07  -2.9602e-07  -2.9602e-07
140.0  12.770397   1.7087e-05   1.7087e-05   1.7087e-05   1.7087e-05  -2.8724e-07  -2.8724e-07  -2.8724e-07  -2.8724e-07  -2.8724e-07  -2.8724e-07
150.0  12.777044   1.7594e-05   1.7594e-05   1.7594e-05   1.7594e-05  -2.7588e-07  -2.7588e-07  -2.7588e-07  -2.7588e-07  -2.7588e-07  -2.7588e-07
160.0  12.783878   1.8046e-05   1.8046e-05   1.8046e-05   1.8046e-05  -2.6239e-07  -2.6239e-07  -2.6239e-07  -2.6239e-07  -2.6239e-07  -2.6239e-07
170.0  12.790880   1.8452e-05   1.8452e-05   1.8452e-05   1.8452e-05  -2.4713e-07  -2.4713e-07  -2.4713e-07  -2.4713e-07  -2.4713e-07  -2.4713e-07
180.0  12.798034   1.8817e-05   1.8817e-05   1.8817e-05   1.8817e-05  -2.3042e-07  -2.3042e-07  -2.3042e-07  -2.3042e-07  -2.3042e-07  -2.3042e-07
190.0  12.805325   1.9149e-05   1.9148e-05   1.9148e-05   1.9148e-05  -2.1253e-07  -2.1253e-07  -2.1253e-07  -2.1253e-07  -2.1253e-07  -2.1253e-07
200.0  12.812743   1.9451e-05   1.9450e-05   1.9450e-05   1.9450e-05  -1.9370e-07  -1.9370e-07  -1.9370e-07  -1.9370e-07  -1.9370e-07  -1.9370e-07
210.0  12.820275   1.9727e-05   1.9727e-05   1.9727e-05   1.9727e-05  -1.7413e-07  -1.7413e-07  -1.7413e-07  -1.7413e-07  -1.7413e-07  -1.7413e-07
220.0  12.827914   1.9982e-05   1.9982e-05   1.9982e-05   1.9982e-05  -1.5397e-07  -1.5397e-07  -1.5397e-07  -1.5397e-07  -1.5397e-07  -1.5397e-07
230.0  12.835653   2.0218e-05   2.0218e-05   2.0218e-05   2.0218e-05  -1.3339e-07  -1.3339e-07  -1.3339e-07  -1.3339e-07  -1.3339e-07  -1.3339e-07
240.0  12.843483   2.0438e-05   2.0438e-05   2.0438e-05   2.0438e-05  -1.1250e-07  -1.1250e-07  -1.1250e-07  -1.1250e-07  -1.1250e-07  -1.1250e-07
250.0  12.851401   2.0644e-05   2.0644e-05   2.0644e-05   2.0644e-05  -9.1414e-08  -9.1414e-08  -9.1414e-08  -9.1414e-08  -9.1414e-08  -9.1414e-08
260.0  12.859400   2.0837e-05   2.0837e-05   2.0837e-05   2.0837e-05  -7.0230e-08  -7.0230e-08  -7.0230e-08  -7.0230e-08  -7.0230e-08  -7.0230e-08
270.0  12.867477   2.1020e-05   2.1020e-05   2.1020e-05   2.1020e-05  -4.9033e-08  -4.9033e-08  -4.9033e-08  -4.9033e-08  -4.9033e-08  -4.9033e-08
280.0  12.875627   2.1193e-05   2.1193e-05   2.1193e-05   2.1193e-05  -2.7898e-08  -2.7898e-08  -2.7898e-08  -2.7898e-08  -2.7898e-08  -2.7898e-08
290.0  12.883848   2.1358e-05   2.1358e-05   2.1358e-05   2.1358e-05  -6.8915e-09  -6.8915e-09  -6.8915e-09  -6.8915e-09  -6.8915e-09  -6.8915e-09
300.0  12.892137   2.1515e-05   2.1515e-05   2.1515e-05   2.1515e-05   1.3925e-08   1.3925e-08   1.3925e-08   1.3925e-08   1.3925e-08   1.3925e-08
310.0  12.900490   2.1667e-05   2.1667e-05   2.1667e-05   2.1667e-05   3.4498e-08   3.4498e-08   3.4498e-08   3.4498e-08   3.4498e-08   3.4498e-08
320.0  12.908907   2.1813e-05   2.1813e-05   2.1813e-05   2.1813e-05   5.4778e-08   5.4778e-08   5.4778e-08   5.4778e-08   5.4778e-08   5.4778e-08
330.0  12.917384   2.1954e-05   2.1954e-05   2.1954e-05   2.1954e-05   7.4718e-08   7.4718e-08   7.4718e-08   7.4718e-08   7.4718e-08   7.4718e-08
340.0  12.925921   2.2090e-05   2.2091e-05   2.2091e-05   2.2091e-05   9.4276e-08   9.4276e-08   9.4276e-08   9.4276e-08   9.4276e-08   9.4276e-08
350.0  12.934516   2.2224e-05   2.2224e-05   2.2224e-05   2.2224e-05   1.1341e-07   1.1341e-07   1.1341e-07   1.1341e-07   1.1341e-07   1.1341e-07
360.0  12.943168   2.2353e-05   2.2353e-05   2.2353e-05   2.2353e-05   1.3209e-07   1.3209e-07   1.3209e-07   1.3209e-07   1.3209e-07   1.3209e-07
370.0  12.951875   2.2480e-05   2.2481e-05   2.2481e-05   2.2481e-05   1.5028e-07   1.5028e-07   1.5028e-07   1.5028e-07   1.5028e-07   1.5028e-07
380.0  12.960637   2.2605e-05   2.2605e-05   2.2605e-05   2.2605e-05   1.6793e-07   1.6793e-07   1.6793e-07   1.6793e-07   1.6793e-07   1.6793e-07
390.0  12.969453   2.2727e-05   2.2728e-05   2.2728e-05   2.2728e-05   1.8503e-07   1.8503e-07   1.8503e-07   1.8503e-07   1.8503e-07   1.8503e-07
400.0  12.978323   2.2848e-05   2.2848e-05   2.2848e-05   2.2848e-05   2.0154e-07   2.0154e-07   2.0154e-07   2.0154e-07   2.0154e-07   2.0154e-07
410.0  12.987245   2.2967e-05   2.2967e-05   2.2967e-05   2.2967e-05   2.1743e-07   2.1743e-07   2.1743e-07   2.1743e-07   2.1743e-07   2.1743e-07
420.0  12.996220   2.3085e-05   2.3085e-05   2.3085e-05   2.3085e-05   2.3267e-07   2.3267e-07   2.3267e-07   2.3267e-07   2.3267e-07   2.3267e-07
430.0  13.005246   2.3202e-05   2.3202e-05   2.3202e-05   2.3202e-05   2.4723e-07   2.4723e-07   2.4723e-07   2.4723e-07   2.4723e-07   2.4723e-07
440.0  13.014324   2.3318e-05   2.3318e-05   2.3318e-05   2.3318e-05   2.6108e-07   2.6108e-07   2.6108e-07   2.6108e-07   2.6108e-07   2.6108e-07
450.0  13.023454   2.3433e-05   2.3433e-05   2.3433e-05   2.3433e-05   2.7420e-07   2.7420e-07   2.7420e-07   2.7420e-07   2.7420e-07   2.7420e-07
460.0  13.032635   2.3548e-05   2.3548e-05   2.3548e-05   2.3548e-05   2.8655e-07   2.8655e-07   2.8655e-07   2.8655e-07   2.8655e-07   2.8655e-07
470.0  13.041868   2.3662e-05   2.3663e-05   2.3663e-05   2.3663e-05   2.9811e-07   2.9811e-07   2.9811e-07   2.9811e-07   2.9811e-07   2.9811e-07
480.0  13.051151   2.3777e-05   2.3777e-05   2.3777e-05   2.3777e-05   3.0884e-07   3.0884e-07   3.0884e-07   3.0884e-07   3.0884e-07   3.0884e-07
490.0  13.060486   2.3891e-05   2.3891e-05   2.3891e-05   2.3891e-05   3.1872e-07   3.1872e-07   3.1872e-07   3.1872e-07   3.1872e-07   3.1872e-07
500.0  13.069873   2.4005e-05   2.4005e-05   2.4005e-05   2.4005e-05   3.2773e-07   3.2773e-07   3.2773e-07   3.2773e-07   3.2773e-07   3.2773e-07
510.0  13.079311   2.4120e-05   2.4120e-05   2.4120e-05   2.4120e-05   3.3582e-07   3.3582e-07   3.3582e-07   3.3582e-07   3.3582e-07   3.3582e-07
520.0  13.088801   2.4234e-05   2.4235e-05   2.4235e-05   2.4235e-05   3.4296e-07   3.4296e-07   3.4296e-07   3.4296e-07   3.4296e-07   3.4296e-07
530.0  13.098343   2.4349e-05   2.4350e-05   2.4350e-05   2.4350e-05   3.4914e-07   3.4914e-07   3.4914e-07   3.4914e-07   3.4914e-07   3.4914e-07
540.0  13.107937   2.4465e-05   2.4465e-05   2.4465e-05   2.4465e-05   3.5431e-07   3.5431e-07   3.5431e-07   3.5431e-07   3.5431e-07   3.5431e-07
550.0  13.117584   2.4581e-05   2.4582e-05   2.4582e-05   2.4582e-05   3.5845e-07   3.5845e-07   3.5845e-07   3.5845e-07   3.5845e-07   3.5845e-07
560.0  13.127284   2.4698e-05   2.4698e-05   2.4698e-05   2.4698e-05   3.6151e-07   3.6151e-07   3.6151e-07   3.6151e-07   3.6151e-07   3.6151e-07
570.0  13.137038   2.4816e-05   2.4816e-05   2.4816e-05   2.4816e-05   3.6347e-07   3.6347e-07   3.6347e-07   3.6347e-07   3.6347e-07   3.6347e-07
580.0  13.146845   2.4934e-05   2.4934e-05   2.4934e-05   2.4934e-05   3.6429e-07   3.6429e-07   3.6429e-07   3.6429e-07   3.6429e-07   3.6429e-07
590.0  13.156706   2.5053e-05   2.5054e-05   2.5054e-05   2.5054e-05   3.6394e-07   3.6394e-07   3.6394e-07   3.6394e-07   3.6394e-07   3.6394e-07
600.0  13.166622   2.5174e-05   2.5174e-05   2.5174e-05   2.5174e-05   3.6238e-07   3.6238e-07   3.6238e-07   3.6238e-07   3.6238e-07   3.6238e-07
610.0  13.176593   2.5295e-05   2.5295e-05   2.5295e-05   2.5295e-05   3.5956e-07   3.5956e-07   3.5956e-07   3.5956e-07   3.5956e-07   3.5956e-07
620.0  13.186620   2.5418e-05   2.5418e-05   2.5418e-05   2.5418e-05   3.5545e-07   3.5545e-07   3.5545e-07   3.5545e-07   3.5545e-07   3.5545e-07
630.0  13.196704   2.5541e-05   2.5542e-05   2.5542e-05   2.5542e-05   3.5001e-07   3.5001e-07   3.5001e-07   3.5001e-07   3.5001e-07   3.5001e-07
640.0  13.206844   2.5666e-05   2.5667e-05   2.5667e-05   2.5667e-05   3.4320e-07   3.4320e-07   3.4320e-07   3.4320e-07   3.4320e-07   3.4320e-07
650.0  13.217042   2.5793e-05   2.5793e-05   2.5793e-05   2.5793e-05   3.3497e-07   3.3497e-07   3.3497e-07   3.3497e-07   3.3497e-07   3.3497e-07
660.0  13.227299   2.5921e-05   2.5921e-05   2.5921e-05   2.5921e-05   3.2528e-07   3.2528e-07   3.2528e-07   3.2528e-07   3.2528e-07   3.2528e-07
670.0  13.237614   2.6050e-05   2.6050e-05   2.6050e-05   2.6050e-05   3.1408e-07   3.1408e-07   3.1408e-07   3.1408e-07   3.1408e-07   3.1408e-07
680.0  13.247989   2.6181e-05   2.6181e-05   2.6181e-05   2.6181e-05   3.0133e-07   3.0133e-07   3.0133e-07   3.0133e-07   3.0133e-07   3.0133e-07
690.0  13.258425   2.6313e-05   2.6314e-05   2.6314e-05   2.6314e-05   2.8695e-07   2.8695e-07   2.8695e-07   2.8695e-07   2.8695e-07   2.8695e-07
700.0  13.268922   2.6448e-05   2.6448e-05   2.6448e-05   2.6448e-05   2.7094e-07   2.7094e-07   2.7094e-07   2.7094e-07   2.7094e-07   2.7094e-07
710.0  13.279481   2.6582e-05   2.6582e-05   2.6582e-05   2.6582e-05   2.5312e-07   2.5312e-07   2.5312e-07   2.5312e-07   2.5312e-07   2.5312e-07
720.0  13.290100   2.6704e-05   2.6704e-05   2.6704e-05   2.6704e-05   2.3382e-07   2.3382e-07   2.3382e-07   2.3382e-07   2.3382e-07   2.3382e-07
730.0  13.300773   2.6812e-05   2.6812e-05   2.6812e-05   2.6812e-05   2.1430e-07   2.1430e-07   2.1430e-07   2.1430e-07   2.1430e-07   2.1430e-07
740.0  13.311497   2.6919e-05   2.6919e-05   2.6919e-05   2.6919e-05   1.9523e-07   1.9523e-07   1.9523e-07   1.9523e-07   1.9523e-07   1.9523e-07
750.0  13.322273   2.7027e-05   2.7027e-05   2.7027e-05   2.7027e-05   1.7654e-07   1.7654e-07   1.7654e-07   1.7654e-07   1.7654e-07   1.7654e-07
760.0  13.333101   2.7136e-05   2.7136e-05   2.7136e-05   2.7136e-05   1.5828e-07   1.5828e-07   1.5828e-07   1.5828e-07   1.5828e-07   1.5828e-07
770.0  13.343982   2.7247e-05   2.7247e-05   2.7247e-05   2.7247e-05   1.4045e-07   1.4045e-07   1.4045e-07   1.4045e-07   1.4045e-07   1.4045e-07
780.0  13.354916   2.7358e-05   2.7359e-05   2.7359e-05   2.7359e-05   1.2306e-07   1.2306e-07   1.2306e-07   1.2306e-07   1.2306e-07   1.2306e-07
790.0  13.365904   2.7471e-05   2.7472e-05   2.7472e-05   2.7472e-05   1.0613e-07   1.0613e-07   1.0613e-07   1.0613e-07   1.0613e-07   1.0613e-07
800.0  13.376947   2.7586e-05   2.7586e-05   2.7586e-05   2.7586e-05   8.9682e-08   8.9682e-08   8.9682e-08   8.9682e-08   8.9682e-08   8.9682e-08
810.0  13.388045   2.7701e-05   2.7701e-05   2.7701e-05   2.7701e-05   7.3724e-08   7.3724e-08   7.3724e-08   7.3724e-08   7.3724e-08   7.3724e-08
820.0  13.399199   2.7818e-05   2.7818e-05   2.7818e-05   2.7818e-05   5.8275e-08   5.8275e-08   5.8275e-08   5.8275e-08   5.8275e-08   5.8275e-08
830.0  13.410409   2.7936e-05   2.7937e-05   2.7937e-05   2.7937e-05   4.3352e-08   4.3352e-08   4.3352e-08   4.3352e-08   4.3352e-08   4.3352e-08
840.0  13.421677   2.8056e-05   2.8057e-05   2.8057e-05   2.8057e-05   2.8971e-08   2.8971e-08   2.8971e-08   2.8971e-08   2.8971e-08   2.8971e-08
850.0  13.433003   2.8178e-05   2.8178e-05   2.8178e-05   2.8178e-05   1.5152e-08   1.5152e-08   1.5152e-08   1.5152e-08   1.5152e-08   1.5152e-08
860.0  13.444388   2.8301e-05   2.8301e-05   2.8301e-05   2.8301e-05   1.9132e-09   1.9132e-09   1.9132e-09   1.9132e-09   1.9132e-09   1.9132e-09
870.0  13.455833   2.8425e-05   2.8426e-05   2.8426e-05   2.8426e-05  -1.0727e-08  -1.0727e-08  -1.0727e-08  -1.0727e-08  -1.0727e-08  -1.0727e-08
880.0  13.467338   2.8552e-05   2.8552e-05   2.8552e-05   2.8552e-05  -2.2748e-08  -2.2748e-08  -2.2748e-08  -2.2748e-08  -2.2748e-08  -2.2748e-08
890.0  13.478904   2.8679e-05   2.8680e-05   2.8680e-05   2.8680e-05  -3.4130e-08  -3.4130e-08  -3.4130e-08  -3.4130e-08  -3.4130e-08  -3.4130e-08
900.0  13.490532   2.8809e-05   2.8809e-05   2.8809e-05   2.8809e-05  -4.4850e-08  -4.4850e-08  -4.4850e-08  -4.4850e-08  -4.4850e-08  -4.4850e-08
910.0  13.502223   2.8941e-05   2.8941e-05   2.8941e-05   2.8941e-05  -5.4888e-08  -5.4888e-08  -5.4888e-08  -5.4888e-08  -5.4888e-08  -5.4888e-08
920.0  13.513978   2.9074e-05   2.9074e-05   2.9074e-05   2.9074e-05  -6.4220e-08  -6.4220e-08  -6.4220e-08  -6.4220e-08  -6.4220e-08  -6.4220e-08
930.0  13.525798   2.9209e-05   2.9210e-05   2.9210e-05   2.9210e-05  -7.2822e-08  -7.2822e-08  -7.2822e-08  -7.2822e-08  -7.2822e-08  -7.2822e-08
940.0  13.537683   2.9347e-05   2.9347e-05   2.9347e-05   2.9347e-05  -8.0669e-08  -8.0669e-08  -8.0669e-08  -8.0669e-08  -8.0669e-08  -8.0669e-08
950.0  13.549635   2.9486e-05   2.9486e-05   2.9486e-05   2.9486e-05  -8.7737e-08  -8.7737e-08  -8.7737e-08  -8.7737e-08  -8.7737e-08  -8.7737e-08
960.0  13.561655   2.9628e-05   2.9628e-05   2.9628e-05   2.9628e-05  -9.3998e-08  -9.3998e-08  -9.3998e-08  -9.3998e-08  -9.3998e-08  -9.3998e-08
970.0  13.573744   2.9771e-05   2.9771e-05   2.9771e-05   2.9771e-05  -9.9424e-08  -9.9424e-08  -9.9424e-08  -9.9424e-08  -9.9424e-08  -9.9424e-08
980.0  13.585902   2.9917e-05   2.9917e-05   2.9917e-05   2.9917e-05  -1.0399e-07  -1.0399e-07  -1.0399e-07  -1.0399e-07  -1.0399e-07  -1.0399e-07
990.0  13.598131   3.0065e-05   3.0065e-05   3.0065e-05   3.0065e-05  -1.0766e-07  -1.0766e-07  -1.0766e-07  -1.0766e-07  -1.0766e-07  -1.0766e-07
1000.0  13.610432   3.0216e-05   3.0216e-05   3.0216e-05   3.0216e-05  -1.1040e-07  -1.1040e-07  -1.1040e-07  -1.1040e-07  -1.1040e-07  -1.1040e-07
1010.0  13.622806   3.0369e-05   3.0369e-05   3.0369e-05   3.0369e-05  -1.1219e-07  -1.1219e-07  -1.1219e-07  -1.1219e-07  -1.1219e-07  -1.1219e-07
1020.0  13.635255   3.0524e-05   3.0524e-05   3.0524e-05   3.0524e-05  -1.1299e-07  -1.1299e-07  -1.1299e-07  -1.1299e-07  -1.1299e-07  -1.1299e-07
1030.0  13.647779   3.0682e-05   3.0682e-05   3.0682e-05   3.0682e-05  -1.1277e-07  -1.1277e-07  -1.1277e-07  -1.1277e-07  -1.1277e-07  -1.1277e-07
1040.0  13.660380   3.0843e-05   3.0843e-05   3.0843e-05   3.0843e-05  -1.1148e-07  -1.1148e-07  -1.1148e-07  -1.1148e-07  -1.1148e-07  -1.1148e-07
1050.0  13.673059   3.1006e-05   3.1006e-05   3.1006e-05   3.1006e-05  -1.0909e-07  -1.0909e-07  -1.0909e-07  -1.0909e-07  -1.0909e-07  -1.0909e-07
1060.0  13.685817   3.1172e-05   3.1172e-05   3.1172e-05   3.1172e-05  -1.0555e-07  -1.0555e-07  -1.0555e-07  -1.0555e-07  -1.0555e-07  -1.0555e-07
1070.0  13.698656   3.1342e-05   3.1341e-05   3.1341e-05   3.1341e-05  -1.0084e-07  -1.0084e-07  -1.0084e-07  -1.0084e-07  -1.0084e-07  -1.0084e-07
1080.0  13.711578   3.1514e-05   3.1514e-05   3.1514e-05   3.1514e-05  -9.4900e-08  -9.4900e-08  -9.4900e-08  -9.4900e-08  -9.4900e-08  -9.4900e-08
1090.0  13.724583   3.1689e-05   3.1689e-05   3.1689e-05   3.1689e-05  -8.7687e-08  -8.7687e-08  -8.7687e-08  -8.7687e-08  -8.7687e-08  -8.7687e-08
1100.0  13.737674   3.1868e-05   3.1867e-05   3.1867e-05   3.1867e-05  -7.9154e-08  -7.9154e-08  -7.9154e-08  -7.9154e-08  -7.9154e-08  -7.9154e-08
1110.0  13.750851   3.2049e-05   3.2049e-05   3.2049e-05   3.2049e-05  -6.9251e-08  -6.9251e-08  -6.9251e-08  -6.9251e-08  -6.9251e-08  -6.9251e-08
1120.0  13.764116   3.2235e-05   3.2234e-05   3.2234e-05   3.2234e-05  -5.7925e-08  -5.7925e-08  -5.7925e-08  -5.7925e-08  -5.7925e-08  -5.7925e-08
1130.0  13.777472   3.2423e-05   3.2423e-05   3.2423e-05   3.2423e-05  -4.5122e-08  -4.5122e-08  -4.5122e-08  -4.5122e-08  -4.5122e-08  -4.5122e-08
1140.0  13.790920   3.2616e-05   3.2615e-05   3.2615e-05   3.2615e-05  -3.0783e-08  -3.0783e-08  -3.0783e-08  -3.0783e-08  -3.0783e-08  -3.0783e-08
1150.0  13.804461   3.2812e-05   3.2812e-05   3.2812e-05   3.2812e-05  -1.4848e-08  -1.4848e-08  -1.4848e-08  -1.4848e-08  -1.4848e-08  -1.4848e-08
1160.0  13.818098   3.3012e-05   3.3012e-05   3.3012e-05   3.3012e-05   2.7454e-09   2.7454e-09   2.7454e-09   2.7454e-09   2.7454e-09   2.7454e-09
1170.0  13.831831   3.3216e-05   3.3216e-05   3.3216e-05   3.3216e-05   2.2065e-08   2.2065e-08   2.2065e-08   2.2065e-08   2.2065e-08   2.2065e-08
1180.0  13.845665   3.3425e-05   3.3424e-05   3.3424e-05   3.3424e-05   4.3181e-08   4.3181e-08   4.3181e-08   4.3181e-08   4.3181e-08   4.3181e-08
1190.0  13.859599   3.3637e-05   3.3637e-05   3.3637e-05   3.3637e-05   6.6166e-08   6.6166e-08   6.6166e-08   6.6166e-08   6.6166e-08   6.6166e-08
1200.0  13.873637   3.3854e-05   3.3854e-05   3.3854e-05   3.3854e-05   9.1098e-08   9.1098e-08   9.1098e-08   9.1098e-08   9.1098e-08   9.1098e-08
1210.0  13.887781   3.4076e-05   3.4075e-05   3.4075e-05   3.4075e-05   1.1806e-07   1.1806e-07   1.1806e-07   1.1806e-07   1.1806e-07   1.1806e-07
1220.0  13.902032   3.4304e-05   3.4304e-05   3.4304e-05   3.4304e-05   1.4713e-07   1.4713e-07   1.4713e-07   1.4713e-07   1.4713e-07   1.4713e-07
1230.0  13.916394   3.4524e-05   3.4524e-05   3.4524e-05   3.4524e-05   1.7841e-07   1.7841e-07   1.7841e-07   1.7841e-07   1.7841e-07   1.7841e-07
1240.0  13.930855   3.4709e-05   3.4709e-05   3.4709e-05   3.4709e-05   2.0976e-07   2.0976e-07   2.0976e-07   2.0976e-07   2.0976e-07   2.0976e-07
1250.0  13.945403   3.4879e-05   3.4878e-05   3.4878e-05   3.4878e-05   2.3886e-07   2.3886e-07   2.3886e-07   2.3886e-07   2.3886e-07   2.3886e-07
1260.0  13.960039   3.5053e-05   3.5053e-05   3.5053e-05   3.5053e-05   2.6562e-07   2.6562e-07   2.6562e-07   2.6562e-07   2.6562e-07   2.6562e-07
1270.0  13.974764   3.5230e-05   3.5229e-05   3.5229e-05   3.5229e-05   2.8996e-07   2.8996e-07   2.8996e-07   2.8996e-07   2.8996e-07   2.8996e-07
1280.0  13.989580   3.5410e-05   3.5409e-05   3.5409e-05   3.5409e-05   3.1181e-07   3.1181e-07   3.1181e-07   3.1181e-07   3.1181e-07   3.1181e-07
1290.0  14.004487   3.5593e-05   3.5593e-05   3.5593e-05   3.5593e-05   3.3106e-07   3.3106e-07   3.3106e-07   3.3106e-07   3.3106e-07   3.3106e-07
1300.0  14.019488   3.5779e-05   3.5779e-05   3.5779e-05   3.5779e-05   3.4761e-07   3.4761e-07   3.4761e-07   3.4761e-07   3.4761e-07   3.4761e-07
1310.0  14.034584   3.5969e-05   3.5969e-05   3.5969e-05   3.5969e-05   3.6137e-07   3.6137e-07   3.6137e-07   3.6137e-07   3.6137e-07   3.6137e-07
1320.0  14.049777   3.6162e-05   3.6162e-05   3.6162e-05   3.6162e-05   3.7223e-07   3.7223e-07   3.7223e-07   3.7223e-07   3.7223e-07   3.7223e-07
1330.0  14.065069   3.6359e-05   3.6359e-05   3.6359e-05   3.6359e-05   3.8008e-07   3.8008e-07   3.8008e-07   3.8008e-07   3.8008e-07   3.8008e-07
1340.0  14.080462   3.6559e-05   3.6559e-05   3.6559e-05   3.6559e-05   3.8480e-07   3.8480e-07   3.8480e-07   3.8480e-07   3.8480e-07   3.8480e-07
1350.0  14.095956   3.6764e-05   3.6763e-05   3.6763e-05   3.6763e-05   3.8626e-07   3.8626e-07   3.8626e-07   3.8626e-07   3.8626e-07   3.8626e-07
1360.0  14.111555   3.6972e-05   3.6971e-05   3.6971e-05   3.6971e-05   3.8435e-07   3.8435e-07   3.8435e-07   3.8435e-07   3.8435e-07   3.8435e-07
1370.0  14.127261   3.7184e-05   3.7183e-05   3.7183e-05   3.7183e-05   3.7893e-07   3.7893e-07   3.7893e-07   3.7893e-07   3.7893e-07   3.7893e-07
1380.0  14.143074   3.7400e-05   3.7400e-05   3.7400e-05   3.7400e-05   3.6985e-07   3.6985e-07   3.6985e-07   3.6985e-07   3.6985e-07   3.6985e-07
1390.0  14.158998   3.7621e-05   3.7620e-05   3.7620e-05   3.7620e-05   3.5696e-07   3.5696e-07   3.5696e-07   3.5696e-07   3.5696e-07   3.5696e-07
1400.0  14.175035   3.7846e-05   3.7845e-05   3.7845e-05   3.7845e-05   3.4013e-07   3.4013e-07   3.4013e-07   3.4013e-07   3.4013e-07   3.4013e-07
1410.0  14.191187   3.8075e-05   3.8075e-05   3.8075e-05   3.8075e-05   3.1917e-07   3.1917e-07   3.1917e-07   3.1917e-07   3.1917e-07   3.1917e-07
1420.0  14.207456   3.8309e-05   3.8309e-05   3.8309e-05   3.8309e-05   2.9392e-07   2.9392e-07   2.9392e-07   2.9392e-07   2.9392e-07   2.9392e-07
1430.0  14.223844   3.8549e-05   3.8548e-05   3.8548e-05   3.8548e-05   2.6419e-07   2.6419e-07   2.6419e-07   2.6419e-07   2.6419e-07   2.6419e-07
1440.0  14.240355   3.8793e-05   3.8793e-05   3.8793e-05   3.8793e-05   2.2981e-07   2.2981e-07   2.2981e-07   2.2981e-07   2.2981e-07   2.2981e-07
1450.0  14.256991   3.9043e-05   3.9043e-05   3.9043e-05   3.9043e-05   1.9056e-07   1.9056e-07   1.9056e-07   1.9056e-07   1.9056e-07   1.9056e-07
1460.0  14.273754   3.9298e-05   3.9298e-05   3.9298e-05   3.9298e-05   1.4624e-07   1.4624e-07   1.4624e-07   1.4624e-07   1.4624e-07   1.4624e-07
1470.0  14.290648   3.9559e-05   3.9559e-05   3.9559e-05   3.9559e-05   9.6620e-08   9.6620e-08   9.6620e-08   9.6620e-08   9.6620e-08   9.6620e-08
1480.0  14.307675   3.9826e-05   3.9826e-05   3.9826e-05   3.9826e-05   4.1468e-08   4.1468e-08   4.1468e-08   4.1468e-08   4.1468e-08   4.1468e-08
1490.0  14.324838   4.0099e-05   4.0099e-05   4.0099e-05   4.0099e-05  -1.9467e-08  -1.9467e-08  -1.9467e-08  -1.9467e-08  -1.9467e-08  -1.9467e-08
1500.0  14.342140   4.0378e-05   4.0378e-05   4.0378e-05   4.0378e-05  -8.6447e-08  -8.6447e-08  -8.6447e-08  -8.6447e-08  -8.6447e-08  -8.6447e-08
1510.0  14.359585   4.0664e-05   4.0664e-05   4.0664e-05   4.0664e-05  -1.5975e-07  -1.5975e-07  -1.5975e-07  -1.5975e-07  -1.5975e-07  -1.5975e-07
1520.0  14.377176   4.0957e-05   4.0957e-05   4.0957e-05   4.0957e-05  -2.3968e-07  -2.3968e-07  -2.3968e-07  -2.3968e-07  -2.3968e-07  -2.3968e-07
1530.0  14.394917   4.1257e-05   4.1257e-05   4.1257e-05   4.1257e-05  -3.2654e-07  -3.2654e-07  -3.2654e-07  -3.2654e-07  -3.2654e-07  -3.2654e-07
1540.0  14.412811   4.1564e-05   4.1565e-05   4.1565e-05   4.1565e-05  -4.2067e-07  -4.2067e-07  -4.2067e-07  -4.2067e-07  -4.2067e-07  -4.2067e-07
1550.0  14.430862   4.1880e-05   4.1881e-05   4.1881e-05   4.1881e-05  -5.2242e-07  -5.2242e-07  -5.2242e-07  -5.2242e-07  -5.2242e-07  -5.2242e-07
1560.0  14.449074   4.2203e-05   4.2204e-05   4.2204e-05   4.2204e-05  -6.3216e-07  -6.3216e-07  -6.3216e-07  -6.3216e-07  -6.3216e-07  -6.3216e-07
1570.0  14.467451   4.2535e-05   4.2536e-05   4.2536e-05   4.2536e-05  -7.5031e-07  -7.5031e-07  -7.5031e-07  -7.5031e-07  -7.5031e-07  -7.5031e-07
1580.0  14.485998   4.2876e-05   4.2877e-05   4.2877e-05   4.2877e-05  -8.7728e-07  -8.7728e-07  -8.7728e-07  -8.7728e-07  -8.7728e-07  -8.7728e-07
1590.0  14.504719   4.3226e-05   4.3228e-05   4.3228e-05   4.3228e-05  -1.0135e-06  -1.0135e-06  -1.0135e-06  -1.0135e-06  -1.0135e-06  -1.0135e-06
1600.0  14.523619   4.3586e-05   4.3588e-05   4.3588e-05   4.3588e-05  -1.1596e-06  -1.1596e-06  -1.1596e-06  -1.1596e-06  -1.1596e-06  -1.1596e-06
1610.0  14.542703   4.3956e-05   4.3958e-05   4.3958e-05   4.3958e-05  -1.3159e-06  -1.3159e-06  -1.3159e-06  -1.3159e-06  -1.3159e-06  -1.3159e-06
1620.0  14.561975   4.4337e-05   4.4339e-05   4.4339e-05   4.4339e-05  -1.4830e-06  -1.4830e-06  -1.4830e-06  -1.4830e-06  -1.4830e-06  -1.4830e-06
1630.0  14.581443   4.4729e-05   4.4731e-05   4.4731e-05   4.4731e-05  -1.6616e-06  -1.6616e-06  -1.6616e-06  -1.6616e-06  -1.6616e-06  -1.6616e-06
1640.0  14.601110   4.5133e-05   4.5135e-05   4.5135e-05   4.5135e-05  -1.8523e-06  -1.8523e-06  -1.8523e-06  -1.8523e-06  -1.8523e-06  -1.8523e-06
1650.0  14.620984   4.5549e-05   4.5552e-05   4.5552e-05   4.5552e-05  -2.0558e-06  -2.0558e-06  -2.0558e-06  -2.0558e-06  -2.0558e-06  -2.0558e-06
1660.0  14.641071   4.5978e-05   4.5981e-05   4.5981e-05   4.5981e-05  -2.2727e-06  -2.2727e-06  -2.2727e-06  -2.2727e-06  -2.2727e-06  -2.2727e-06
1670.0  14.661377   4.6421e-05   4.6424e-05   4.6424e-05   4.6424e-05  -2.5040e-06  -2.5040e-06  -2.5040e-06  -2.5040e-06  -2.5040e-06  -2.5040e-06
1680.0  14.681909   4.6879e-05   4.6882e-05   4.6882e-05   4.6882e-05  -2.7505e-06  -2.7505e-06  -2.7505e-06  -2.7505e-06  -2.7505e-06  -2.7505e-06
1690.0  14.702675   4.7351e-05   4.7355e-05   4.7355e-05   4.7355e-05  -3.0131e-06  -3.0131e-06  -3.0131e-06  -3.0131e-06  -3.0131e-06  -3.0131e-06
1700.0  14.723683   4.7840e-05   4.7843e-05   4.7843e-05   4.7843e-05  -3.2928e-06  -3.2928e-06  -3.2928e-06  -3.2928e-06  -3.2928e-06  -3.2928e-06
1710.0  14.744941   4.8346e-05   4.8350e-05   4.8350e-05   4.8350e-05  -3.5908e-06  -3.5908e-06  -3.5908e-06  -3.5908e-06  -3.5908e-06  -3.5908e-06
1720.0  14.766458   4.8870e-05   4.8874e-05   4.8874e-05   4.8874e-05  -3.9081e-06  -3.9081e-06  -3.9081e-06  -3.9081e-06  -3.9081e-06  -3.9081e-06
1730.0  14.788242   4.9413e-05   4.9417e-05   4.9417e-05   4.9417e-05  -4.2462e-06  -4.2462e-06  -4.2462e-06  -4.2462e-06  -4.2462e-06  -4.2462e-06
1740.0  14.810305   4.9977e-05   4.9981e-05   4.9981e-05   4.9981e-05  -4.6064e-06  -4.6064e-06  -4.6064e-06  -4.6064e-06  -4.6064e-06  -4.6064e-06
1750.0  14.832657   5.0563e-05   5.0566e-05   5.0566e-05   5.0566e-05  -4.9903e-06  -4.9903e-06  -4.9903e-06  -4.9903e-06  -4.9903e-06  -4.9903e-06
1760.0  14.855308   5.1172e-05   5.1175e-05   5.1175e-05   5.1175e-05  -5.3996e-06  -5.3996e-06  -5.3996e-06  -5.3996e-06  -5.3996e-06  -5.3996e-06
1770.0  14.878271   5.1805e-05   5.1808e-05   5.1808e-05   5.1808e-05  -5.8361e-06  -5.8361e-06  -5.8361e-06  -5.8361e-06  -5.8361e-06  -5.8361e-06
1780.0  14.901559   5.2465e-05   5.2468e-05   5.2468e-05   5.2468e-05  -6.3020e-06  -6.3020e-06  -6.3020e-06  -6.3020e-06  -6.3020e-06  -6.3020e-06
1790.0  14.925185   5.3154e-05   5.3156e-05   5.3156e-05   5.3156e-05  -6.7994e-06  -6.7994e-06  -6.7994e-06  -6.7994e-06  -6.7994e-06  -6.7994e-06
1800.0  14.949164   5.3873e-05   5.3874e-05   5.3874e-05   5.3874e-05  -7.3309e-06  -7.3309e-06  -7.3309e-06  -7.3309e-06  -7.3309e-06  -7.3309e-06
1810.0  14.973512   5.4625e-05   5.4626e-05   5.4626e-05   5.4626e-05  -7.8993e-06  -7.8993e-06  -7.8993e-06  -7.8993e-06  -7.8993e-06  -7.8993e-06
1820.0  14.998246   5.5413e-05   5.5412e-05   5.5412e-05   5.5412e-05  -8.5076e-06  -8.5076e-06  -8.5076e-06  -8.5076e-06  -8.5076e-06  -8.5076e-06
1830.0  15.023384   5.6239e-05   5.6237e-05   5.6237e-05   5.6237e-05  -9.1594e-06  -9.1594e-06  -9.1594e-06  -9.1594e-06  -9.1594e-06  -9.1594e-06
1840.0  15.048947   5.7107e-05   5.7102e-05   5.7102e-05   5.7102e-05  -9.8586e-06  -9.8586e-06  -9.8586e-06  -9.8586e-06  -9.8586e-06  -9.8586e-06
1850.0  15.074955   5.8020e-05   5.8013e-05   5.8013e-05   5.8013e-05  -1.0609e-05  -1.0609e-05  -1.0609e-05  -1.0609e-05  -1.0609e-05  -1.0609e-05
1860.0  15.101434   5.8982e-05   5.8973e-05   5.8973e-05   5.8973e-05  -1.1417e-05  -1.1417e-05  -1.1417e-05  -1.1417e-05  -1.1417e-05  -1.1417e-05
1870.0  15.128407   5.9998e-05   5.9985e-05   5.9985e-05   5.9985e-05  -1.2286e-05  -1.2286e-05  -1.2286e-05  -1.2286e-05  -1.2286e-05  -1.2286e-05
