#Found quasiharmonic mode : None
#T(K), volume, F(eV), S(J/K), H(J/K), a(-6/K), Cp(J/mol), Cv, Cpion, Bt(GPa), T_ph-D(K), T-D(K), F_el_atom, S_el_atom, C_el_atom, M_el, Seebeck_coefficients(10**-6 V/K), Lorenz_number(WOK^{-2}), Q_el, Q_p, Q_e, C_mu, W_p, W_e, Y_p, Y_e
0.0 12.213656866779298 -5.375411258630872 0.0 -518648.3405705869 0.0 0.0 0.0 0.0 153.8088747069716 400.0 400.0 0.0 0.0 0.0 0.0 0.0 2.443004551768e-08 0.0 0.0 0.0 0.0 0.0 0.0 0.0 0.0 0.0 0
10.0 12.213657995483727 -5.37541191465568 0.015019309518326281 -518648.2536742632 -4.921010457597821e-09 0.024788241506516248 0.024788239040880206 0.014458396805241103 153.80881554035798 512.2810397753001 400.0 -5.352997961219916e-07 0.010329751763586175 0.010329844701275145 1.155852921294244e-06 0.23055001083965987 2.4430308875435203e-08 0.0003776386421287524 0.0001888879340979089 0.00018872882605993957 0.010329867075514082 0.00018903251780185402 0.0001886061243268984 0.00026175884561257666 0.00026175884559876084 1126.9593948635313 2.0129980324045103
20.0 12.213674317277896 -5.375415896367711 0.06910524506163902 -518647.4059392649 1.2274507188086572e-07 0.2071555269129668 0.20715245890358616 0.1864942642181151 153.80795977951323 436.87616930604133 400.0 -2.1412182204592756e-06 0.020659861251440436 0.020661262694851686 4.601092427156206e-06 0.4580349776125945 2.4431921425657447e-08 0.0007552849472659556 0.00037796905381297613 0.00037729401149438473 0.020661438964903304 0.0003784907744570927 0.00037679417280886304 0.0005235224571711574 0.0005235224571568217 563.479948434797 2.233793555010046
30.0 12.21378884817898 -5.375434242933616 0.2749343377754989 -518642.3101885374 5.852974719639651e-07 0.9878962549167053 0.9877916191342817 0.956897260325511 153.80195481442357 379.38876630922533 400.0 -4.8178852491756046e-06 0.03099184629108987 0.03099899459119429 1.0311080331307797e-05 0.6838705087131544 2.443653879562647e-08 0.0011329728660894544 0.0005672401661377485 0.0005657108179243116 0.030999583378508038 0.0005683868802291966 0.000564585985860258 0.0007853092973364143 0.0007853092973219754 375.65447315345267 2.076076007623596
40.0 12.214151224568853 -5.3754904906358085 0.7436777999457902 -518626.2381848999 1.4406864215356636e-06 2.419056257345549 2.418211048913014 2.37771582219032 153.78295418813693 368.4127599249792 400.0 -8.565689357997559e-06 0.04132690337204 0.041340435155229435 1.8279277596607e-05 0.9099886826558073 2.4439455041840063e-08 0.0015107587523220329 0.0007567293782075904 0.00075400749178473 0.04134182477490207 0.0007587482736985273 0.0007520104786235056 0.001047153132173091 0.0010471531321593697 281.7436412028765 2.056873443388497
50.0 12.214868115515545 -5.375610597909653 1.4668889930265596 -518594.2294374534 2.4880323187678704e-06 4.151136066440095 4.147985662414442 4.099451724339131 153.74536099603063 373.0530003105432 400.0 -1.3385202637261767e-05 0.05166527354949985 0.05168434210096451 2.851614230048741e-05 1.1378864529866137 2.444074448056012e-08 0.0018886703159493362 0.0009464521679880687 0.0009421962649873649 0.051687058961483553 0.0009495916918456543 0.0009390786241036818 0.0013090768878291504 0.001309076887815281 225.399322612724 2.060758414445875
60.0 12.21598030591473 -5.375815802709346 2.3827720930300718 -518544.4068147739 3.5811637796471706e-06 5.9468903580667885 5.939060415716963 5.88485619858655 153.68702779025787 381.6911766008556 400.0 -1.9277141952586355e-05 0.06200766816736662 0.06203415948023878 4.1044299858481445e-05 1.3684565995744729 2.4442393217284463e-08 0.0022667246553691417 0.001136419870418015 0.0011302829009500245 0.062038878171261094 0.001140931124157847 0.0011257935312112947 0.0015710981676303483 0.001571098167616106 187.83846953209428 2.0668275650144063
70.0 12.21748970989592 -5.376121660406977 3.432732786492102 -518476.59262683854 4.647333284294294e-06 7.703593041297559 7.688215232580133 7.631198924264948 153.6078401011735 390.45991416759097 400.0 -2.6242403029221952e-05 0.07235532916667305 0.07239411703261137 5.589250356350241e-05 1.6020178990289737 2.4445431636545505e-08 0.002644948122551039 0.0013266489857157197 0.0013182772514224908 0.07240166879111248 0.0013327864418024088 0.0013121616807486305 0.0018332370267025717 0.0018332370266867242 161.01103340645517 2.0689719657371515
80.0 12.219379660590475 -5.376538977728507 4.572170573347131 -518391.3752763925 5.652746454525512e-06 9.372947887525765 9.346959194897211 9.290180381673034 153.50865362557244 398.13691943152565 400.0 -3.428207611130727e-05 0.08270965936802081 0.08276750585273013 7.309137069227882e-05 1.8385742094827189 2.4450019061780032e-08 0.0030233766803368046 0.0015171608450481172 0.0015061939480969918 0.08277888528081045 0.0015251825803252992 0.0014981941000115052 0.0020955163171522983 0.0020955163171369963 140.89191844307123 2.06778867336125
90.0 12.221624828698314 -5.3770748935659025 5.767951867158586 -518289.7412717755 6.581850987564405e-06 10.927588154075348 10.887973104491907 10.834431597455305 153.39077556734418 404.4848803936433 400.0 -4.339743253211104e-05 0.09307198402174718 0.09315655662004238 9.267135812956282e-05 2.0779963237212415 2.44559407111197e-08 0.0034020496474313393 0.0017079782550989697 0.001694049503020846 0.09317292723086511 0.0017181459514500296 0.00168390369598131 0.0023579594975851556 0.002357959497569159 125.24493066257054 2.0650621555651067
100.0 12.224196155410446 -5.377733766509386 6.995244087234195 -518172.9041058732 7.428936184920815e-06 12.352951752180259 12.296913622211159 12.249389054916016 153.25570725820617 409.6116703115167 400.0 -5.3589897265228627e-05 0.10344345671894302 0.10356269726424379 0.00011466190278451874 2.320097443391941 2.4462888470277992e-08 0.0037810046417156356 0.0018991229220509103 0.0018818598279223533 0.10358539598107863 0.0019117017657122072 0.0018693028760034276 0.00262058876778337 0.002620588767768471 112.72834218488572 2.062114037764591
110.0 12.227063660189174 -5.378517864538083 8.235426465862345 -518042.18556206534 8.194211285741595e-06 13.64454548650615 13.569605785736668 13.530558708453542 153.10499809868898 413.7169122897845 400.0 -6.486101921674452e-05 0.11382503961651652 0.11398677805260625 0.00013909093222244008 2.564654731492977 2.4470566533405828e-08 0.0041602750743875505 0.002090614200362641 0.0020696389795715215 0.11401731847245139 0.002105872723130852 0.002054402351256698 0.002883424078610189 0.00288342407859413 102.48832359603621 2.0596203544003195
120.0 12.230198153073461 -5.379427897928524 9.474691345247921 -517898.9243857974 8.881493140865347e-06 14.805343176773215 14.709380655217315 14.680913962474717 152.94015652694208 416.998963732515 400.0 -7.721244435747564e-05 0.12421751300243442 0.12442921429849692 0.00016598444543989012 2.811415532811866 2.4478718536101922e-08 0.004539889401632408 0.0022824687122976724 0.0022573987919201777 0.12446928854319769 0.0023006785841426045 0.002239210817489804 0.0031464827968132694 0.003146482796797304 93.95565732009229 2.0578237637408803
130.0 12.233572243605998 -5.380463430720052 10.702993478528514 -517744.4119203302 9.496614096109726e-06 15.843137031626464 15.724384009484984 15.708246954426373 152.76259771078432 419.6266893753617 400.0 -9.064589318250406e-05 0.13462149402016638 0.1348900772000887 0.00019536612814330338 3.060103808197566 2.4487128411701354e-08 0.004919871246097633 0.0024747003885804255 0.0024451489569194736 0.13494155634044544 0.0024961361666161683 0.0024237350794814637 0.003409779730930699 0.0034097797309135384 86.73627392122312 2.0567393447409636
140.0 12.237160862545435 -5.381623197250015 11.913206380662649 -517579.8526380712 1.0046322763324314e-05 16.768314968211804 16.62532821304164 16.622945808250616 152.57361647278677 421.7355337594729 400.0 -0.00010516314212260968 0.14503745691854453 0.14536915996118982 0.0002272570448122247 3.310429576868196 2.449561517543164e-08 0.005300239849237657 0.002667320671597245 0.002632897273663249 0.14543409316105732 0.0026922595145173053 0.0026079803347203523 0.003673327319741633 0.0036733273197250074 80.54870034617011 2.0562847997921714
150.0 12.240941454294669 -5.382905344157258 13.100437411965236 -517406.34428974125 1.0537562311483322e-05 17.59225606881233 17.423875587255555 17.436390036130845 152.37437739094568 423.43151269685245 400.0 -0.000120766008432789 0.15546575230247622 0.15586603268148308 0.00026167544388439187 3.5620997625962136 2.450402769378017e-08 0.005681010598324386 0.002860338763178532 0.0028206499276161577 0.15594664530772917 0.0028890601239195328 0.0027919504744048527 0.0039371358758669844 0.003937135875849999 75.18652819271382 2.0563488728597616
160.0 12.24489396044503 -5.384307614043754 14.261479266616272 -517224.8716945978 1.0977031680156635e-05 18.326298312997917 18.131602934940183 18.15991822181917 152.16591561051618 424.7969141697092 400.0 -0.0001374563377922051 0.1659066247048287 0.1663800911787503 0.00029863668646240116 3.814828385436525 2.451224060931698e-08 0.0060621955278569875 0.0030537618717287655 0.0030084117448934676 0.16647878215644796 0.0030865471820698317 0.0029756483457871563 0.0042012138338978966 0.004201213833881599 70.49495597474274 2.0568228015047993
170.0 12.249000681870223 -5.385827483775853 15.39437901667741 -517036.309080302 1.1370945446965693e-05 18.981143404106408 18.759408326624577 18.804232802686847 151.94914405850668 425.89558920001224 400.0 -0.00015523599413814609 0.1763602284152414 0.1769106014195613 0.00033815328725720316 4.068344812324174 2.4520151285919408e-08 0.006443803766463471 0.0032475954447575557 0.003196186406631704 0.17702994009958717 0.003284727804217972 0.0031590759622454985 0.004465567982486767 0.0044655679824705755 66.35561036745047 2.0576123672862585
180.0 12.253246078963498 -5.387462267788773 16.49810536161395 -516841.42722647765 1.1724924796528825e-05 19.56656036528586 19.317219214068167 19.37910362520438 151.72486379111425 426.7772776721182 400.0 -0.00017410685134127551 0.18682664169001362 0.18745674008148197 0.0003802350453471261 4.322399612537346 2.4527677449020172e-08 0.006825841928244292 0.003441843384253042 0.003383976624959079 0.18759946285132206 0.003483607263142842 0.0033422346651014513 0.0047302036740582585 0.004730203674076456 62.676426931392704 2.0586407111720364
190.0 12.257616548261685 -5.3892091945837635 17.57229528044431 -516640.9029002877 1.2043969957352631e-05 20.09127778576995 19.81389011065644 19.89326015433778 151.49377561488896 427.4809656305925 400.0 -0.000194070786371589 0.19730587951168202 0.19801763143216716 0.0004248892384753909 4.576768120194387 2.453475526221192e-08 0.007208314456073132 0.0036365082457364925 0.003571784287241896 0.19818663825612434 0.0036831892096030813 0.0035251252464700497 0.00499512501211832 0.004995125012100822 59.38472635897162 2.0598472301805804
200.0 12.262100198494686 -5.391065462818293 18.617063221689268 -516435.3290163468 1.2332479759377297e-05 20.56298691787232 20.25721111608141 20.354394537284843 151.2564916548949 428.0374329945878 400.0 -0.00021512967374945477 0.20779790506023763 0.20859238058747576 0.00047212085879462127 4.831252081208656 2.4541337667815635e-08 0.007591223925381947 0.003831591422063282 0.00375961057606885 0.20879073161907152 0.003883475887063433 0.003707748038318513 0.0052603350178934685 0.00526033501787504 56.42236784604344 2.061185102854958
210.0 12.266686638849682 -5.393028281943196 19.632858605351043 -516225.22460871865 1.2594296069564137e-05 20.988404532519095 20.65397572424218 20.769224429370933 151.01354634731035 428.47116827163876 400.0 -0.0002372853811798159 0.21830264003459787 0.21918010314816014 0.0005219328675808367 5.085679844376936 2.4547392882363542e-08 0.00797457131558233 0.004027093313265886 0.003947456070829615 0.2194110155198472 0.004084468321673867 0.003890102993908464 0.005525835779529015 0.0055258357795125584 53.74228723240648 2.0626186237719786
220.0 12.271366785796095 -5.395094901190763 20.62036013850795 -516011.0441298376 1.2832759145400198e-05 21.373363731733342 21.0100759270437 21.143583780536407 150.7654064883371 428.80180770377194 400.0 -0.00026053976615329104 0.2288199739364613 0.2297799511969372 0.000574326456713554 5.339905531948643 2.4552902981266232e-08 0.008358356254496614 0.004223013482823018 0.004135320835877005 0.23004679606173173 0.004286166507393296 0.004072189747103317 0.00579162858570973 0.005791628585694462 51.30597931179742 2.06412080588679
230.0 12.276132690751908 -5.39726262981809 21.580397915363513 -515793.1858563294 1.3050765542240243e-05 21.722913871184886 21.330605740515452 21.482522735516042 150.51248010885828 429.0452193362219 400.0 -0.0002848946734187361 0.2393497724051764 0.24039113566884204 0.000629301304640619 5.593807554665652 2.4557862537524054e-08 0.00874257723963649 0.004419350801025465 0.004323204498439956 0.2406974355449983 0.004488569579111244 0.004254007660525249 0.00605771404610557 0.006057714046090017 49.08163695852543 2.0656713770650734
240.0 12.280977388627146 -5.399528850812682 22.513896349056722 -515571.9993384099 1.3250824063803762e-05 22.041419052712182 21.619962653028047 21.790406107533563 150.25512430659919 429.2143164180963 400.0 -0.00031035193325335686 0.2498918846759412 0.2510129451786185 0.0006868558202745668 5.847286754902813 2.456227730108465e-08 0.00912723183906966 0.004616103575831811 0.004511106318634576 0.25136237163118136 0.0046916759700918785 0.004435555868977783 0.006324092200196758 0.006324092200181376 47.04275549927615 2.06725519387802
250.0 12.285894766015979 -5.401891029732551 23.421832650683175 -515347.7919171232 1.3435107267727548e-05 22.332649749293505 21.88194164452623 22.071004987817833 149.99365212750172 429.3196933551506 400.0 -0.0003369133604475579 0.2604461502230335 0.26164476147567367 0.0007469873705220616 6.100264386225253 2.456616291989182e-08 0.009512316873856723 0.004813269671688416 0.004699025253081238 0.26204113315661554 0.00489548355561264 0.004616833318244082 0.006590762615799585 0.006590762615785737 45.167072059926 2.068861000188991
260.0 12.29087944720851 -5.404346719944729 24.3052068732566 -515120.83437845315 1.3605497629394595e-05 22.59986518389291 22.119819481677087 22.32757911211223 149.72833841507273 429.37009182227524 400.0 -0.0003645807539250924 0.27101240464434867 0.27228607178068026 0.0008096924893269791 6.352680074994479 2.4569543712054976e-08 0.009897828583558959 0.005010846616839981 0.004886960013101874 0.2727333528413601 0.0050999897830933325 0.004797838800465625 0.006857724478322555 0.006857724478310725 43.43574969961977 2.07048047806841
270.0 12.295926696028387 -5.406893565215687 25.165020536383928 -514891.36583250284 1.3763628121271069e-05 22.845885821487514 22.336428734456213 22.562949343166764 149.45942491274738 429.3727760187781 400.0 -0.00039335589690125034 0.2815904848424161 0.28293647832075125 0.0008749670675869017 6.604489860485864 2.4572451501746813e-08 0.010283762776063058 0.005208831699747999 0.005074909118126374 0.28343877720571464 0.005305191789263768 0.004978570986799288 0.007124976671608191 0.007124976671597543 41.83274286647031 2.0721075244947658
280.0 12.301032331472982 -5.409529300372241 26.002261602675013 -514659.5979105379 1.3910917462202497e-05 23.073156281767687 22.534221895283874 22.77956057635371 149.18712465257775 429.33381857485193 400.0 -0.0004232405574927031 0.29218023355617323 0.2935957054139783 0.0009428065243248635 6.855664372875199 2.45749245309563e-08 0.010670114962784848 0.005407222055287959 0.0052628709446992114 0.29415727404283454 0.005511086505081976 0.005159028457702873 0.00739251785105943 0.007392517851050679 40.34429884224683 2.073737703509427
290.0 12.306192655316933 -5.412251750573174 26.817894144615014 -514425.7183691657 1.404860052126178e-05 23.283799448596884 22.715326437471386 22.97953584413743 148.91162566651337 429.258325434016 400.0 -0.0004542364898353106 0.302781503299006 0.30426360445945494 0.0010132059601281123 7.1061871812582345 2.457700645624331e-08 0.011056880480271928 0.005606014741470193 0.005450843771361273 0.30488883780303777 0.005717670749257803 0.005339209731014128 0.00766034650968947 0.0076603465096813815 38.95856234916735 2.0753678360434202
300.0 12.31140438997814 -5.415058829597629 27.612851464745372 -514189.8941836421 1.4177754325580431e-05 23.47966273219181 22.88159182744491 23.164722575024587 148.63309416176588 429.150613229716 400.0 -0.0004863454355087268 0.3133941597572826 0.31494015716722357 0.001086160294322439 7.356053324334433 2.4578745435501867e-08 0.011444054599152376 0.005805206807433997 0.005638825819604545 0.3156335932248105 0.005924941311290739 0.005519113287861636 0.007928461037633177 0.007928461037625276 37.66525924588897 2.076995682674468
310.0 12.316664625165911 -5.41794853745425 28.38803174848759 -513952.27420331043 1.4299320337879827e-05 23.662357489278758 23.034629528587494 23.336732011955014 148.35167736669268 429.0143501448107 400.0 -0.0005195691253050508 0.32401808470251325 0.3256254773237478 0.0011616643874369649 7.605268022802751 2.4580193305380733e-08 0.011831632621366536 0.006004795353489925 0.005826815291061642 0.32639179750928476 0.0061328950249654205 0.005698737596401119 0.008196859775645436 0.00819685977563953 36.455441452371666 2.0786197140946108
320.0 12.321970772037279 -5.4209189575383405 29.144295564644697 -513712.9914330047 1.4414123396149543e-05 23.833292537251708 23.17584697744322 23.49697272591463 148.06750585598908 428.8526685059459 400.0 -0.0005539092812644898 0.3346531784677884 0.33631981133707683 0.0012397131506042794 7.8538455633222 2.458140484597868e-08 0.012219609966605018 0.006204777583970798 0.0060148104010928505 0.33716384128364657 0.006341528833243821 0.005878081133361196 0.008465541063074003 0.008465541063069085 35.32127970857136 2.0802389282974927
330.0 12.327320523726772 -5.4239682535061675 29.882464703903672 -513472.16499559075 1.452288792237417e-05 23.993702634084215 23.306476418756958 23.646679096334044 147.78069560854115 428.6682553543072 400.0 -0.0005893676189249884 0.3452993620343341 0.3470235377501738 0.0013203016435247986 8.101808338032793 2.458243712632156e-08 0.012607982248809336 0.00640515085359571 0.0062028094089228185 0.3479502485430066 0.006550839845434698 0.006057142403374642 0.008734503280729741 0.008734503280727819 34.25589401933137 2.081852723167781
340.0 12.332711821348965 -5.427094665991487 30.60332197666791 -513229.9018228021 1.462625164624754e-05 24.14467266711808 23.42759937912815 23.78693550126013 147.4913497146808 428.46342560045554 400.0 -0.0006259458498398326 0.3559565787710955 0.3577371658579507 0.0014034251623576636 8.34918602032272 2.4583348921881283e-08 0.012996745343616143 0.006605912708054798 0.006390810644500012 0.3587516757068206 0.00676082538749593 0.006235919956120214 0.009003744889124515 0.009003744889122688 33.253214025731644 2.083460787328384
350.0 12.338142824596796 -5.430296509256333 31.30761168846951 -512986.2981147097 1.4724777376701132e-05 24.28715822371168 23.54016745311372 23.918696890198763 147.19955994090847 428.2401822462894 400.0 -0.0006636456841388164 0.3666247958621621 0.36846133351291316 0.001489079318945199 8.596014855953129 2.458420019423827e-08 0.013385895447467728 0.006807060919384919 0.0065788125322316215 0.36956890987457397 0.006971483046191532 0.006414412401276195 0.009273264462394747 0.00927326446239509 32.307863316831295 2.0850630285501044
360.0 12.343611886350137 -5.433572167842803 31.996040584629494 -512741.4406018347 1.4818963030026636e-05 24.422003096819815 23.6450199774873 24.0428062926523 146.90540802895651 428.000264349599 400.0 -0.0007024688333437928 0.3773040054557917 0.3791968041675112 0.0015772601123322902 8.84233704865053 2.4585051622575716e-08 0.01377542912921121 0.007008593516756671 0.006766813611795739 0.38040286632783027 0.007182810707828494 0.0065926184213827175 0.009543060718367245 0.009543060718367765 31.415063026225468 2.0866595167719235
370.0 12.349117530612064 -5.436920093273791 32.66927910925545 -512495.4076389986 1.4909250149514317e-05 24.549954199784707 23.74289908151498 24.160009736618264 146.60896686755396 427.7451877806345 400.0 -0.0007424170131711573 0.38799422555842267 0.38994446316644443 0.0016679639936442267 9.088200219992087 2.4585964177136183e-08 0.014165343374754663 0.007210508813092738 0.006954812556179144 0.3912545852899582 0.007394806592107236 0.006770536782647429 0.009813132544991136 0.009813132544994559 30.570551064369482 2.0882504348014774
380.0 12.354658433370856 -5.440338800836343 33.32796286507426 -512248.27015528886 1.499603127935854e-05 24.67167430726228 23.834462524774782 24.270968993976165 146.3103014209191 427.4762782937671 400.0 -0.0007834919465447649 0.39869550069728815 0.40070531328611425 0.0017611879249000541 9.333656925121998 2.4586998725644526e-08 0.014555635625466771 0.007412805428004836 0.007142808187140045 0.4021252279379722 0.007607469281635498 0.006948166343831272 0.010083479023526213 0.010083479023530822 29.770514106070348 2.089836050917257
390.0 12.360233405912359 -5.443826866470356 33.97269419030646 -512000.0924809517 1.5079656206173608e-05 24.787752944471087 23.92029466837155 24.37627247496722 146.0094696081487 427.1946991310992 400.0 -0.0008256953665348347 0.40940790236700086 0.41148046950386596 0.0018569294324582062 9.578764207734924 2.458821566501746e-08 0.014946303810793891 0.007615482307362106 0.0073307994882568 0.4130160716455139 0.007820797747492867 0.007125506063301023 0.010354099448676274 0.010354099448680994 29.011530043380812 2.091416688426173
400.0 12.365841380271112 -5.447382923777677 34.604043791932654 -511750.93306873273 1.5160437400996582e-05 24.898715728318333 24.000915869788916 24.476444575338842 145.7065231142295 426.9014740634952 400.0 -0.0008690290194618652 0.4201315292746912 0.4222711529794942 0.0019551866553875114 9.823583180119472 2.4589674572140593e-08 0.015337346375607047 0.007818538739828539 0.007518785615737446 0.4239285044351549 0.008034791371214505 0.007302555004392546 0.010624993345954141 0.010624993345959486 28.290519072209758 2.092992714098966
410.0 12.371481396503393 -5.451005661160269 35.22255239143294 -511500.8451245613 1.5238654615969328e-05 25.005032378782378 24.07679054467531 24.571953694547574 145.40150797223012 426.5975067089044 400.0 -0.0009134946678849272 0.4308665073937771 0.43307868423480694 0.0020559583890724827 10.06817861642407 2.45914338690843e-08 0.0157287623026709 0.00802197437060504 0.0077067659071466425 0.434864018620935 0.008249449963461889 0.0074793123392090065 0.010896160486459859 0.010896160486466982 27.604701938361437 2.0945645163496294
420.0 12.377152591519721 -5.454693819091955 35.82873235181456 -511249.8771602364 1.531455889760162e-05 25.10712361895196 24.148334099521588 24.66321914342509 145.09446513513413 426.2835967984032 400.0 -0.0009590940936925699 0.44161298983449077 0.4439044755268687 0.0021592441242007554 10.312618549691907 2.4593550499628668e-08 0.01612055113058005 0.008225789212574783 0.007894739888196665 0.4458242036314425 0.008464773779593829 0.007655777350986225 0.01116760089924337 0.011167600899252065 26.951564149572608 2.0961324957573755
430.0 12.38285418929086 -5.458446187524818 36.42306926438766 -510998.0734787932 1.5388376084771045e-05 25.205367130409936 24.215918906306136 24.750617107983985 144.7854310665235 425.96045392561354 400.0 -0.0010058291011342253 0.45237115653906473 0.45475002242595297 0.0022650440812102294 10.556973865584332 2.459607961539031e-08 0.01651271296750478 0.008429983655033647 0.008082707277762639 0.4568107380189262 0.008680763532327074 0.007831949435177706 0.011439314881428709 0.01143931488143799 26.32882518220487 2.0976970634462266
440.0 12.38858549222649 -5.462261603429168 37.00602348059431 -510745.4746017255 1.546030976489139e-05 25.300102690309494 24.279879462700283 24.834485795685502 144.47443807260703 425.62870921454686 400.0 -0.0010537015198265288 0.463141213807242 0.46561689462398875 0.0023733592401805554 10.80131788781297 2.4599074271069e-08 0.01690524850099605 0.008634558470130425 0.00827066799124744 0.4678253806745413 0.00889742040160765 0.0080078280993884 0.011711303006225391 0.011711303006235177 25.734411887847195 2.099258627934105
450.0 12.394345873558738 -5.46613894846396 37.57803157944948 -510492.1176458605 1.5530543882603023e-05 25.391636627599755 24.340516858530652 24.915129901583107 144.16151483750963 425.28892525847164 400.0 -0.001102713207642145 0.47392339365757735 0.47650672601664457 0.0024841913661102703 11.045725952267187 2.4602585129356525e-08 0.01729815900406982 0.008839514817116867 0.008458622142415903 0.4788699612872661 0.009114746041785138 0.008183412962284684 0.011983566128937207 0.011983566128947713 25.16643544639425 2.1008175939508384
460.0 12.40013477062465 -5.47007714677386 38.13950776518393 -510238.0366565132 1.5599245023844948e-05 25.480245691073275 24.398102650116456 24.992824486952514 143.84668656471237 424.94160461414475 400.0 -0.0011528660536215874 0.4847179530314499 0.4874212041207609 0.0025975430295268145 11.290274968594048 2.4606660176863782e-08 0.017691446337810567 0.009044854244511385 0.008646570043834656 0.4899463701027908 0.009332742586186594 0.008358703751623973 0.012256105391094365 0.012256105391105658 24.6231713258482 2.1023743592966393
470.0 12.405951678912473 -5.474075162907955 38.69084519228562 -509983.2629026429 1.5666564360031132e-05 25.566180410662085 24.452882228148393 25.067818351759062 143.52997550148413 424.58719708726204 400.0 -0.0012041619807422164 0.4955251728456133 0.4983620589030234 0.0027134176223255102 11.535042969414377 2.461134445299503e-08 0.01808511295065578 0.009250578690238515 0.008834512206017197 0.5010565470531666 0.009551412649139402 0.008533700301516374 0.012528922222789101 0.012528922222800226 24.103041800945352 2.10392931206255
480.0 12.41179614677687 -5.478131999854854 39.23241721728753 -509727.82513889746 1.5732639385697773e-05 25.64966803051244 24.50507775148832 25.140336979401724 143.21140109212666 424.2261060012788 400.0 -0.0012566029485696472 0.5063453569006113 0.5093310511107169 0.00283181936876315 11.780108648618759 2.4616679794078474e-08 0.018479161874535383 0.00945669047981041 0.009022449335381788 0.5122024703433853 0.009770759325499317 0.00870840254903607 0.012802018343303707 0.012802018343313445 23.604600657384783 2.105482829495729
490.0 12.417667770747563 -5.482246697188617 39.76457857813407 -509471.74983873114 1.5797595416576843e-05 25.730915068350356 24.554890708153867 25.210585108143192 142.8909801850549 423.8586936077125 400.0 -0.0013101909558361408 0.5171788306534855 0.5203299602071647 0.0029527533315309635 12.025550891170155 2.4622704595239602e-08 0.018873596718037663 0.009663192322617293 0.009210382331126952 0.5233861445933329 0.009990786187741636 0.008882810530296026 0.013075395760121889 0.013075395760132346 23.126519769382412 2.1070352752584545
500.0 12.423566191344168 -5.4864183293197595 40.287666502873876 -509215.06140223565 1.5861546914117075e-05 25.810109558071467 24.602504155438563 25.278748986048985 142.56872733790905 423.48528577039264 400.0 -0.0013649280428470422 0.5280259398633632 0.5313605720224779 0.0030762254128289925 12.271448297567071 2.4629453592517196e-08 0.019268421656737245 0.009870087306380124 0.009398312281106774 0.5346095886421528 0.010211497280658087 0.009056924376079153 0.013349056766396536 0.013349056766407548 22.66757728823112 2.1085870005043668
510.0 12.429491089352673 -5.490646003845788 40.80200175026475 -508957.78234177665 1.592459865731839e-05 25.88742301731507 24.648084683328662 25.344998351077916 142.24465501066007 423.10617603161614 400.0 -0.0014208162937605468 0.5388870491205989 0.5424246662371518 0.0032022423504879257 12.517878706679541 2.463695766758862e-08 0.019663641420859034 0.010077378889831958 0.009586240456813513 0.5458748231295795 0.01043289711373038 0.00923074430712865 0.013623003936954444 0.01362300393696425 22.22664722072144 2.110138344944655
520.0 12.435442182491965 -5.4949288599955795 41.30788958516401 -508699.93344816123 1.5986846742305434e-05 25.963012170525335 24.691784138813592 25.40948816670706 141.91877361505723 422.721629152495 400.0 -0.0014778578387155213 0.5497625402698414 0.5535240038182738 0.0033308117091143145 12.764918720970584 2.46452436772546e-08 0.020059261280406568 0.01028507089368579 0.009774168307538102 0.557183857971684 0.010654990651233608 0.00940427062917296 0.01389724012290872 0.013897240122918774 21.802690210283767 2.1116896318442504
530.0 12.441419222429772 -5.499266067162247 41.80562069194894 -508441.53393966274 1.6048379501614717e-05 26.03702047390245 24.733741143180893 25.472360159374155 141.5910918123713 422.3318842034251 400.0 -0.0015360548557782137 0.5606528107390271 0.564660314528299 0.003461941866289172 13.01264323828205 2.465433430947062e-08 0.02045528702791555 0.010493167489966301 0.009962097453791908 0.5685386798492944 0.010877783300149515 0.009577503727766033 0.014171768444968248 0.01417176844497948 21.394745361978355 2.1132411724584808
540.0 12.447421992114174 -5.503656823519312 42.29547202934615 -508182.6015959182 1.610927830059902e-05 26.10957945678036 24.774082429738183 25.533744172155714 141.2616165886166 421.9371572681698 400.0 -0.001595409572700081 0.5715582717870372 0.5758352846246464 0.0035956419939712886 13.261124994378795 2.466424796736196e-08 0.020851724958997574 0.010701673189781644 0.010150029680078724 0.5799412398263123 0.011101280895981148 0.009750444063016426 0.014446592285519871 0.014446592285530626 21.0019229760001 2.1147932650986774
550.0 12.453450303372039 -5.508100354715124 42.777707629993046 -507923.15287848236 1.616961822764495e-05 26.18080990482086 24.81292402547047 25.59375935995823 140.93035334248574 421.5376438165141 400.0 -0.001655924268520478 0.5824793466825017 0.5870505448626246 0.0037319220352211016 13.510434120292356 2.4674998682229688e-08 0.021248581850814574 0.010910592829610212 0.01033796692708242 0.5913934412100095 0.011325489686555402 0.009923092164259179 0.014721715279554784 0.014721715279565267 20.623398074041738 2.116346192703113
560.0 12.459503994749348 -5.512595912640854 43.2525793481044 -507663.20303956885 1.6229468726571788e-05 26.250822911439197 24.850372296822034 25.65251525253116 140.59730601738121 421.1335207906727 400.0 -0.001717601274988172 0.5934164688273307 0.5983076589080372 0.0038707926763763834 13.760637718293351 2.468659605611302e-08 0.0216458649386562 0.011119931556202115 0.010525911283342838 0.6028971277598263 0.011550416313926748 0.010095448624729454 0.014997141304538355 0.014997141304547486 20.258404619394323 2.117900224183607
570.0 12.46558292957337 -5.5171427742675485 43.72032755853879 -507402.76622029557 1.628889419230028e-05 26.31972081709328 24.886524876970956 25.71011270483529 140.26247725701705 420.7249484437236 400.0 -0.001780442977703569 0.6043700798387779 0.6096081122579916 0.004012265314950373 14.011799460021129 2.4699045234065173e-08 0.022043581890796925 0.01132969481019074 0.010713864976501373 0.6144540723439422 0.01177606779450674 0.010267514096290188 0.01527287446930311 0.015272874469310964 19.90623034557824 2.1194556205995716
580.0 12.471686994211652 -5.521740240548092 44.18118181040405 -507141.855539617 1.6347954398874216e-05 26.387598025533485 24.921471489562336 25.76664472377626 139.92586843091613 420.3120719629583 400.0 -0.0018444518171479689 0.6153406276035318 0.620953301757229 0.004156352023443493 14.263979209894996 2.4712346905830945e-08 0.02244174078180365 0.011539888308522733 0.010901830364178567 0.6260659661321626 0.01200245149754778 0.01043928928425587 0.015548919102063114 0.015548919102070248 19.566212120048093 2.1210126256181723
590.0 12.477816096471187 -5.526387635379718 44.635361438044995 -506880.4831750271 1.6406704969871333e-05 26.45454174666549 24.955294681815907 25.82219722087815 139.58747976511444 419.89502290891755 400.0 -0.001909630289483971 0.6263285643156021 0.6323445257873428 0.004303065509346687 14.517232676501568 2.4726497336322434e-08 0.022840350064408103 0.01175051802578023 0.011089809924524284 0.6377344084041768 0.012229575122083986 0.010610774942324113 0.015825279737592356 0.015825279737599472 19.23773177945881 2.122571470253999
600.0 12.483970164191016 -5.531084304623904 45.083076132592375 -506618.66043580126 1.646519781143636e-05 26.52063266058555 24.988070478205735 25.876849685388198 139.24731030232493 419.4739204888639 400.0 -0.0019759809471276003 0.6373343445141317 0.6437829751973542 0.004452419071651549 14.771611094316672 2.474148842383479e-08 0.023239418540232953 0.011961590174569561 0.011277806246555158 0.6494608970438572 0.012457446672539594 0.010781971867693363 0.016101961103738197 0.01610196110374577 18.920212381504268 2.1241323763310076
610.0 12.490149143944247 -5.535829615179625 45.524526476460565 -506356.397829697 1.652348139822542e-05 26.58594549500622 25.019868964380926 25.93067576997831 138.90535809268442 419.04887269022385 400.0 -0.002043506399124967 0.648358423130717 0.6552697250279081 0.004604426554148172 15.027160937500305 2.4757307784695557e-08 0.02363895532943922 0.012173111185034708 0.011465822020288443 0.6612468197742895 0.012686074433091818 0.010952880896347402 0.016378968107285768 0.016378968107292557 18.61311482548308 2.125695549863844
620.0 12.49635299986905 -5.540622954106847 45.959904443482934 -506093.7051237352 1.6581601161208798e-05 26.6505495652413 25.050754809744433 25.983743838167147 138.56162024684636 418.6199772892425 400.0 -0.00211220931134705 0.6594012535596622 0.6668057270741553 0.004759102295867523 15.28392366718584 2.4773938862771518e-08 0.024038969839522417 0.012385087683640238 0.01165386002675537 0.6730934461814719 0.012915466940972575 0.011123502898549843 0.016656305819297567 0.016656305819302778 18.31593479997052 2.1272611903535754
630.0 12.502581712621982 -5.545463727797335 46.38939386708903 -505830.59139967314 1.663959971309653e-05 26.714509234765874 25.080787736000868 26.03611743144573 138.21609288472834 418.1873227496539 400.0 -0.0021820924064346625 0.670463285762744 0.6783918033201468 0.004916461078992167 15.54193551320536 2.4791361062045808e-08 0.024439471733443026 0.012597526471351357 0.01184192312795145 0.685001920562642 0.013145632958872798 0.011293838774570228 0.016933979460030116 0.016933979460035647 18.028200021248132 2.1288294817570033
640.0 12.508835278400127 -5.550351361189403 46.813170878552754 -505567.0651047799 1.669751713349838e-05 26.777884346165347 25.110022938025622 26.087855705902854 137.86877123957234 417.7509890276595 400.0 -0.0022531584635938173 0.6815449644169114 0.6900286402624918 0.005076518074551392 15.801227290678657 2.4809549900242085e-08 0.02484047089718785 0.012810434501291913 0.012030014256739859 0.6969732556202466 0.01337658144656305 0.011463889450624803 0.01721199438346685 0.017211994383471887 17.749467730663973 2.1304005972783724
650.0 12.515113708091011 -5.555285297024622 47.23140431769903 -505303.1340982692 1.6755391216657785e-05 26.84073060857919 25.138511462622894 26.1390138244402 137.51964979824209 417.31104828956376 400.0 -0.0023254103181838646 0.692646727117804 0.7017167841389923 0.005239288786338925 16.061824251693714 2.4828477181459586e-08 0.025241977407046562 0.013023818856055731 0.012218136406816672 0.7090083270209402 0.013608321531956777 0.011633655875089787 0.017490356061624093 0.01749035606162793 17.479322423066044 2.1319747032003833
660.0 12.52141702647145 -5.560264995143243 47.64425611768034 -505038.80569393694 1.6813257645357028e-05 26.903099934279243 25.166300550000614 26.189643297220247 137.16872217269486 416.86756555708047 400.0 -0.0023988508611051088 0.7037690026444567 0.713456637058998 0.005404788993308041 16.32374597170648 2.484811118559825e-08 0.025644001496644205 0.01323768672472944 0.012406292622720519 0.7211078688199533 0.013840862481699915 0.011803139014944288 0.017769070068642742 0.01776907006864571 17.217373781764838 2.1335519520568464
670.0 12.527745271496821 -5.565289931816497 48.05188166584407 -504774.08669929137 1.6871150194735035e-05 26.96504075460483 25.19343394221185 26.239792300573974 136.8159812013783 416.4205992854312 400.0 -0.002473483037987524 0.7149122092953306 0.7252484540308596 0.005573034690838367 16.587006270146844 2.4868416872375824e-08 0.02604655352397064 0.013452045379783542 0.01259448598997097 0.7332724697501154 0.014074213671488936 0.011972339852481709 0.018048142064801112 0.018048142064803412 16.963254798466107 2.1351324857735845
680.0 12.53409849364393 -5.570359599113224 48.454430142223444 -504508.9834515575 1.69291009239696e-05 27.02659830857013 25.219952162265752 26.289505967701622 136.46141908446126 415.97020188370476 400.0 -0.0025493098482689417 0.7260767533009794 0.7370923408685087 0.005744042031202649 16.851613164288814 2.4889356097678314e-08 0.026449643938501584 0.013666902153911612 0.01278271962535034 0.7455025703614443 0.014308384556232664 0.012141259382268923 0.018327577780487398 0.01832757778048932 16.71662005911624 2.136716440076146
690.0 12.540476755335865 -5.575473504299247 48.85204483735886 -504243.5018507956 1.6987140315662117e-05 27.087814894086154 25.245892767168925 26.338826641129607 136.1050272267717 415.5164201817248 400.0 -0.0026263343440289183 0.7372630273210223 0.7489882529565483 0.005917827263573733 17.117568855296344 2.4910887840051802e-08 0.026853283248616838 0.013882264416958801 0.012970996667393486 0.7577984609947451 0.014543384640238268 0.01230989860837857 0.018607383000252484 0.018607383000255093 16.477144178840998 2.1383039397445454
700.0 12.546880130390024 -5.580631169266848 49.24486345064327 -503977.6473904855 1.704529739059895e-05 27.14873009747868 25.271290577741386 26.387794102636885 135.7467964094242 415.0592958529257 400.0 -0.002704559628757153 0.7484714090275691 0.7609359948417951 0.006094406673843171 17.384869744983245 2.4932968435171983e-08 0.027257481989348853 0.014098139552987575 0.01315932026707054 0.7701602805610853 0.014779223447497323 0.012478258541851524 0.01888756354694587 0.018887563546945933 16.244520371042757 2.139895097732007
710.0 12.553308703540571 -5.585832129993313 49.63301837078106 -503711.4251857173 1.7103599910248565e-05 27.209381021154876 25.296177887729627 26.436445800534955 135.38671673016893 414.5988657942327 400.0 -0.0027839888558435066 0.7597022597819908 0.7729352206199221 0.006273796524647657 17.653506481820607 2.495555181621488e-08 0.02766225069068963 0.014314534937624654 0.013347693578746973 0.7825880160999552 0.015015910492262564 0.012646340198427067 0.01916812526605911 0.0191681252660598 16.018459137451206 2.1414900233220053
720.0 12.559762570005887 -5.591075936026559 50.016636939481856 -503444.8399992356 1.7162074424366964e-05 27.269802463614887 25.320584654419378 26.484817028538792 135.02477769167814 414.1351624690872 400.0 -0.002864625227076631 0.7709559234069527 0.7849854350760972 0.006456012995741923 17.923464034427482 2.497858975810611e-08 0.02806759984652922 0.014531457915770209 0.013536119751412782 0.7950815030789915 0.015253455250011105 0.01281414459651811 0.019449074010336822 0.019449074010335726 15.798687067355653 2.14308881455128
730.0 12.566241835075518 -5.596362149995959 50.39584169943426 -503177.8962655704 1.722074640967611e-05 27.33002710263366 25.344538672691005 26.53294110709696 134.66096813716453 413.6682142192294 400.0 -0.002946471990893553 0.7822327250546643 0.7970859955367047 0.006641072125149982 18.194721790686092 2.5002032123802443e-08 0.028473539884282764 0.014748915779705569 0.013724601920201933 0.8076404263963021 0.015491867142398596 0.012981672741884167 0.019730415624638793 0.01973041562463605 15.58494573553894 2.144691560983612
740.0 12.572746613764266 -5.6016903471476605 50.77075062785589 -502910.59811332676 1.7279640374166856e-05 27.39008566107458 25.368065734244823 26.580849546685183 134.29527637976736 413.19804554476985 400.0 -0.0030295324405886785 0.7935329701757425 0.8092361143893977 0.006828989751221518 18.467253680646774 2.502582711083503e-08 0.028880081135408815 0.01496691574775037 0.01391314319825345 0.8202643220467292 0.01573115549670833 0.013148925638700482 0.02001215593121188 0.02001215593121052 15.376990689595727 2.1462983463709127
750.0 12.579277030478 -5.607060114902272 51.1414773563625 -502642.94938587927 1.733877994337419e-05 27.450007053660283 25.39118977350104 26.628572191440448 133.92769009268395 412.7246773595175 400.0 -0.003113809912358352 0.8048569435864482 0.8214348622198386 0.007019781455848443 18.74102832113511 2.5049921496448334e-08 0.0292872338068 0.01518546494347478 0.014101746668889893 0.8329525794041395 0.01597132949640727 0.013315904310392727 0.020294300715331604 0.020294300715329776 15.174590518270252 2.1479092462913063
760.0 12.585833218734095 -5.612471052434327 51.508131378277234 -502374.95366052137 1.7398187951714076e-05 27.509818527200018 25.413933001526278 26.676137355679202 133.55819637628628 412.2481272207873 400.0 -0.0031993077832947513 0.8162049086369271 0.8336811715208144 0.007213462509133671 19.016009180152906 2.5074260879905e-08 0.029695007953215457 0.015404570375573714 0.014290415378175603 0.8457044440793795 0.016212398175635856 0.013482609777579601 0.020576855711408274 0.02057685571140561 14.977525993368243 2.1495243301494003
770.0 12.592415320888595 -5.617922770271672 51.87081824401586 -502106.61426628055 1.745788649003561e-05 27.56954578083186 25.436316029162327 26.723571939913235 133.18678180294307 411.7684095394515 400.0 -0.0032860294692408044 0.8275771064772409 0.8459738409186225 0.007410047815573595 19.292154758932885 2.5098789920513414e-08 0.030103413450732242 0.015624238918420432 0.014479152327814417 0.858519021302327 0.016454370393745654 0.013649043056986585 0.02085982658955179 0.020859826589549334 14.785589278535646 2.151143658242682
780.0 12.59902348790576 -5.623414889914202 52.229639745504855 -501837.9343004313 1.7517897024325853e-05 27.629213094272163 25.45835798041923 26.770901554400787 132.8134324112964 411.28553576954573 400.0 -0.003373978422597047 0.8389737554222203 0.8583115398713771 0.007609551861999177 19.569418789728363 2.5123452570238202e-08 0.03051245997135218 0.0158444772933859 0.01466796046843726 0.8713952797864195 0.016697254810669197 0.013815205160682985 0.02114321894267102 0.021143218942665666 14.598583198917074 2.152767287562372
790.0 12.605657879156146 -5.628947043470833 52.58469409030376 -501568.9166438355 1.757824044560847e-05 27.688843432030364 25.48007659706272 26.818150618242992 132.4381336854051 410.79951765252747 400.0 -0.0034631581300806234 0.8503950504127007 0.8706928137873722 0.007811988667463253 19.847750447315406 2.5148192299770657e-08 0.030922156958789526 0.016065292050947966 0.014856842693280591 0.8843320560271783 0.01694105986328854 0.013981097095500983 0.02142703827410849 0.02142703827410413 14.416320566294232 2.1543952694785284
800.0 12.612318662227848 -5.634518873313406 52.93607606604246 -501299.5639752183 1.763893708990133e-05 27.74845853290199 25.501488335224078 26.865342443387874 132.0608705354638 410.3103549240727 400.0 -0.0035535721103673533 0.8618411625702744 0.8831160895141158 0.008017371735058041 20.12709457224403 2.5172952317127962e-08 0.031332513605455616 0.01628668955362853 0.015045801832233845 0.8973280589886385 0.017185793742838778 0.014146719862616836 0.021711289985845247 0.021711289985841202 14.238623554844011 2.1560276444053317
810.0 12.619006012774266 -5.640130031747112 53.28387719591262 -501029.87878441706 1.770000700907828e-05 27.8080790589327 25.52260845477489 26.9124993777814 131.68162737480162 409.8180543805662 400.0 -0.003645223911719584 0.873312238844336 0.8955796811513029 0.008225714005963797 20.407391903999304 2.5197675777965425e-08 0.031743538830723006 0.016508675959796704 0.015234840646300474 0.910381875134168 0.01743146437342019 0.01431207445730282 0.021995979367292647 0.02199597936728801 14.065323123150408 2.1576644692376776
820.0 12.625720114358293 -5.645780180695892 53.62818588561481 -500759.86338475265 1.7761469134304444e-05 27.867724452948544 25.5434511021179 26.959642656809855 131.30038815874465 409.32261721849625 400.0 -0.0037381171095726 0.8848084017462007 0.9080817961386869 0.008437027815662905 20.688579322182427 2.5222305986912458e-08 0.03215524126041257 0.016731257208331782 0.015423961822422035 0.9234919737554851 0.01767807939160402 0.01447716186880855 0.022281111584656482 0.02228111158465146 13.896258478507002 2.159305709606098
830.0 12.63246115835276 -5.651468991403117 53.969087562581144 -500489.5199244689 1.782334477147728e-05 27.927413917004813 25.564029386993194 27.006793375425474 130.9171361772015 408.82404239299206 400.0 -0.003832255304095681 0.896329749170916 0.9206205415793386 0.008651324852485667 20.970590094115988 2.5246786589410337e-08 0.03256762920765783 0.016954439004234975 0.015613167968730806 0.9366567125634374 0.0179256461272439 0.014641983080413931 0.022566691670971098 0.02256669167096498 13.731276579965007 2.160951655499583
840.0 12.639229343824084 -5.657196144145506 54.30666480764156 -500218.8503974437 1.7885644778554352e-05 27.9871689617569 25.584355453808698 27.05397503100898 130.53217373223313 408.3223267250389 400.0 -0.003927642117703294 0.9078763542986297 0.9331939307479206 0.008868616118503422 21.253354127047796 2.527106175352237e-08 0.03298071065499424 0.017178226805111656 0.015802461610156797 0.9498743434924631 0.01817417158541255 0.014806539069581699 0.022852724516693686 0.022852724516688204 13.570231676871908 2.162606657035855
850.0 12.646024869086325 -5.662961327786808 54.64099744113719 -499947.8566692598 1.794835135114336e-05 28.0470905390463 25.60444054647371 27.10129064992199 130.15047192088835 407.8174656312741 400.0 -0.004024281190142376 0.9194482650132716 0.9457998891243105 0.009088911884901175 21.536798205091763 2.5295076339882363e-08 0.033394493217802884 0.017402625797612495 0.01599184517543033 0.9631430180217532 0.01842366241707553 0.014970830800727355 0.02313921484707196 0.023139214847065454 13.412984877038966 2.1643493724732674
860.0 12.652847501488086 -5.6687642303774615 54.97216064989303 -499676.5413190376 1.80081052800713e-05 28.10666748458239 25.624294993529794 27.148231256026314 129.7928506830357 407.3094858520089 400.0 -0.00412217604811699 0.9310454746468304 0.958436228556075 0.009312221240839419 21.820845285003873 2.531877598191314e-08 0.033808983086914046 0.01762764031218088 0.01618132052493868 0.9764607585543131 0.01867412425146942 0.015134858835444624 0.02342616649036738 0.02342616649035995 13.259403597714234 2.1661223453231884
870.0 12.659695104937011 -5.6743834463450655 55.29624812876782 -499387.03552480583 1.8059917401645262e-05 28.164836155603222 25.643799502135693 27.19373561519973 129.4826949300811 406.8959102358553 400.0 -0.004221329640877382 0.9426678191158174 0.9711005404034905 0.009538550534903307 22.105411426316394 2.5342106988055976e-08 0.03422418135424364 0.017853271792715127 0.01637088730670175 0.9898253430517686 0.01892555937629317 0.015298621977950474 0.02371357982746043 0.023713579827453382 13.10936069498003 2.167735216348853
880.0 12.666564816117752 -5.679992087383465 55.616430149601506 -499093.4644585164 1.810636622446416e-05 28.222159593548103 25.663069543125197 27.238369300079164 129.20759236596828 406.5008716185666 400.0 -0.004321744639757388 0.9543150534222252 0.9837902934689393 0.009767904204183652 22.390408857149097 2.5365016887795446e-08 0.034640086699028405 0.01807952026440632 0.01656054417476823 1.0032344074937367 0.01917796837170774 0.015462118327320674 0.02400145364963551 0.024001453649627264 12.962734557144243 2.169291272664156
890.0 12.673455790284569 -5.6856366013115744 55.9336113687892 -498799.62167295296 1.8152400195419865e-05 28.279548949500573 25.68214069197625 27.283045898780674 128.94177043508333 406.10387997736575 400.0 -0.004423424278608489 0.9659870416661007 0.9965030507198985 0.010000287595990918 22.675752366224447 2.538745502224897e-08 0.03505670212219134 0.018306388042872802 0.016750291814443645 1.0166856763440824 0.01943135434549405 0.015625347776697295 0.024289789842275096 0.024289789842266568 12.8194097201974 2.1709536341735616
900.0 12.680368074931302 -5.691316701735249 56.24785886568401 -498505.50918791286 1.8198671613310577e-05 28.337010847130323 25.701020273467407 27.327774453530463 128.6757459916623 405.7049406719914 400.0 -0.004526372054071643 0.9776836846018496 1.0092363935998572 0.010235706042565648 22.96135707041459 2.5409372390472893e-08 0.03547403234743725 0.01853387830887674 0.01694013176867059 1.0301768816373982 0.019685721331331712 0.015788311016105526 0.0245785915853473 0.024578591585338136 12.679276149648544 2.172640811789869
910.0 12.687301776044151 -5.697032108182356 56.559237811598805 -498211.12864772347 1.8245133642575084e-05 28.39451972320046 25.719715054351433 27.372531856660096 128.40853783951198 405.3040548479123 400.0 -0.004630591477788487 0.9894048636094965 1.0219878665403643 0.010474164043494973 23.247136829212764 2.543072160666495e-08 0.03589208180418547 0.018761993996890842 0.017130065532395582 1.0437057030293966 0.019941073024954167 0.015951008779231297 0.024867861953530468 0.024867861953522013 12.542228666928583 2.1743296475558713
920.0 12.694257003682408 -5.702782546848794 56.86781134336753 -497916.4816049473 1.829181137906514e-05 28.452089231703482 25.738231275698563 27.41733425160542 128.1401294118483 404.90122267677106 400.0 -0.0047360860574771745 1.0011504374826339 1.0347549800980633 0.010715665196968047 23.533004385958204 2.5451456993070213e-08 0.03631085448824791 0.018990737716843883 0.017320094491501594 1.0572697703333636 0.020197412694011794 0.016113441794236117 0.025157603819998202 0.025157603819989452 12.408166667715664 2.1760218129244313
930.0 12.701233871888679 -5.708567750404178 57.17364064607326 -497621.5695264203 1.8338710356777703e-05 28.50972715752808 25.75657469108406 27.46219193936059 127.87051284003576 404.4964434024737 400.0 -0.004842859294664992 1.0129202430139987 1.0475352181674868 0.010960212187550222 23.818871626267256 2.5471534672457768e-08 0.03673035395688961 0.01922011175015776 0.017510219921831566 1.0708666704636587 0.02045474317265182 0.016275610784237782 0.02544781985323233 0.02544781985322212 12.276993875976398 2.1777168178512776
940.0 12.708232498625426 -5.714387457805128 57.47678503183922 -497326.3937987615 1.8385841069335083e-05 28.56744237842157 25.77475060242402 27.5071163333389 127.59968011872598 404.0897153821957 400.0 -0.004950914682415236 1.0247140956319194 1.0603260450826715 0.011207806776663462 24.104649830253813 2.5490912650222173e-08 0.03715058332523996 0.019450118046778847 0.01770044298856836 1.0844939543200642 0.02071306685740395 0.016437516467836016 0.025738512514513597 0.025738512514506668 12.148618113714974 2.1794147868638376
950.0 12.715253005697333 -5.720241414116403 57.777302014755925 -497030.9557335815 1.843321242941127e-05 28.625242972730334 25.79276389361637 27.552118060145162 127.32762298275975 403.6810361257046 400.0 -0.005060255703145347 1.0365317900807354 1.0731249125851685 0.011458449795621035 24.390249917772802 2.5509550886415294e-08 0.03757154526391773 0.019680758223129726 0.0178907647459079 1.0981491435907593 0.02097238570428097 0.01659915955963676 0.026029684056015037 0.026029684056006044 12.022951085260022 2.181115675344992
960.0 12.722295518707673 -5.7261293703387866 58.0752473823512 -496735.25657216716 1.8480833580407438e-05 28.683136788425365 25.810619062140276 27.597207521783886 127.05433304076907 403.2704023297453 400.0 -0.005170885826535459 1.0483731011445159 1.0859292666414768 0.011712141141381607 24.675582686181478 2.5527411357975615e-08 0.03799324199795212 0.019912033561002986 0.018081186137086556 1.1118297374573984 0.021232701227135217 0.0167605407708169 0.026321336519527214 0.026321336519517766 11.899908175044187 2.1828194851861595
970.0 12.729360167006329 -5.732051083244103 58.37067526363994 -496439.2974898824 1.85287133908844e-05 28.7411313151237 25.828320248746426 27.642394761029493 126.77980168182795 402.85780991061046 400.0 -0.005282808507504601 1.0602377844074948 1.098736554094208 0.011968879774660771 24.960559040044956 2.5544458111582764e-08 0.03841567530686012 0.020143945007342335 0.01827170799467736 1.1255332191864083 0.021494014497175612 0.016921660809684512 0.026613471735780426 0.026613471735771606 11.779408257889592 2.1845262012047346
980.0 12.736447083642553 -5.738006315216732 58.66363819399426 -496143.07960022945 1.857686063917062e-05 28.799233766696517 25.845871265359836 27.687689537566953 126.50402014985805 402.44325403411335 400.0 -0.005396027184262813 1.0721255770480524 1.1115442291295639 0.012228663720526053 25.245090212336564 2.556065730741401e-08 0.03883884652586478 0.020376493174875214 0.018462331041175586 1.1392570625888039 0.021756326143627415 0.017082520382237353 0.026906091324323294 0.026906091324312997 11.66137352090998 2.1862358124377006
990.0 12.743556405337264 -5.743994834101263 58.95418717707043 -495846.603958525 1.8625283972233337e-05 28.857451089645647 25.863275621313928 27.733101330092612 126.22697944780357 402.0267291424064 400.0 -0.005510545276444776 1.0840361986639264 1.1243497595530354 0.012491490071365576 25.529087976836074 2.557597725426437e-08 0.039262756548255145 0.020609678343597514 0.018653055889874103 1.1529987383401628 0.0220196363555121 0.017243120192743044 0.027199196693978793 0.027199196693970765 11.545729296212572 2.1879483038807566
1000.0 12.750688272443767 -5.750016413056326 59.2423717438355 -495549.87156535516 1.8673991949308055e-05 28.915790000905403 25.880536548013843 27.77863936804691 125.94867043193528 401.6082289794619 400.0 -0.005626366183402166 1.0959693521227667 1.1371506328584942 0.012757354992015938 25.81246485133924 2.5590388436389248e-08 0.039687405828762116 0.020843500463043615 0.018843883045969085 1.1667557201449998 0.022283944883349244 0.01740346094541288 0.027492789043821072 0.027492789043810566 11.43240390363435 2.189663661606731
1010.0 12.757842828938298 -5.7560708304138455 59.528240009012904 -495252.8833696211 1.872299305218195e-05 28.974257011055684 25.897657022131853 27.82431264896978 125.66908377262031 401.187746613042 400.0 -0.005743493282491461 1.107924724437723 1.149944362085903 0.013026253727211777 26.095134291556032 2.560386353250895e-08 0.040112794388013136 0.02107795915534828 0.0190348129079528 1.1805254907402334 0.02254925104211109 0.017563543345902034 0.027786869364684993 0.027786869364676385 11.321328502829578 2.1913818717355844
1020.0 12.765020222392007 -5.762157869544113 59.811838724901406 -494955.640271436 1.8772295688785058e-05 29.03285844561714 25.914639787415954 27.870129954161445 125.38820997979451 400.7652744562038 400.0 -0.005861929927547545 1.1199019876612777 1.1627284914556935 0.013298180610940508 26.377010875404473 2.5616377427373326e-08 0.04053892181789508 0.021313053719027773 0.0192258457691955 1.1943055477243842 0.022815553720771865 0.01772336809712321 0.0280814384411576 0.028081438441148198 11.212436954052606 2.1931029198221705
1030.0 12.7722206039659 -5.768277318725835 60.093213332868025 -494658.1431246713 1.8821908203373792e-05 29.09160046433476 25.931487375199776 27.916099862557086 125.10603930870288 400.3408042858812 400.0 -0.005981679447391261 1.1319007997972226 1.1755006017776761 0.013573129077943079 26.658010477689047 2.5627907216327794e-08 0.04096578728788565 0.021548783133474917 0.019416981819781638 1.2080934092094884 0.023082851384960697 0.01788293590292495 0.02837649685404447 0.028376496854036228 11.105665687057105 2.1948267890082707
1040.0 12.779444128393846 -5.774428971021467 60.37240801250514 -494360.39273935085 1.8871838917923e-05 29.150489095908505 25.948202123684716 27.962230780281796 124.82256190477383 399.9143272607473 400.0 -0.0061027451445360625 1.143920805725277 1.1882583156267104 0.013851091676979285 26.938050435012556 2.563843220329214e-08 0.041393389552216685 0.021785146064111704 0.01960822114852062 1.2218866192862812 0.02335114208389946 0.01804224746831724 0.028672044983278827 0.028672044983269213 11.000953577555316 2.1965534660515997
1050.0 12.786690953999992 -5.780612624157008 60.64946572875504 -494062.38988366094 1.8922096131970314e-05 29.209530251712017 25.964786196071408 28.008530949425918 124.5377676871791 399.48583393561194 400.0 -0.006225130293844308 1.155961638139159 1.200999302286096 0.014132060086018552 27.217049701026426 2.564793389258825e-08 0.04182172695795093 0.022022140868215613 0.01979956374519722 1.2356827533025336 0.023620423457991886 0.018201303499959045 0.02896808301129978 0.028968083011290405 10.898241830746603 2.198282937988976
1060.0 12.793961242684638 -5.786828080406832 60.92442827685433 -493764.1352859297 1.89726881031915e-05 29.268729734699477 25.981241597596014 28.055008452249382 124.2516463568651 399.0553142768559 400.0 -0.006348838141480398 1.1680229184901474 1.213721282450094 0.014416025129015322 27.494928991871767 2.5656395975012262e-08 0.04225079745373935 0.02225976560129902 0.019991009502949582 1.249479422943693 0.023890692747768682 0.018360104705970676 0.029264610926782193 0.029264610926772804 10.797473871429782 2.200015188795394
1070.0 12.80125515994048 -5.79307514648269 61.197336325448354 -493465.6296362703 1.9023623114900377e-05 29.328093280572492 25.997570191542884 28.10167124788127 123.96418752693496 398.622757674381 400.0 -0.0064738719038299536 1.1801042579386614 1.226422032691221 0.01470297679438135 27.771610922050066 2.566380430859881e-08 0.04268059859939034 0.022498018024093562 0.020182558220853908 1.26327428112028 0.024161946801454583 0.018518651797935763 0.029561628528793623 0.029561628528784346 10.698595240285867 2.2017502083732583
1080.0 12.808572874866885 -5.799353633427019 61.468229457848366 -493166.8735880585 1.9074909446085447e-05 29.387626555054805 26.013773714283467 28.148527165367323 123.6753804801509 398.18815295322565 400.0 -0.006600234766577757 1.1922052583088574 1.239099389687483 0.014992904254944305 28.04702013072797 2.567014689443718e-08 0.04311112757611343 0.022736895610062875 0.020374209606655567 1.2770650266550259 0.024434182086382383 0.018676945489731044 0.029859135431309185 0.029859135431301042 10.601553495922293 2.2034879836520838
1090.0 12.81591456018291 -5.805663356510452 61.73714621152691 -492867.86775926064 1.9126555396774133e-05 29.44733518244426 26.02985378939737 28.195583928232146 123.38521442169582 397.75148838363395 400.0 -0.006727929883957414 1.2043255130440855 1.251751254212111 0.015285795889317942 28.321083398627177 2.5675413847971155e-08 0.04354238119739436 0.022976395553409246 0.02056596327963745 1.2908494087703732 0.024707394722640694 0.01883498647475367 0.03015713106806057 0.030157131068052182 10.506298122308847 2.2052285049311293
1100.0 12.823280392253235 -5.812004135133129 62.00412411599659 -492568.6127335371 1.9178569305794454e-05 29.50722475948834 26.045811940926047 28.24284916460051 123.0936782980711 397.3127516900562 400.0 -0.006856960377962154 1.2164646081622972 1.2643755948878288 0.01558163930463918 28.593729755695108 2.5679597366150247e-08 0.04397435592049914 0.023216514777562158 0.020757818773635504 1.3046252313764508 0.02498158078660539 0.018992775133893747 0.03045561469772178 0.0304556146977127 10.412780441266019 2.206971763671055
1110.0 12.83067055111177 -5.818375792729888 62.26919972909424 -492269.1090612169 1.923095953448524e-05 29.56730086328939 26.06164960580425 28.2903304115828 122.80076087471384 396.87193005890236 400.0 -0.006987329337853419 1.2286221232082275 1.2769704517065927 0.0158804213605162 28.864890579706316 2.5682691690801856e-08 0.04440704785852026 0.02345724994409678 0.02094977554016646 1.3183903571582045 0.025256735896644542 0.019150311961875725 0.030754585409390515 0.03075458540938158 10.320953529683058 2.2087177509882503
1120.0 12.838085220488729 -5.824778156679087 62.53240867177217 -491969.3572601183 1.9283734520559903e-05 29.62756908120976 26.077368145513706 28.33803514189157 122.50645071532674 396.4290101456449 400.0 -0.007119039819655099 1.2407976322009888 1.28953393931819 0.016182128194130934 29.13449968602052 2.568469306858241e-08 0.04484045279293944 0.02369859746205764 0.02114183295166685 1.3321427114629594 0.0255328552532242 0.01930759753971525 0.03105404212835145 0.031054042128343496 10.230772141171661 2.2104664625075627
1130.0 12.84552458785641 -5.831211058214844 62.793785661530286 -491669.35781614674 1.9336902749211243e-05 29.68803501113937 26.092968857003466 28.38597076104587 122.21073618824978 395.98397807992444 400.0 -0.00725209484580321 1.2529907045768485 1.3020642500934996 0.0164867452464335 29.40249340877928 2.5685599707869924e-08 0.045274566186714923 0.02394055349768447 0.02133399030485456 1.3458802859921877 0.025809933691254536 0.019464632495460397 0.031353983622136296 0.0313539836221288 10.142192631884548 2.212217894198448
1140.0 12.852988844450767 -5.837674332342825 63.05336454438871 -491369.1111838937 1.9390472768931153e-05 29.748704275674353 26.108452982908876 28.43414461871308 121.91360542234494 395.53681947122243 400.0 -0.007386497404923815 1.2652009061217444 1.3145596569612692 0.016794257289278424 29.66881067366255 2.568541173290283e-08 0.04570938319771766 0.024183113984433225 0.02152624682414388 1.3596011422936283 0.02608796576837197 0.019621417429345683 0.031654408506767366 0.03165440850675902 10.055172890231955 2.213972042471503
1150.0 12.860478185326821 -5.844167817759096 63.31117832569636 -491068.61778695125 1.9444453228634143e-05 29.80958254739041 26.12382172111443 28.48256403136138 121.6150463780777 395.08751941215826 400.0 -0.007522250451684401 1.2774277998973782 1.3270185160290273 0.01710464845350906 29.9333930626298 2.5684131135498007e-08 0.04614489869266244 0.02442627463336791 0.021718601665184946 1.3733034150627335 0.026366945703482747 0.019777952989179705 0.03195531525329464 0.03195531525328738 9.969672270273815 2.2157289088020296
1160.0 12.867992809397663 -5.850691356772272 63.56725919963858 -490767.87801820535 1.949885284582977e-05 29.87067554370452 26.139076233688748 28.53123627471599 121.3150467776452 394.636062481919 400.0 -0.007659356906817223 1.2896709471551264 1.3394392689885317 0.017417902257801328 30.19618487078848 2.5681761724650114e-08 0.04658110726133903 0.024670030943809276 0.02191105391844602 1.386985315251088 0.026646867513837925 0.01993423974750111 0.03225670219450602 0.03225670219449937 9.885651528552916 2.217488493936504
1170.0 12.875532919484595 -5.857244795228594 63.82163857761133 -490466.892239967 1.9553680452141292e-05 29.931989052683683 26.154217655227473 28.580168607370677 121.01359411803617 394.18243274834845 400.0 -0.007797819657204391 1.3019299082389777 1.3518204453130074 0.017734001638298438 30.45713315574192 2.5678309074291102e-08 0.0470180032311916 0.024914378214253522 0.02210360261287438 1.4006451329870455 0.02692772489395209 0.020090278337239514 0.032558567531838424 0.032558567531831326 9.803072764170185 2.219250802445015
1180.0 12.88309872237459 -5.863827982439971 64.07434711550198 -490165.66078397783 1.9608944982163534e-05 29.993528938201287 26.169247100635054 28.629368273949808 120.71067571672614 393.72661376942193 400.0 -0.00793764155610004 1.3142042434761732 1.3641606642514787 0.018052928978901588 30.716187779695968 2.567378046948172e-08 0.04745558068220409 0.025159311553536057 0.022296246719617788 1.4142812403116167 0.02720951132761691 0.020246069354587174 0.03286090934247873 0.03286090934247172 9.721899361908761 2.221015841423613
1190.0 12.890690428872208 -5.870440771114853 64.32541473987817 -489864.1839513505 1.9664655482489386e-05 30.055301147702 26.184165672373094 28.67884251107689 120.40627861358946 393.26858859391035 400.0 -0.008078825423476724 1.326493514053416 1.3764586366251117 0.01837466614213253 30.973301444595435 2.566818485129941e-08 0.04789383346201509 0.0254048258921902 0.02248898515578074 1.4278920937321713 0.02749222003524089 0.020401613426774205 0.033163725586607976 0.03316372558660079 9.642095938224369 2.222783618874473
1200.0 12.898308253863506 -5.87708301729179 64.5748706732037 -489562.4620123657 1.9720821132311744e-05 30.117311730371735 26.19897446720574 28.72859856393868 120.10038967030728 392.80833976141207 400.0 -0.008221374046441817 1.3387972828793815 1.3887131664330532 0.018699194500552973 31.228429720631393 2.566153276066192e-08 0.0483327552012879 0.025650915994005756 0.022681816788235946 1.441476236599462 0.02777584404648296 0.020556911154804947 0.0334670141148075 0.03346701411479999 9.563628289939048 2.2245541470226593
1210.0 12.905952416379137 -5.88375458027571 64.8227434580773 -489260.4952061996 1.9777451233905947e-05 30.179566836457788 26.213674582465433 28.778643684186047 119.79299545944829 392.3458493015195 400.0 -0.008365290179827817 1.3511151154315784 1.4009231522717405 0.019026494968632963 31.481531068380963 2.565383628129596e-08 0.048772339329264267 0.02589757646774339 0.02287474043746367 1.4550323013095847 0.02806037615652112 0.020711963172743146 0.033770772675588354 0.03377077267558259 9.486463345478784 2.2263274383584495
1220.0 12.913623139660853 -5.890455322576644 65.06906098055553 -488958.2837405515 1.9834555245449343e-05 30.24207273997275 26.22826712186706 28.82898515139657 119.48408237065586 391.88109873253546 400.0 -0.008510576546828833 1.3634465805873823 1.413087588576176 0.01935654803499568 31.732566854911568 2.564510898209789e-08 0.04921257908948796 0.026144801778993153 0.02306775488141681 1.4685590113374072 0.028345809059098347 0.020866770030389604 0.03407499892304446 0.034074998923037905 9.410569118510027 2.2281035104716773
1230.0 12.921320651239403 -5.897185109851015 65.31385049263335 -488655.82779115485 1.9892142768720134e-05 30.30483583777529 26.242753200892846 28.87963027108706 119.173636548575 391.41406905904245 400.0 -0.00865723583979772 1.3757912514392712 1.4252055666882284 0.019689333795068698 31.981501364152606 2.5635365859048607e-08 0.049653467555695295 0.026392586262161254 0.02326085885942466 1.482055183104499 0.028632135264463926 0.021021332291231376 0.03437969042461727 0.03437969042461174 9.335914663840555 2.2298823826887006
1240.0 12.929045183001971 -5.903943810845283 65.5571386338355 -488353.1275012696 1.995022356710689e-05 30.36786266084268 26.257133951769585 28.930586385084933 118.86164384909583 390.9447407694619 400.0 -0.008805270721114183 1.3881487060918636 1.4372762757577489 0.02002483198392277 32.228301801791964 2.5624623276893507e-08 0.0500949976477774 0.026640924132539483 0.02345405107608566 1.495519727685142 0.028919347124611465 0.021175650523165945 0.034684844668936725 0.034684844668931646 9.262470035451601 2.231664076447456
1250.0 12.936796971279222 -5.910731297341925 65.79895145207571 -488050.1829810195 2.0008807571235353e-05 30.431159883105334 26.271410528062393 28.981860879620697 118.5480898781005 390.47309383234693 400.0 -0.008954683824208108 1.4005185284430905 1.4492990034846376 0.020363022009422773 32.472938295063656 2.5612898910739185e-08 0.05053716214788846 0.026889809498480726 0.023647330205200223 1.5089516523569937 0.029207436789137387 0.021329725358751068 0.03499045907376985 0.03499045907376484 9.190206246549023 2.233448615815183
1260.0 12.944576256920103 -5.917547444107654 66.03931442369311 -487746.9943067308 2.0067904889362842e-05 30.49473433371933 26.28558410890227 29.033461197013015 118.2329600763736 389.9991076927321 400.0 -0.009105477754624305 1.4129003089461565 1.461273136706313 0.020703882985502697 32.715383887644826 2.5600211687745902e-08 0.05097995371656922 0.02713923637360991 0.023840694893683328 1.5223500619986003 0.02949639632339777 0.021483557393171464 0.035296530994007286 0.03529653099400291 9.119095231513858 2.23523602942269
1270.0 12.952383285387333 -5.924392128843838 66.27825247283052 -487443.5615201168 2.0127525819168126e-05 30.55859299820926 26.299655902870025 29.085394836370483 117.91623947781763 389.52276126706926 400.0 -0.009257655091263617 1.425293645355228 1.4731981618387768 0.02104739376560181 32.95561453002681 2.5586581729035128e-08 0.05142336490898022 0.027389198689117097 0.02403414376550447 1.5357141603406101 0.029786217662131322 0.02163714724684889 0.03560305772975243 0.035603057729749185 9.04910980965524 2.237026346384615
1280.0 12.960218306840549 -5.931265232139059 66.51578999005594 -487139.8846274744 2.0187680848266168e-05 30.622743031830815 26.313627151552303 29.137669366654826 117.5979129571456 389.04403293831143 400.0 -0.009411218387668561 1.437698143451403 1.485073665175987 0.02139353297615419 33.19360906556795 2.55720302919772e-08 0.051867388191106895 0.027639690306050096 0.02422767542560045 1.5490432510732746 0.030076892599794226 0.021790495591312676 0.03591003653442278 0.03591003653441724 8.980223650659484 2.2388196001780187
1290.0 12.96808157623687 -5.938166637423724 66.75195085037556 -486835.9635987473 2.0248380672526958e-05 30.687191766668132 26.327499132789217 29.190292433613273 117.27796509205778 388.56290054976 400.0 -0.009566170173457261 1.4501134177516777 1.4968993330548614 0.02174227905018264 33.42934921256798 2.5556579712947238e-08 0.052312015956022646 0.027890705027646946 0.0244212884638056 1.5623367388163212 0.03036841293533743 0.021943603020685206 0.03621746462291811 0.03621746462291321 8.912411241650119 2.240615827230103
1300.0 12.975973353424928 -5.945096230926691 66.98675843057309 -486531.79836657696 2.0309636199539266e-05 30.751946716697628 26.341273163629157 29.24327176480604 116.95638015342294 388.0793413989959 400.0 -0.009722512955849198 1.4625390921986665 1.5086749518915876 0.02209361026080798 33.66281954258833 2.554025335069222e-08 0.05275724054011191 0.028142236611661178 0.024614981458749966 1.57559412995506 0.03066077032484689 0.022096470215265018 0.03652533917981439 0.03652533917981102 8.845647855766645 2.2424150662392077
1310.0 12.98389390325169 -5.952053901633858 67.22023562597902 -486227.38882525207 2.037145855728075e-05 30.817015586777515 26.354950603008213 29.29661517868142 116.63314214682309 387.59333223025294 400.0 -0.0098802492212682 1.4749748008327375 1.520400408096097 0.022447504754801565 33.89400745531774 2.5523075530391068e-08 0.05320305423930101 0.028394278782688177 0.024808752981763448 1.5888150333483897 0.030953956431495327 0.02224909780780568 0.03683365736759142 0.036833657367589104 8.77990952218527 2.2442173590512264
1320.0 12.991843495664208 -5.959039541248684 67.45240486662557 -485922.734829646 2.043385910745911e-05 30.88240628182264 26.368532854166528 29.35033059395384 116.30823480652451 387.10484922752755 400.0 -0.010039381437085949 1.4874201884449023 1.5320756878688035 0.022803940586037227 34.12290315019434 2.5505071488497147e-08 0.05364944932521977 0.02864682524445464 0.025002601600748246 1.601999160911173 0.031247962909512407 0.022401486415707352 0.03714241633486131 0.03714241633485927 8.715172997501098 2.246022751133583
1330.0 12.999822405827027 -5.966053044154544 67.68328813289524 -485617.8361940375 2.049684945740398e-05 30.9481269121651 26.382021366820723 29.404426035276202 115.98164151044023 386.61386800562843 400.0 -0.010199912053443725 1.499874911212699 1.5437008768888978 0.02316289574886392 34.34949959509378 2.548626731846426e-08 0.05409641806135803 0.02889986969210311 0.025196525884050667 1.6151463280793792 0.03154278130136051 0.02255363675999753 0.03745161322464113 0.03745161322463685 8.651415738404777 2.247831290337613
1340.0 13.007830914231967 -5.973094307378943 67.9129069705931 -485312.692690944 2.056044145266601e-05 31.014185797360778 26.395417639100508 29.458909637465098 115.65334538231195 386.12036360193787 400.0 -0.010361843505183469 1.5123386373166365 1.5552761598956772 0.023524348211356728 34.5737924922469 2.5466689917399676e-08 0.05454395271911499 0.02915340582440628 0.02539052440429619 1.6282564541578908 0.03183840332966748 0.022705549389447504 0.03776124518259518 0.03776124518259323 8.588615875580782 2.2496430271336054
1350.0 13.015869306817827 -5.980163230559476 68.14128250553654 -485007.30404986884 2.062464720362431e-05 31.080591479266896 26.408723219267472 29.51378965909454 115.32332924599083 385.6243104668418 400.0 -0.010525178213862176 1.5248110475394006 1.5668018201723548 0.023888275948360474 34.79578024167946 2.544636693373744e-08 0.05499204559380175 0.029407427355954547 0.025584595742204518 1.6413295625596653 0.032134820519713884 0.022857225074087866 0.038071309365310974 0.03807130936530925 8.526752188767887 2.2514580157224513
1360.0 13.023937875097925 -5.987259715911547 68.36843545767519 -484701.6699559842 2.0689479114164637e-05 31.147352734797124 26.421939707226365 29.56907449586108 114.99157554580508 385.1256824534638 400.0 -0.010689918589865819 1.5372918358475407 1.5782782389360461 0.024254656974465955 35.01546390237688 2.5425326715965533e-08 0.05544068902057088 0.02966192802927975 0.025778738490395386 1.6543657809388843 0.032432024647500834 0.02300866437307003 0.038381802948557114 0.0383818029485565 8.465804082921494 2.2532763146445527
1370.0 13.032036916292705 -5.994383668197881 68.59438615475071 -484395.790048768 2.0754949830146882e-05 31.21447855719733 26.43506875584165 29.624772662557188 114.65806639666064 384.6244528071792 400.0 -0.010856067034682433 1.549780709955864 1.589705894640143 0.02462346937671204 35.23284715139064 2.5403598262469277e-08 0.055889875390263834 0.029916901626928484 0.025972951257162598 1.6673653412234153 0.032730007376785074 0.023159868013478743 0.03869272313555662 0.03869272313555535 8.405751565420982 2.2550979811404046
1380.0 13.040166733446254 -6.001534994699486 68.81915454543197 -484089.6639206863 2.082107232238872e-05 31.281978200095388 26.448112072066905 29.68089283790427 114.32278367255003 384.1205941550489 400.0 -0.011023625943151658 1.5622773918722501 1.601085362191122 0.024994691347084354 35.447936241025694 2.5381211172522604e-08 0.05633959716507765 0.03017234198341068 0.026167232670192237 1.6803285795474163 0.03302876052536582 0.023310836639711834 0.03900406716518008 0.03900406716517762 8.346575224264468 2.2569230809401453
1390.0 13.048327635592695 -6.008713605188607 69.04276021220718 -483783.2911156174 2.088785985576365e-05 31.34986115677793 26.46107141790802 29.737443844684844 113.98570878306198 383.6140784925107 400.0 -0.011192597705944574 1.5747816184305812 1.612417312093082 0.025368301214859126 35.660739954490765 2.535819559847366e-08 0.05678984689430718 0.030428242997178362 0.02636158138032607 1.6932559360978372 0.03332827600354099 0.023461570890766194 0.039315832320254145 0.039315832320252674 8.28825620721531 2.258751679465923
1400.0 13.05651993786976 -6.015919411902919 69.26522238364163 -483476.67112750997 2.0955325996671703e-05 31.41813717509976 26.473948611215267 29.79443466558694 113.64682289501732 383.1048771726052 400.0 -0.011362984712013325 1.58729314180077 1.6237025095128148 0.02574427747857156 35.87126955991947 2.5334582199142734e-08 0.05724061722975362 0.03068459864239502 0.026555996065200736 1.7061479548652092 0.03362854571858854 0.023612071511165077 0.039628015935698785 0.03962801593569797 8.23077620183111 2.260583845956117
1410.0 13.064743961692507 -6.0231523295216585 69.48655994646838 -483169.8033987285 2.1023484659293826e-05 31.48681627333728 26.486745526330573 29.851874460054002 113.3061067412167 382.59296089154975 400.0 -0.011534789351270456 1.5998117299886598 1.6349418132832774 0.026122598837886965 36.07953876324369 2.5310402094463492e-08 0.05769190094123674 0.030941402980741838 0.026750475432953766 1.7190052833179994 0.033929561873946044 0.023762339067290705 0.039940615406788775 0.039940615406789816 8.17411741635499 2.2624196536055106
1420.0 13.073000034889404 -6.030412275143051 69.70679145713854 -482862.68731856544 2.1092350074454065e-05 31.555908728829724 26.49946409458553 29.90977255399063 112.96354064968392 382.0782996759087 400.0 -0.011708014017238593 1.6123371673154443 1.6461361748390915 0.026503244225075585 36.285563659833535 2.5285686821382495e-08 0.058143690931824865 0.031198650173044823 0.02694501822582638 1.7318286719920275 0.03423131656563026 0.023912374366194603 0.040253628197287346 0.04025362819728777 8.118262561406382 2.2642591756377186
1430.0 13.081288491875059 -6.037699168263498 69.9259351531427 -482555.3222215574 2.116193684852491e-05 31.62542511488808 26.512106304669096 29.968138477791314 112.61910469699902 381.560862867453 400.0 -0.011882661109870973 1.6248692548851655 1.65728663709677 0.026886192836337985 36.489362685259266 2.5260468291028787e-08 0.058595980253070466 0.031456334490878465 0.027139623223795498 1.744618974008546 0.03453380229824315 0.024062177954827315 0.0405670518476339 0.040567051847636 8.06319483244748 2.2661024935704215
1440.0 13.089609673810976 -6.0450129307581735 70.14400896392503 -482247.7073858449 2.123225993549839e-05 31.69537627686229 26.52467420286751 30.026981943583372 112.27277842333704 381.04061910819075 400.0 -0.012058733038440305 1.6374078110354533 1.6683943332789175 0.027271424162748796 36.690956565205525 2.5234778747165052e-08 0.059048762120061736 0.031714450328048406 0.02733428924814257 1.7573771445191035 0.034837011467766445 0.024211750652295288 0.040880883983078625 0.04088088398307979 8.008897892977656 2.267949687311571
1450.0 13.097963928775986 -6.052353486863166 70.3610305214899 -481939.8420314723 2.1303334659731973e-05 31.765773357624962 26.537169893186896 30.086312871936027 111.92454111645617 380.51753632495655 400.0 -0.01223623222454399 1.649952671774155 1.6794604856889344 0.02765891802101091 36.89036826474255 2.520865072592568e-08 0.059502029926367356 0.031972992211980446 0.02752901516500937 1.7701042400839029 0.035140936890905194 0.024361093035462168 0.04119512232178707 0.04119512232178908 7.955355858425177 2.2698008420879763
1460.0 13.106351611941575 -6.059720763159105 70.5770171706963 -481631.7253186496 2.1375176751148963e-05 31.836627803384058 26.549595537366347 30.14614139894409 111.57437152208601 379.9915817126312 400.0 -0.012415161105168784 1.6625036912020283 1.6904864044399712 0.028048654583850866 37.08762293707999 2.518211701684117e-08 0.05995577725886422 0.03223195481502746 0.02772379988891882 1.7828014179871592 0.03544557132849539 0.02451020593036882 0.041509764682940195 0.041509764682941125 7.90255328070173 2.271656045099633
1470.0 13.11477308576654 -6.067114688556389 70.79198597931058 -481323.356345907 2.1447802352996963e-05 31.907951377518213 26.56195335479003 30.206477891375005 111.22224801916573 379.4627217166084 400.0 -0.012595522135909316 1.675060741923415 1.701473486143208 0.028440614410234304 37.2827478719705 2.5155210625140772e-08 0.06040999791250019 0.03249133296570721 0.02791864238629989 1.795469935494744 0.035750907976436805 0.024659089936063385 0.04182480899483551 0.04182480899483605 7.85047513339113 2.2735153885540536
1480.0 13.123228720179963 -6.074535194281755 71.00595374770592 -481014.73414829915 2.1521227999689064e-05 31.979756148712212 26.574245622302094 30.26733293615552 110.86814856432441 378.93092201472194 400.0 -0.012777317794225005 1.6876237154420373 1.7124232125566892 0.028834778475215934 37.475772443815366 2.5127964735339567e-08 0.06086468590487247 0.03275112165981515 0.02811354167895322 1.8081111490548243 0.03605694007634725 0.024807745828525227 0.042140253302929885 0.04214025330293198 7.799106797536034 2.275378964849616
1490.0 13.131718892776775 -6.081982213866332 71.21893701831765 -480705.8576955326 2.1595470690066566e-05 32.05205452758948 26.58647467393401 30.328717378388767 110.51205066120058 378.39614749900545 400.0 -0.012960550582807625 1.700192522545102 1.7233371492007132 0.029231128199539488 37.66672805964846 2.510041267609468e-08 0.06131983549071926 0.03301131607146187 0.02830849684750527 1.8207265134479669 0.03636366125192627 0.024956174238792997 0.042456095777880024 0.04245609577788211 7.748434047999357 2.2772468723219346
1500.0 13.140243989034586 -6.0894556831353475 71.43095208490064 -480396.7258899846 2.1670547859227864e-05 32.1248592545074 26.598642900551702 30.390642310563486 110.15393136238842 377.85836225513833 400.0 -0.013145223033082151 1.7127670936772685 1.7342169439439157 0.029629645479035984 37.85564810712931 2.507258788631203e-08 0.061775441176365575 0.03327191156405725 0.028503507034870073 1.8333175808912154 0.036671065246257115 0.025104375930108443 0.042772334723603346 0.042772334723606316 7.6984430403752375 2.2791192108395113
1510.0 13.148804402510054 -6.096955540198991 71.6420150014328 -480087.3375648102 2.1746477408169304e-05 32.19818341280821 26.61075274942372 30.453119087248233 109.79376720681422 377.31752954297383 400.0 -0.013331337708775336 1.7253473793002496 1.745064325559979 0.030030312713650663 38.0425679025521 2.504452388250942e-08 0.062231497733953554 0.03353290370115102 0.028698571449638874 1.845886000095461 0.036979146176330156 0.025252351557623412 0.043088968585257174 0.043088968585259964 7.649120298415995 2.280996082139813
1520.0 13.157400535075304 -6.104481725445083 71.85214159091737 -479777.69148184516 2.1823277745941437e-05 32.27204045606398 26.62280672372393 30.51615935380006 109.43153430055192 376.7736117739158 400.0 -0.013518897209586715 1.7379333502455945 1.755881102263925 0.030433112836340953 38.22752463911675 2.5016254227398494e-08 0.06268800021571427 0.03379428825726992 0.028893689369514853 1.8584335152865181 0.037287898279320456 0.025400101936393815 0.04340599595729488 0.04340599595729993 7.600452701962968 2.2828775943639297
1530.0 13.166032797138087 -6.112034181532977 72.06134745386878 -479467.78632958245 2.1900967755150366e-05 32.346444189959875 26.634807381966866 30.579775029734158 109.06720827598083 376.2265704895859 400.0 -0.013707904174961264 1.7505249980547268 1.766669160225719 0.03083802934162631 38.41055733541555 2.4987812499683736e-08 0.0631449439680516 0.03405606122862913 0.029088860144685588 1.8709619651868734 0.03759731618774738 0.025547627780304213 0.04372341559145875 0.04372341559146356 7.55242747534738 2.2847638559831425
1540.0 13.174701607877866 -6.119612853388997 72.26964797662058 -479157.6207210626 2.1979566867587363e-05 32.42140880662863 26.646757337385942 30.64397834456083 108.70076417355294 375.67636633834644 400.0 -0.013898361287997664 1.7631223353104588 1.7774304620678003 0.03124504631398929 38.59170678430484 2.4959232265056647e-08 0.06360232464557436 0.034318218843784706 0.02928408320120262 1.8834732819657254 0.037907394793182024 0.02569492985239232 0.044041226404779345 0.04404122640478319 7.505032176245997 2.2866549795640503
1550.0 13.183407395502027 -6.127217688203454 72.4770583394817 -478847.1931916523 2.2059095051296935e-05 32.496948886198325 26.65865925725957 30.708781840848626 108.3321765687686 375.122959050303 400.0 -0.01409027127939475 1.7757253959612842 1.7881670453496963 0.03165414845604663 38.77101550225286 2.493054704835622e-08 0.06406013822510927 0.03458075757425994 0.029479358044368256 1.8959694901610487 0.038218129407032106 0.02584200881807714 0.044359427487625905 0.04435942748762992 7.458254684971813 2.288551081303028
1560.0 13.192150597484158 -6.1348486354289475 72.6835935245973 -478536.50219691906 2.213957278386832e-05 32.57307937855406 26.67051586218543 30.77419835751512 107.96141947324632 374.5663074137012 400.0 -0.014283636931576655 1.788334235634368 1.7988810210389392 0.032065321116463694 38.948527679146935 2.490179030688877e-08 0.06451838101953193 0.03484367414504425 0.029674684262067524 1.908452705572564 0.038529515597650464 0.025988865421881474 0.04467801811168089 0.044678018111686965 7.412083194173112 2.2904522743935747
1570.0 13.20093166084993 -6.1425056467804815 72.88926832378593 -478225.5461102463 2.2221021377473874e-05 32.6498157794338 26.682329925316278 30.840241207455993 107.58846635910113 374.0063692467455 400.0 -0.014478461082864148 1.8009489319458414 1.8095745719778058 0.03247855031777873 39.12428912879371 2.4872995404864996e-08 0.06497704969171234 0.03510696554514128 0.029870061528165535 1.92092513413708 0.0388415493732814 0.026135500318430926 0.044996997738047724 0.044996997738053046 7.366506198934875 2.2923587012726188
1580.0 13.20975104243432 -6.150188676236734 73.09409734605504 -477914.3232205975 2.2303461828187647e-05 32.72717351488303 26.69410427155192 30.906923563541977 107.21329017299509 373.4431013713416 400.0 -0.0146747466318223 1.8135695847997084 1.8202499513410497 0.032893822784000444 39.29834723999726 2.4844195588957073e-08 0.06543614126824443 0.03537062903796934 0.0300654896058368 1.9333890707803767 0.03915422701191725 0.026281914256327175 0.045316366025251686 0.045316366025256245 7.32151248725062 2.294270413238216
1590.0 13.218609209176924 -6.157897680043166 73.2980950250707 -477602.83173008 2.238691914093234e-05 32.80517026998901 26.70584177669998 30.974260788895286 106.83586313703077 372.8764595843881 400.0 -0.014872496541671873 1.8261963166842639 1.8309094810937299 0.033311125968086976 39.470750928435095 2.4815423964924306e-08 0.06589565315326991 0.0356346621718062 0.030260968350944016 1.9458468982567336 0.03946754526505808 0.026428107888211833 0.04563612283736506 0.04563612283737009 7.277091130860586 2.296187809132522
1600.0 13.227506638414582 -6.165632616716504 73.50127562642574 -477291.0697515154 2.2471406435892275e-05 32.88381734850367 26.71754536660479 31.042261798055815 106.45615701724358 372.30639862762433 400.0 -0.01507171384479482 1.8388292729616276 1.841555550447853 0.03373044807928762 39.641550589297424 2.4786713475301007e-08 0.06635558314222001 0.03589906279016915 0.03045649771539996 1.9583010859746892 0.03978150117129957 0.02657408197092046 0.04595626825211944 0.045956268252126446 7.233231476432833 2.2981100084929507
