#T volume alpha alpha_xx alpha_yy alpha_zz alpha_yz alpha_zy alpha_xz alpha_zx alpha_xy alpha_yx
0.0  12.213657   0.0000e+00   3.9816e-08   3.9816e-08   3.9816e-08   0.0000e+00   0.0000e+00   0.0000e+00   0.0000e+00   0.0000e+00   0.0000e+00
10.0  12.213658  -4.9210e-09  -4.9211e-09  -4.9211e-09  -4.9211e-09   0.0000e+00   0.0000e+00   0.0000e+00   0.0000e+00   0.0000e+00   0.0000e+00
20.0  12.213674   1.2275e-07   1.2275e-07   1.2275e-07   1.2275e-07   0.0000e+00   0.0000e+00   0.0000e+00   0.0000e+00   0.0000e+00   0.0000e+00
30.0  12.213789   5.8530e-07   5.8530e-07   5.8530e-07   5.8530e-07   0.0000e+00   0.0000e+00   0.0000e+00   0.0000e+00   0.0000e+00   0.0000e+00
40.0  12.214151   1.4407e-06   1.4407e-06   1.4407e-06   1.4407e-06   0.0000e+00   0.0000e+00   0.0000e+00   0.0000e+00   0.0000e+00   0.0000e+00
50.0  12.214868   2.4880e-06   2.4880e-06   2.4880e-06   2.4880e-06   0.0000e+00   0.0000e+00   0.0000e+00   0.0000e+00   0.0000e+00   0.0000e+00
60.0  12.215980   3.5812e-06   3.5812e-06   3.5812e-06   3.5812e-06   0.0000e+00   0.0000e+00   0.0000e+00   0.0000e+00   0.0000e+00   0.0000e+00
70.0  12.217490   4.6473e-06   4.6473e-06   4.6473e-06   4.6473e-06   0.0000e+00   0.0000e+00   0.0000e+00   0.0000e+00   0.0000e+00   0.0000e+00
80.0  12.219380   5.6527e-06   5.6528e-06   5.6528e-06   5.6528e-06   0.0000e+00   0.0000e+00   0.0000e+00   0.0000e+00   0.0000e+00   0.0000e+00
90.0  12.221625   6.5819e-06   6.5819e-06   6.5819e-06   6.5819e-06   0.0000e+00   0.0000e+00   0.0000e+00   0.0000e+00   0.0000e+00   0.0000e+00
100.0  12.224196   7.4289e-06   7.4289e-06   7.4289e-06   7.4289e-06   0.0000e+00   0.0000e+00   0.0000e+00   0.0000e+00   0.0000e+00   0.0000e+00
110.0  12.227064   8.1942e-06   8.1942e-06   8.1942e-06   8.1942e-06   0.0000e+00   0.0000e+00   0.0000e+00   0.0000e+00   0.0000e+00   0.0000e+00
120.0  12.230198   8.8815e-06   8.8815e-06   8.8815e-06   8.8815e-06   0.0000e+00   0.0000e+00   0.0000e+00   0.0000e+00   0.0000e+00   0.0000e+00
130.0  12.233572   9.4966e-06   9.4966e-06   9.4966e-06   9.4966e-06   0.0000e+00   0.0000e+00   0.0000e+00   0.0000e+00   0.0000e+00   0.0000e+00
140.0  12.237161   1.0046e-05   1.0046e-05   1.0046e-05   1.0046e-05   0.0000e+00   0.0000e+00   0.0000e+00   0.0000e+00   0.0000e+00   0.0000e+00
150.0  12.240941   1.0538e-05   1.0538e-05   1.0538e-05   1.0538e-05   0.0000e+00   0.0000e+00   0.0000e+00   0.0000e+00   0.0000e+00   0.0000e+00
160.0  12.244894   1.0977e-05   1.0977e-05   1.0977e-05   1.0977e-05   0.0000e+00   0.0000e+00   0.0000e+00   0.0000e+00   0.0000e+00   0.0000e+00
170.0  12.249001   1.1371e-05   1.1371e-05   1.1371e-05   1.1371e-05   0.0000e+00   0.0000e+00   0.0000e+00   0.0000e+00   0.0000e+00   0.0000e+00
180.0  12.253246   1.1725e-05   1.1725e-05   1.1725e-05   1.1725e-05   0.0000e+00   0.0000e+00   0.0000e+00   0.0000e+00   0.0000e+00   0.0000e+00
190.0  12.257617   1.2044e-05   1.2044e-05   1.2044e-05   1.2044e-05   0.0000e+00   0.0000e+00   0.0000e+00   0.0000e+00   0.0000e+00   0.0000e+00
200.0  12.262100   1.2332e-05   1.2332e-05   1.2332e-05   1.2332e-05   0.0000e+00   0.0000e+00   0.0000e+00   0.0000e+00   0.0000e+00   0.0000e+00
210.0  12.266687   1.2594e-05   1.2594e-05   1.2594e-05   1.2594e-05   0.0000e+00   0.0000e+00   0.0000e+00   0.0000e+00   0.0000e+00   0.0000e+00
220.0  12.271367   1.2833e-05   1.2833e-05   1.2833e-05   1.2833e-05   0.0000e+00   0.0000e+00   0.0000e+00   0.0000e+00   0.0000e+00   0.0000e+00
230.0  12.276133   1.3051e-05   1.3051e-05   1.3051e-05   1.3051e-05   0.0000e+00   0.0000e+00   0.0000e+00   0.0000e+00   0.0000e+00   0.0000e+00
240.0  12.280977   1.3251e-05   1.3251e-05   1.3251e-05   1.3251e-05   0.0000e+00   0.0000e+00   0.0000e+00   0.0000e+00   0.0000e+00   0.0000e+00
250.0  12.285895   1.3435e-05   1.3435e-05   1.3435e-05   1.3435e-05   0.0000e+00   0.0000e+00   0.0000e+00   0.0000e+00   0.0000e+00   0.0000e+00
260.0  12.290879   1.3605e-05   1.3606e-05   1.3606e-05   1.3606e-05   0.0000e+00   0.0000e+00   0.0000e+00   0.0000e+00   0.0000e+00   0.0000e+00
270.0  12.295927   1.3764e-05   1.3764e-05   1.3764e-05   1.3764e-05   0.0000e+00   0.0000e+00   0.0000e+00   0.0000e+00   0.0000e+00   0.0000e+00
280.0  12.301032   1.3911e-05   1.3911e-05   1.3911e-05   1.3911e-05   0.0000e+00   0.0000e+00   0.0000e+00   0.0000e+00   0.0000e+00   0.0000e+00
290.0  12.306193   1.4049e-05   1.4049e-05   1.4049e-05   1.4049e-05   0.0000e+00   0.0000e+00   0.0000e+00   0.0000e+00   0.0000e+00   0.0000e+00
300.0  12.311404   1.4178e-05   1.4178e-05   1.4178e-05   1.4178e-05   0.0000e+00   0.0000e+00   0.0000e+00   0.0000e+00   0.0000e+00   0.0000e+00
310.0  12.316665   1.4299e-05   1.4299e-05   1.4299e-05   1.4299e-05   0.0000e+00   0.0000e+00   0.0000e+00   0.0000e+00   0.0000e+00   0.0000e+00
320.0  12.321971   1.4414e-05   1.4414e-05   1.4414e-05   1.4414e-05   0.0000e+00   0.0000e+00   0.0000e+00   0.0000e+00   0.0000e+00   0.0000e+00
330.0  12.327321   1.4523e-05   1.4523e-05   1.4523e-05   1.4523e-05   0.0000e+00   0.0000e+00   0.0000e+00   0.0000e+00   0.0000e+00   0.0000e+00
340.0  12.332712   1.4626e-05   1.4626e-05   1.4626e-05   1.4626e-05   0.0000e+00   0.0000e+00   0.0000e+00   0.0000e+00   0.0000e+00   0.0000e+00
350.0  12.338143   1.4725e-05   1.4725e-05   1.4725e-05   1.4725e-05   0.0000e+00   0.0000e+00   0.0000e+00   0.0000e+00   0.0000e+00   0.0000e+00
360.0  12.343612   1.4819e-05   1.4819e-05   1.4819e-05   1.4819e-05   0.0000e+00   0.0000e+00   0.0000e+00   0.0000e+00   0.0000e+00   0.0000e+00
370.0  12.349118   1.4909e-05   1.4909e-05   1.4909e-05   1.4909e-05   0.0000e+00   0.0000e+00   0.0000e+00   0.0000e+00   0.0000e+00   0.0000e+00
380.0  12.354658   1.4996e-05   1.4996e-05   1.4996e-05   1.4996e-05   0.0000e+00   0.0000e+00   0.0000e+00   0.0000e+00   0.0000e+00   0.0000e+00
390.0  12.360233   1.5080e-05   1.5080e-05   1.5080e-05   1.5080e-05   0.0000e+00   0.0000e+00   0.0000e+00   0.0000e+00   0.0000e+00   0.0000e+00
400.0  12.365841   1.5160e-05   1.5160e-05   1.5160e-05   1.5160e-05   0.0000e+00   0.0000e+00   0.0000e+00   0.0000e+00   0.0000e+00   0.0000e+00
410.0  12.371481   1.5239e-05   1.5239e-05   1.5239e-05   1.5239e-05   0.0000e+00   0.0000e+00   0.0000e+00   0.0000e+00   0.0000e+00   0.0000e+00
420.0  12.377153   1.5315e-05   1.5315e-05   1.5315e-05   1.5315e-05   0.0000e+00   0.0000e+00   0.0000e+00   0.0000e+00   0.0000e+00   0.0000e+00
430.0  12.382854   1.5388e-05   1.5388e-05   1.5388e-05   1.5388e-05   0.0000e+00   0.0000e+00   0.0000e+00   0.0000e+00   0.0000e+00   0.0000e+00
440.0  12.388585   1.5460e-05   1.5460e-05   1.5460e-05   1.5460e-05   0.0000e+00   0.0000e+00   0.0000e+00   0.0000e+00   0.0000e+00   0.0000e+00
450.0  12.394346   1.5531e-05   1.5531e-05   1.5531e-05   1.5531e-05   0.0000e+00   0.0000e+00   0.0000e+00   0.0000e+00   0.0000e+00   0.0000e+00
460.0  12.400135   1.5599e-05   1.5599e-05   1.5599e-05   1.5599e-05   0.0000e+00   0.0000e+00   0.0000e+00   0.0000e+00   0.0000e+00   0.0000e+00
470.0  12.405952   1.5667e-05   1.5667e-05   1.5667e-05   1.5667e-05   0.0000e+00   0.0000e+00   0.0000e+00   0.0000e+00   0.0000e+00   0.0000e+00
480.0  12.411796   1.5733e-05   1.5733e-05   1.5733e-05   1.5733e-05   0.0000e+00   0.0000e+00   0.0000e+00   0.0000e+00   0.0000e+00   0.0000e+00
490.0  12.417668   1.5798e-05   1.5798e-05   1.5798e-05   1.5798e-05   0.0000e+00   0.0000e+00   0.0000e+00   0.0000e+00   0.0000e+00   0.0000e+00
500.0  12.423566   1.5862e-05   1.5862e-05   1.5862e-05   1.5862e-05   0.0000e+00   0.0000e+00   0.0000e+00   0.0000e+00   0.0000e+00   0.0000e+00
510.0  12.429491   1.5925e-05   1.5925e-05   1.5925e-05   1.5925e-05   0.0000e+00   0.0000e+00   0.0000e+00   0.0000e+00   0.0000e+00   0.0000e+00
520.0  12.435442   1.5987e-05   1.5987e-05   1.5987e-05   1.5987e-05   0.0000e+00   0.0000e+00   0.0000e+00   0.0000e+00   0.0000e+00   0.0000e+00
530.0  12.441419   1.6048e-05   1.6048e-05   1.6048e-05   1.6048e-05   0.0000e+00   0.0000e+00   0.0000e+00   0.0000e+00   0.0000e+00   0.0000e+00
540.0  12.447422   1.6109e-05   1.6109e-05   1.6109e-05   1.6109e-05   0.0000e+00   0.0000e+00   0.0000e+00   0.0000e+00   0.0000e+00   0.0000e+00
550.0  12.453450   1.6170e-05   1.6170e-05   1.6170e-05   1.6170e-05   0.0000e+00   0.0000e+00   0.0000e+00   0.0000e+00   0.0000e+00   0.0000e+00
560.0  12.459504   1.6229e-05   1.6229e-05   1.6229e-05   1.6229e-05   0.0000e+00   0.0000e+00   0.0000e+00   0.0000e+00   0.0000e+00   0.0000e+00
570.0  12.465583   1.6289e-05   1.6289e-05   1.6289e-05   1.6289e-05   0.0000e+00   0.0000e+00   0.0000e+00   0.0000e+00   0.0000e+00   0.0000e+00
580.0  12.471687   1.6348e-05   1.6348e-05   1.6348e-05   1.6348e-05   0.0000e+00   0.0000e+00   0.0000e+00   0.0000e+00   0.0000e+00   0.0000e+00
590.0  12.477816   1.6407e-05   1.6407e-05   1.6407e-05   1.6407e-05   0.0000e+00   0.0000e+00   0.0000e+00   0.0000e+00   0.0000e+00   0.0000e+00
600.0  12.483970   1.6465e-05   1.6465e-05   1.6465e-05   1.6465e-05   0.0000e+00   0.0000e+00   0.0000e+00   0.0000e+00   0.0000e+00   0.0000e+00
610.0  12.490149   1.6523e-05   1.6523e-05   1.6523e-05   1.6523e-05   0.0000e+00   0.0000e+00   0.0000e+00   0.0000e+00   0.0000e+00   0.0000e+00
620.0  12.496353   1.6582e-05   1.6582e-05   1.6582e-05   1.6582e-05   0.0000e+00   0.0000e+00   0.0000e+00   0.0000e+00   0.0000e+00   0.0000e+00
630.0  12.502582   1.6640e-05   1.6640e-05   1.6640e-05   1.6640e-05   0.0000e+00   0.0000e+00   0.0000e+00   0.0000e+00   0.0000e+00   0.0000e+00
640.0  12.508835   1.6698e-05   1.6697e-05   1.6697e-05   1.6697e-05   0.0000e+00   0.0000e+00   0.0000e+00   0.0000e+00   0.0000e+00   0.0000e+00
650.0  12.515114   1.6755e-05   1.6755e-05   1.6755e-05   1.6755e-05   0.0000e+00   0.0000e+00   0.0000e+00   0.0000e+00   0.0000e+00   0.0000e+00
660.0  12.521417   1.6813e-05   1.6813e-05   1.6813e-05   1.6813e-05   0.0000e+00   0.0000e+00   0.0000e+00   0.0000e+00   0.0000e+00   0.0000e+00
670.0  12.527745   1.6871e-05   1.6871e-05   1.6871e-05   1.6871e-05   0.0000e+00   0.0000e+00   0.0000e+00   0.0000e+00   0.0000e+00   0.0000e+00
680.0  12.534098   1.6929e-05   1.6929e-05   1.6929e-05   1.6929e-05   0.0000e+00   0.0000e+00   0.0000e+00   0.0000e+00   0.0000e+00   0.0000e+00
690.0  12.540477   1.6987e-05   1.6987e-05   1.6987e-05   1.6987e-05   0.0000e+00   0.0000e+00   0.0000e+00   0.0000e+00   0.0000e+00   0.0000e+00
700.0  12.546880   1.7045e-05   1.7045e-05   1.7045e-05   1.7045e-05   0.0000e+00   0.0000e+00   0.0000e+00   0.0000e+00   0.0000e+00   0.0000e+00
710.0  12.553309   1.7104e-05   1.7104e-05   1.7104e-05   1.7104e-05   0.0000e+00   0.0000e+00   0.0000e+00   0.0000e+00   0.0000e+00   0.0000e+00
720.0  12.559763   1.7162e-05   1.7162e-05   1.7162e-05   1.7162e-05   0.0000e+00   0.0000e+00   0.0000e+00   0.0000e+00   0.0000e+00   0.0000e+00
730.0  12.566242   1.7221e-05   1.7221e-05   1.7221e-05   1.7221e-05   0.0000e+00   0.0000e+00   0.0000e+00   0.0000e+00   0.0000e+00   0.0000e+00
740.0  12.572747   1.7280e-05   1.7280e-05   1.7280e-05   1.7280e-05   0.0000e+00   0.0000e+00   0.0000e+00   0.0000e+00   0.0000e+00   0.0000e+00
750.0  12.579277   1.7339e-05   1.7339e-05   1.7339e-05   1.7339e-05   0.0000e+00   0.0000e+00   0.0000e+00   0.0000e+00   0.0000e+00   0.0000e+00
760.0  12.585833   1.7398e-05   1.7398e-05   1.7398e-05   1.7398e-05   0.0000e+00   0.0000e+00   0.0000e+00   0.0000e+00   0.0000e+00   0.0000e+00
770.0  12.592415   1.7458e-05   1.7458e-05   1.7458e-05   1.7458e-05   0.0000e+00   0.0000e+00   0.0000e+00   0.0000e+00   0.0000e+00   0.0000e+00
780.0  12.599023   1.7518e-05   1.7518e-05   1.7518e-05   1.7518e-05   0.0000e+00   0.0000e+00   0.0000e+00   0.0000e+00   0.0000e+00   0.0000e+00
790.0  12.605658   1.7578e-05   1.7578e-05   1.7578e-05   1.7578e-05   0.0000e+00   0.0000e+00   0.0000e+00   0.0000e+00   0.0000e+00   0.0000e+00
800.0  12.612319   1.7639e-05   1.7639e-05   1.7639e-05   1.7639e-05   0.0000e+00   0.0000e+00   0.0000e+00   0.0000e+00   0.0000e+00   0.0000e+00
810.0  12.619006   1.7700e-05   1.7700e-05   1.7700e-05   1.7700e-05   0.0000e+00   0.0000e+00   0.0000e+00   0.0000e+00   0.0000e+00   0.0000e+00
820.0  12.625720   1.7761e-05   1.7761e-05   1.7761e-05   1.7761e-05   0.0000e+00   0.0000e+00   0.0000e+00   0.0000e+00   0.0000e+00   0.0000e+00
830.0  12.632461   1.7823e-05   1.7823e-05   1.7823e-05   1.7823e-05   0.0000e+00   0.0000e+00   0.0000e+00   0.0000e+00   0.0000e+00   0.0000e+00
840.0  12.639229   1.7886e-05   1.7886e-05   1.7886e-05   1.7886e-05   0.0000e+00   0.0000e+00   0.0000e+00   0.0000e+00   0.0000e+00   0.0000e+00
850.0  12.646025   1.7948e-05   1.7948e-05   1.7948e-05   1.7948e-05   0.0000e+00   0.0000e+00   0.0000e+00   0.0000e+00   0.0000e+00   0.0000e+00
860.0  12.652848   1.8008e-05   1.8008e-05   1.8008e-05   1.8008e-05   0.0000e+00   0.0000e+00   0.0000e+00   0.0000e+00   0.0000e+00   0.0000e+00
870.0  12.659695   1.8060e-05   1.8060e-05   1.8060e-05   1.8060e-05   0.0000e+00   0.0000e+00   0.0000e+00   0.0000e+00   0.0000e+00   0.0000e+00
880.0  12.666565   1.8106e-05   1.8106e-05   1.8106e-05   1.8106e-05   0.0000e+00   0.0000e+00   0.0000e+00   0.0000e+00   0.0000e+00   0.0000e+00
890.0  12.673456   1.8152e-05   1.8152e-05   1.8152e-05   1.8152e-05   0.0000e+00   0.0000e+00   0.0000e+00   0.0000e+00   0.0000e+00   0.0000e+00
900.0  12.680368   1.8199e-05   1.8199e-05   1.8199e-05   1.8199e-05   0.0000e+00   0.0000e+00   0.0000e+00   0.0000e+00   0.0000e+00   0.0000e+00
910.0  12.687302   1.8245e-05   1.8245e-05   1.8245e-05   1.8245e-05   0.0000e+00   0.0000e+00   0.0000e+00   0.0000e+00   0.0000e+00   0.0000e+00
920.0  12.694257   1.8292e-05   1.8292e-05   1.8292e-05   1.8292e-05   0.0000e+00   0.0000e+00   0.0000e+00   0.0000e+00   0.0000e+00   0.0000e+00
930.0  12.701234   1.8339e-05   1.8339e-05   1.8339e-05   1.8339e-05   0.0000e+00   0.0000e+00   0.0000e+00   0.0000e+00   0.0000e+00   0.0000e+00
940.0  12.708232   1.8386e-05   1.8386e-05   1.8386e-05   1.8386e-05   0.0000e+00   0.0000e+00   0.0000e+00   0.0000e+00   0.0000e+00   0.0000e+00
950.0  12.715253   1.8433e-05   1.8433e-05   1.8433e-05   1.8433e-05   0.0000e+00   0.0000e+00   0.0000e+00   0.0000e+00   0.0000e+00   0.0000e+00
960.0  12.722296   1.8481e-05   1.8481e-05   1.8481e-05   1.8481e-05   0.0000e+00   0.0000e+00   0.0000e+00   0.0000e+00   0.0000e+00   0.0000e+00
970.0  12.729360   1.8529e-05   1.8529e-05   1.8529e-05   1.8529e-05   0.0000e+00   0.0000e+00   0.0000e+00   0.0000e+00   0.0000e+00   0.0000e+00
980.0  12.736447   1.8577e-05   1.8577e-05   1.8577e-05   1.8577e-05   0.0000e+00   0.0000e+00   0.0000e+00   0.0000e+00   0.0000e+00   0.0000e+00
990.0  12.743556   1.8625e-05   1.8625e-05   1.8625e-05   1.8625e-05   0.0000e+00   0.0000e+00   0.0000e+00   0.0000e+00   0.0000e+00   0.0000e+00
1000.0  12.750688   1.8674e-05   1.8674e-05   1.8674e-05   1.8674e-05   0.0000e+00   0.0000e+00   0.0000e+00   0.0000e+00   0.0000e+00   0.0000e+00
1010.0  12.757843   1.8723e-05   1.8723e-05   1.8723e-05   1.8723e-05   0.0000e+00   0.0000e+00   0.0000e+00   0.0000e+00   0.0000e+00   0.0000e+00
1020.0  12.765020   1.8772e-05   1.8772e-05   1.8772e-05   1.8772e-05   0.0000e+00   0.0000e+00   0.0000e+00   0.0000e+00   0.0000e+00   0.0000e+00
1030.0  12.772221   1.8822e-05   1.8822e-05   1.8822e-05   1.8822e-05   0.0000e+00   0.0000e+00   0.0000e+00   0.0000e+00   0.0000e+00   0.0000e+00
1040.0  12.779444   1.8872e-05   1.8872e-05   1.8872e-05   1.8872e-05   0.0000e+00   0.0000e+00   0.0000e+00   0.0000e+00   0.0000e+00   0.0000e+00
1050.0  12.786691   1.8922e-05   1.8922e-05   1.8922e-05   1.8922e-05   0.0000e+00   0.0000e+00   0.0000e+00   0.0000e+00   0.0000e+00   0.0000e+00
1060.0  12.793961   1.8973e-05   1.8973e-05   1.8973e-05   1.8973e-05   0.0000e+00   0.0000e+00   0.0000e+00   0.0000e+00   0.0000e+00   0.0000e+00
1070.0  12.801255   1.9024e-05   1.9024e-05   1.9024e-05   1.9024e-05   0.0000e+00   0.0000e+00   0.0000e+00   0.0000e+00   0.0000e+00   0.0000e+00
1080.0  12.808573   1.9075e-05   1.9075e-05   1.9075e-05   1.9075e-05   0.0000e+00   0.0000e+00   0.0000e+00   0.0000e+00   0.0000e+00   0.0000e+00
1090.0  12.815915   1.9127e-05   1.9127e-05   1.9127e-05   1.9127e-05   0.0000e+00   0.0000e+00   0.0000e+00   0.0000e+00   0.0000e+00   0.0000e+00
1100.0  12.823280   1.9179e-05   1.9179e-05   1.9179e-05   1.9179e-05   0.0000e+00   0.0000e+00   0.0000e+00   0.0000e+00   0.0000e+00   0.0000e+00
1110.0  12.830671   1.9231e-05   1.9231e-05   1.9231e-05   1.9231e-05   0.0000e+00   0.0000e+00   0.0000e+00   0.0000e+00   0.0000e+00   0.0000e+00
1120.0  12.838085   1.9284e-05   1.9284e-05   1.9284e-05   1.9284e-05   0.0000e+00   0.0000e+00   0.0000e+00   0.0000e+00   0.0000e+00   0.0000e+00
1130.0  12.845525   1.9337e-05   1.9337e-05   1.9337e-05   1.9337e-05   0.0000e+00   0.0000e+00   0.0000e+00   0.0000e+00   0.0000e+00   0.0000e+00
1140.0  12.852989   1.9390e-05   1.9391e-05   1.9391e-05   1.9391e-05   0.0000e+00   0.0000e+00   0.0000e+00   0.0000e+00   0.0000e+00   0.0000e+00
1150.0  12.860478   1.9444e-05   1.9445e-05   1.9445e-05   1.9445e-05   0.0000e+00   0.0000e+00   0.0000e+00   0.0000e+00   0.0000e+00   0.0000e+00
1160.0  12.867993   1.9499e-05   1.9499e-05   1.9499e-05   1.9499e-05   0.0000e+00   0.0000e+00   0.0000e+00   0.0000e+00   0.0000e+00   0.0000e+00
1170.0  12.875533   1.9554e-05   1.9554e-05   1.9554e-05   1.9554e-05   0.0000e+00   0.0000e+00   0.0000e+00   0.0000e+00   0.0000e+00   0.0000e+00
1180.0  12.883099   1.9609e-05   1.9609e-05   1.9609e-05   1.9609e-05   0.0000e+00   0.0000e+00   0.0000e+00   0.0000e+00   0.0000e+00   0.0000e+00
1190.0  12.890690   1.9665e-05   1.9665e-05   1.9665e-05   1.9665e-05   0.0000e+00   0.0000e+00   0.0000e+00   0.0000e+00   0.0000e+00   0.0000e+00
1200.0  12.898308   1.9721e-05   1.9721e-05   1.9721e-05   1.9721e-05   0.0000e+00   0.0000e+00   0.0000e+00   0.0000e+00   0.0000e+00   0.0000e+00
1210.0  12.905952   1.9777e-05   1.9778e-05   1.9778e-05   1.9778e-05   0.0000e+00   0.0000e+00   0.0000e+00   0.0000e+00   0.0000e+00   0.0000e+00
1220.0  12.913623   1.9835e-05   1.9835e-05   1.9835e-05   1.9835e-05   0.0000e+00   0.0000e+00   0.0000e+00   0.0000e+00   0.0000e+00   0.0000e+00
1230.0  12.921321   1.9892e-05   1.9892e-05   1.9892e-05   1.9892e-05   0.0000e+00   0.0000e+00   0.0000e+00   0.0000e+00   0.0000e+00   0.0000e+00
1240.0  12.929045   1.9950e-05   1.9950e-05   1.9950e-05   1.9950e-05   0.0000e+00   0.0000e+00   0.0000e+00   0.0000e+00   0.0000e+00   0.0000e+00
1250.0  12.936797   2.0009e-05   2.0009e-05   2.0009e-05   2.0009e-05   0.0000e+00   0.0000e+00   0.0000e+00   0.0000e+00   0.0000e+00   0.0000e+00
1260.0  12.944576   2.0068e-05   2.0068e-05   2.0068e-05   2.0068e-05   0.0000e+00   0.0000e+00   0.0000e+00   0.0000e+00   0.0000e+00   0.0000e+00
1270.0  12.952383   2.0128e-05   2.0128e-05   2.0128e-05   2.0128e-05   0.0000e+00   0.0000e+00   0.0000e+00   0.0000e+00   0.0000e+00   0.0000e+00
1280.0  12.960218   2.0188e-05   2.0188e-05   2.0188e-05   2.0188e-05   0.0000e+00   0.0000e+00   0.0000e+00   0.0000e+00   0.0000e+00   0.0000e+00
1290.0  12.968082   2.0248e-05   2.0248e-05   2.0248e-05   2.0248e-05   0.0000e+00   0.0000e+00   0.0000e+00   0.0000e+00   0.0000e+00   0.0000e+00
1300.0  12.975973   2.0310e-05   2.0310e-05   2.0310e-05   2.0310e-05   0.0000e+00   0.0000e+00   0.0000e+00   0.0000e+00   0.0000e+00   0.0000e+00
1310.0  12.983894   2.0371e-05   2.0371e-05   2.0371e-05   2.0371e-05   0.0000e+00   0.0000e+00   0.0000e+00   0.0000e+00   0.0000e+00   0.0000e+00
1320.0  12.991843   2.0434e-05   2.0434e-05   2.0434e-05   2.0434e-05   0.0000e+00   0.0000e+00   0.0000e+00   0.0000e+00   0.0000e+00   0.0000e+00
1330.0  12.999822   2.0497e-05   2.0497e-05   2.0497e-05   2.0497e-05   0.0000e+00   0.0000e+00   0.0000e+00   0.0000e+00   0.0000e+00   0.0000e+00
1340.0  13.007831   2.0560e-05   2.0560e-05   2.0560e-05   2.0560e-05   0.0000e+00   0.0000e+00   0.0000e+00   0.0000e+00   0.0000e+00   0.0000e+00
1350.0  13.015869   2.0625e-05   2.0625e-05   2.0625e-05   2.0625e-05   0.0000e+00   0.0000e+00   0.0000e+00   0.0000e+00   0.0000e+00   0.0000e+00
1360.0  13.023938   2.0689e-05   2.0689e-05   2.0689e-05   2.0689e-05   0.0000e+00   0.0000e+00   0.0000e+00   0.0000e+00   0.0000e+00   0.0000e+00
1370.0  13.032037   2.0755e-05   2.0755e-05   2.0755e-05   2.0755e-05   0.0000e+00   0.0000e+00   0.0000e+00   0.0000e+00   0.0000e+00   0.0000e+00
1380.0  13.040167   2.0821e-05   2.0821e-05   2.0821e-05   2.0821e-05   0.0000e+00   0.0000e+00   0.0000e+00   0.0000e+00   0.0000e+00   0.0000e+00
1390.0  13.048328   2.0888e-05   2.0888e-05   2.0888e-05   2.0888e-05   0.0000e+00   0.0000e+00   0.0000e+00   0.0000e+00   0.0000e+00   0.0000e+00
1400.0  13.056520   2.0955e-05   2.0955e-05   2.0955e-05   2.0955e-05   0.0000e+00   0.0000e+00   0.0000e+00   0.0000e+00   0.0000e+00   0.0000e+00
1410.0  13.064744   2.1023e-05   2.1023e-05   2.1023e-05   2.1023e-05   0.0000e+00   0.0000e+00   0.0000e+00   0.0000e+00   0.0000e+00   0.0000e+00
1420.0  13.073000   2.1092e-05   2.1092e-05   2.1092e-05   2.1092e-05   0.0000e+00   0.0000e+00   0.0000e+00   0.0000e+00   0.0000e+00   0.0000e+00
1430.0  13.081288   2.1162e-05   2.1162e-05   2.1162e-05   2.1162e-05   0.0000e+00   0.0000e+00   0.0000e+00   0.0000e+00   0.0000e+00   0.0000e+00
1440.0  13.089610   2.1232e-05   2.1232e-05   2.1232e-05   2.1232e-05   0.0000e+00   0.0000e+00   0.0000e+00   0.0000e+00   0.0000e+00   0.0000e+00
1450.0  13.097964   2.1303e-05   2.1303e-05   2.1303e-05   2.1303e-05   0.0000e+00   0.0000e+00   0.0000e+00   0.0000e+00   0.0000e+00   0.0000e+00
1460.0  13.106352   2.1375e-05   2.1375e-05   2.1375e-05   2.1375e-05   0.0000e+00   0.0000e+00   0.0000e+00   0.0000e+00   0.0000e+00   0.0000e+00
1470.0  13.114773   2.1448e-05   2.1448e-05   2.1448e-05   2.1448e-05   0.0000e+00   0.0000e+00   0.0000e+00   0.0000e+00   0.0000e+00   0.0000e+00
1480.0  13.123229   2.1521e-05   2.1521e-05   2.1521e-05   2.1521e-05   0.0000e+00   0.0000e+00   0.0000e+00   0.0000e+00   0.0000e+00   0.0000e+00
1490.0  13.131719   2.1595e-05   2.1595e-05   2.1595e-05   2.1595e-05   0.0000e+00   0.0000e+00   0.0000e+00   0.0000e+00   0.0000e+00   0.0000e+00
1500.0  13.140244   2.1671e-05   2.1670e-05   2.1670e-05   2.1670e-05   0.0000e+00   0.0000e+00   0.0000e+00   0.0000e+00   0.0000e+00   0.0000e+00
1510.0  13.148804   2.1746e-05   2.1746e-05   2.1746e-05   2.1746e-05   0.0000e+00   0.0000e+00   0.0000e+00   0.0000e+00   0.0000e+00   0.0000e+00
1520.0  13.157401   2.1823e-05   2.1823e-05   2.1823e-05   2.1823e-05   0.0000e+00   0.0000e+00   0.0000e+00   0.0000e+00   0.0000e+00   0.0000e+00
1530.0  13.166033   2.1901e-05   2.1901e-05   2.1901e-05   2.1901e-05   0.0000e+00   0.0000e+00   0.0000e+00   0.0000e+00   0.0000e+00   0.0000e+00
1540.0  13.174702   2.1980e-05   2.1979e-05   2.1979e-05   2.1979e-05   0.0000e+00   0.0000e+00   0.0000e+00   0.0000e+00   0.0000e+00   0.0000e+00
1550.0  13.183407   2.2059e-05   2.2059e-05   2.2059e-05   2.2059e-05   0.0000e+00   0.0000e+00   0.0000e+00   0.0000e+00   0.0000e+00   0.0000e+00
1560.0  13.192151   2.2140e-05   2.2139e-05   2.2139e-05   2.2139e-05   0.0000e+00   0.0000e+00   0.0000e+00   0.0000e+00   0.0000e+00   0.0000e+00
1570.0  13.200932   2.2221e-05   2.2221e-05   2.2221e-05   2.2221e-05   0.0000e+00   0.0000e+00   0.0000e+00   0.0000e+00   0.0000e+00   0.0000e+00
1580.0  13.209751   2.2303e-05   2.2303e-05   2.2303e-05   2.2303e-05   0.0000e+00   0.0000e+00   0.0000e+00   0.0000e+00   0.0000e+00   0.0000e+00
1590.0  13.218609   2.2387e-05   2.2387e-05   2.2387e-05   2.2387e-05   0.0000e+00   0.0000e+00   0.0000e+00   0.0000e+00   0.0000e+00   0.0000e+00
1600.0  13.227507   2.2471e-05   2.2471e-05   2.2471e-05   2.2471e-05   0.0000e+00   0.0000e+00   0.0000e+00   0.0000e+00   0.0000e+00   0.0000e+00
