#T volume alpha alpha_xx alpha_yy alpha_zz alpha_yz alpha_zy alpha_xz alpha_zx alpha_xy alpha_yx
0.0  16.642904   0.0000e+00   4.0936e-08   4.0936e-08   4.0936e-08  -1.5673e-24  -1.5673e-24  -1.5673e-24   1.5673e-24   1.5673e-24   1.5673e-24
10.0  16.642907   2.6565e-08   1.3273e-08   1.3273e-08   1.3273e-08   5.9011e-26   5.9011e-26   5.9011e-26  -5.9011e-26  -5.9011e-26  -5.9011e-26
20.0  16.642956   2.1650e-07   2.2090e-07   2.2090e-07   2.2090e-07  -1.2686e-24  -1.2686e-24  -1.2686e-24   1.2686e-24   1.2686e-24   1.2686e-24
30.0  16.643204   8.8123e-07   8.8364e-07   8.8364e-07   8.8364e-07   2.1874e-23   2.1874e-23   2.1874e-23  -2.1874e-23  -2.1874e-23  -2.1874e-23
40.0  16.643944   2.1789e-06   2.1788e-06   2.1788e-06   2.1788e-06  -3.9433e-23  -3.9433e-23  -3.9433e-23   3.9433e-23   3.9433e-23   3.9433e-23
50.0  16.645453   3.9180e-06   3.9174e-06   3.9174e-06   3.9174e-06   1.8885e-23   1.8885e-23   1.8885e-23  -1.8885e-23  -1.8885e-23  -1.8885e-23
60.0  16.647886   5.8346e-06   5.8341e-06   5.8341e-06   5.8341e-06  -1.2227e-22  -1.2227e-22  -1.2227e-22   1.2227e-22   1.2227e-22   1.2227e-22
70.0  16.651279   7.7383e-06   7.7380e-06   7.7380e-06   7.7380e-06   1.9433e-22   1.9433e-22   1.9433e-22  -1.9433e-22  -1.9433e-22  -1.9433e-22
80.0  16.655597   9.5225e-06   9.5223e-06   9.5223e-06   9.5223e-06  -1.6388e-22  -1.6388e-22  -1.6388e-22   1.6388e-22   1.6388e-22   1.6388e-22
90.0  16.660767   1.1140e-05   1.1140e-05   1.1140e-05   1.1140e-05  -9.5250e-23  -9.5250e-23  -9.5250e-23   9.5250e-23   9.5250e-23   9.5250e-23
100.0  16.666703   1.2578e-05   1.2578e-05   1.2578e-05   1.2578e-05  -3.2947e-23  -3.2947e-23  -3.2947e-23   3.2947e-23   3.2947e-23   3.2947e-23
110.0  16.673317   1.3845e-05   1.3845e-05   1.3845e-05   1.3845e-05  -2.7111e-22  -2.7111e-22  -2.7111e-22   2.7111e-22   2.7111e-22   2.7111e-22
120.0  16.680528   1.4956e-05   1.4956e-05   1.4956e-05   1.4956e-05   1.5992e-22   1.5992e-22   1.5992e-22  -1.5992e-22  -1.5992e-22  -1.5992e-22
130.0  16.688263   1.5931e-05   1.5931e-05   1.5931e-05   1.5931e-05   3.2090e-22   3.2090e-22   3.2090e-22  -3.2090e-22  -3.2090e-22  -3.2090e-22
140.0  16.696460   1.6787e-05   1.6787e-05   1.6787e-05   1.6787e-05   1.4863e-22   1.4863e-22   1.4863e-22  -1.4863e-22  -1.4863e-22  -1.4863e-22
150.0  16.705064   1.7542e-05   1.7543e-05   1.7543e-05   1.7543e-05  -6.7600e-22  -6.7600e-22  -6.7600e-22   6.7600e-22   6.7600e-22   6.7600e-22
160.0  16.714029   1.8212e-05   1.8212e-05   1.8212e-05   1.8212e-05  -3.0188e-22  -3.0188e-22  -3.0188e-22   3.0188e-22   3.0188e-22   3.0188e-22
170.0  16.723316   1.8808e-05   1.8809e-05   1.8809e-05   1.8809e-05  -3.9261e-22  -3.9261e-22  -3.9261e-22   3.9261e-22   3.9261e-22   3.9261e-22
180.0  16.732891   1.9343e-05   1.9343e-05   1.9343e-05   1.9343e-05  -4.7342e-23  -4.7342e-23  -4.7342e-23   4.7342e-23   4.7342e-23   4.7342e-23
190.0  16.742727   1.9826e-05   1.9826e-05   1.9826e-05   1.9826e-05  -8.1516e-22  -8.1516e-22  -8.1516e-22   8.1516e-22   8.1516e-22   8.1516e-22
200.0  16.752800   2.0263e-05   2.0263e-05   2.0263e-05   2.0263e-05   5.7160e-22   5.7160e-22   5.7160e-22  -5.7160e-22  -5.7160e-22  -5.7160e-22
210.0  16.763089   2.0663e-05   2.0663e-05   2.0663e-05   2.0663e-05  -7.4265e-22  -7.4265e-22  -7.4265e-22   7.4265e-22   7.4265e-22   7.4265e-22
220.0  16.773577   2.1030e-05   2.1030e-05   2.1030e-05   2.1030e-05   1.5421e-22   1.5421e-22   1.5421e-22  -1.5421e-22  -1.5421e-22  -1.5421e-22
230.0  16.784250   2.1370e-05   2.1370e-05   2.1370e-05   2.1370e-05   1.7119e-22   1.7119e-22   1.7119e-22  -1.7119e-22  -1.7119e-22  -1.7119e-22
240.0  16.795094   2.1685e-05   2.1685e-05   2.1685e-05   2.1685e-05  -3.5585e-23  -3.5585e-23  -3.5585e-23   3.5585e-23   3.5585e-23   3.5585e-23
250.0  16.806098   2.1980e-05   2.1980e-05   2.1980e-05   2.1980e-05  -3.7145e-22  -3.7145e-22  -3.7145e-22   3.7145e-22   3.7145e-22   3.7145e-22
260.0  16.817254   2.2256e-05   2.2256e-05   2.2256e-05   2.2256e-05  -7.4244e-22  -7.4244e-22  -7.4244e-22   7.4244e-22   7.4244e-22   7.4244e-22
270.0  16.828553   2.2518e-05   2.2518e-05   2.2518e-05   2.2518e-05   1.6438e-22   1.6438e-22   1.6438e-22  -1.6438e-22  -1.6438e-22  -1.6438e-22
280.0  16.839988   2.2766e-05   2.2766e-05   2.2766e-05   2.2766e-05  -3.6034e-22  -3.6034e-22  -3.6034e-22   3.6034e-22   3.6034e-22   3.6034e-22
290.0  16.851554   2.3002e-05   2.3002e-05   2.3002e-05   2.3002e-05   2.1010e-22   2.1010e-22   2.1010e-22  -2.1010e-22  -2.1010e-22  -2.1010e-22
300.0  16.863244   2.3228e-05   2.3228e-05   2.3228e-05   2.3228e-05  -4.5812e-23  -4.5812e-23  -4.5812e-23   4.5812e-23   4.5812e-23   4.5812e-23
310.0  16.875054   2.3445e-05   2.3445e-05   2.3445e-05   2.3445e-05   1.4169e-22   1.4169e-22   1.4169e-22  -1.4169e-22  -1.4169e-22  -1.4169e-22
320.0  16.886981   2.3655e-05   2.3655e-05   2.3655e-05   2.3655e-05   7.9734e-22   7.9734e-22   7.9734e-22  -7.9734e-22  -7.9734e-22  -7.9734e-22
330.0  16.899021   2.3858e-05   2.3858e-05   2.3858e-05   2.3858e-05  -3.0299e-22  -3.0299e-22  -3.0299e-22   3.0299e-22   3.0299e-22   3.0299e-22
340.0  16.911171   2.4055e-05   2.4055e-05   2.4055e-05   2.4055e-05  -2.4608e-23  -2.4608e-23  -2.4608e-23   2.4608e-23   2.4608e-23   2.4608e-23
350.0  16.923428   2.4247e-05   2.4247e-05   2.4247e-05   2.4247e-05   1.5650e-22   1.5650e-22   1.5650e-22  -1.5650e-22  -1.5650e-22  -1.5650e-22
360.0  16.935790   2.4434e-05   2.4434e-05   2.4434e-05   2.4434e-05   4.7282e-23   4.7282e-23   4.7282e-23  -4.7282e-23  -4.7282e-23  -4.7282e-23
370.0  16.948256   2.4618e-05   2.4618e-05   2.4618e-05   2.4618e-05  -8.2328e-22  -8.2328e-22  -8.2328e-22   8.2328e-22   8.2328e-22   8.2328e-22
380.0  16.960824   2.4799e-05   2.4798e-05   2.4798e-05   2.4798e-05  -4.2733e-22  -4.2733e-22  -4.2733e-22   4.2733e-22   4.2733e-22   4.2733e-22
390.0  16.973492   2.4976e-05   2.4976e-05   2.4976e-05   2.4976e-05  -1.8676e-22  -1.8676e-22  -1.8676e-22   1.8676e-22   1.8676e-22   1.8676e-22
400.0  16.986259   2.5151e-05   2.5151e-05   2.5151e-05   2.5151e-05   5.3521e-22   5.3521e-22   5.3521e-22  -5.3521e-22  -5.3521e-22  -5.3521e-22
410.0  16.999125   2.5324e-05   2.5324e-05   2.5324e-05   2.5324e-05  -5.4144e-22  -5.4144e-22  -5.4144e-22   5.4144e-22   5.4144e-22   5.4144e-22
420.0  17.012089   2.5496e-05   2.5495e-05   2.5495e-05   2.5495e-05   7.8364e-22   7.8364e-22   7.8364e-22  -7.8364e-22  -7.8364e-22  -7.8364e-22
430.0  17.025149   2.5665e-05   2.5665e-05   2.5665e-05   2.5665e-05  -7.3972e-22  -7.3972e-22  -7.3972e-22   7.3972e-22   7.3972e-22   7.3972e-22
440.0  17.038306   2.5834e-05   2.5834e-05   2.5834e-05   2.5834e-05   3.9525e-22   3.9525e-22   3.9525e-22  -3.9525e-22  -3.9525e-22  -3.9525e-22
450.0  17.051559   2.6002e-05   2.6002e-05   2.6002e-05   2.6002e-05  -4.6916e-22  -4.6916e-22  -4.6916e-22   4.6916e-22   4.6916e-22   4.6916e-22
460.0  17.064908   2.6169e-05   2.6169e-05   2.6169e-05   2.6169e-05   6.9621e-22   6.9621e-22   6.9621e-22  -6.9621e-22  -6.9621e-22  -6.9621e-22
470.0  17.078354   2.6336e-05   2.6336e-05   2.6336e-05   2.6336e-05  -5.9571e-22  -5.9571e-22  -5.9571e-22   5.9571e-22   5.9571e-22   5.9571e-22
480.0  17.091895   2.6502e-05   2.6502e-05   2.6502e-05   2.6502e-05   4.6432e-23   4.6432e-23   4.6432e-23  -4.6432e-23  -4.6432e-23  -4.6432e-23
490.0  17.105532   2.6669e-05   2.6669e-05   2.6669e-05   2.6669e-05   1.0552e-22  -2.5510e-22   1.0552e-22   2.5510e-22   1.7689e-21   1.7689e-21
500.0  17.119266   2.6835e-05   2.6835e-05   2.6835e-05   2.6835e-05  -4.0082e-22  -4.0082e-22  -4.0082e-22   4.0082e-22   4.0082e-22   4.0082e-22
510.0  17.133096   2.7002e-05   2.7002e-05   2.7002e-05   2.7002e-05  -4.0950e-22  -4.0950e-22  -4.0950e-22   4.0950e-22   4.0950e-22   4.0950e-22
520.0  17.147024   2.7169e-05   2.7169e-05   2.7169e-05   2.7169e-05   2.4064e-22   2.4064e-22   2.4064e-22  -2.4064e-22  -2.4064e-22  -2.4064e-22
530.0  17.161049   2.7337e-05   2.7337e-05   2.7337e-05   2.7337e-05   1.1840e-22   1.1840e-22   1.1840e-22  -1.1840e-22  -1.1840e-22  -1.1840e-22
540.0  17.175172   2.7505e-05   2.7505e-05   2.7505e-05   2.7505e-05   5.4190e-22   5.4190e-22   5.4190e-22  -5.4190e-22  -5.4190e-22  -5.4190e-22
550.0  17.189393   2.7674e-05   2.7674e-05   2.7674e-05   2.7674e-05  -3.7637e-22  -3.7637e-22  -3.7637e-22   3.7637e-22   3.7637e-22   3.7637e-22
560.0  17.203713   2.7843e-05   2.7843e-05   2.7843e-05   2.7843e-05   2.1814e-22   2.1814e-22   2.1814e-22  -2.1814e-22  -2.1814e-22  -2.1814e-22
570.0  17.218134   2.8014e-05   2.8014e-05   2.8014e-05   2.8014e-05   8.9338e-23   8.9338e-23   8.9338e-23  -8.9338e-23  -8.9338e-23  -8.9338e-23
580.0  17.232655   2.8186e-05   2.8186e-05   2.8186e-05   2.8186e-05  -4.7289e-22  -4.7289e-22  -4.7289e-22   4.7289e-22   4.7289e-22   4.7289e-22
590.0  17.247277   2.8359e-05   2.8359e-05   2.8359e-05   2.8359e-05  -4.4322e-22  -4.4322e-22  -4.4322e-22   4.4322e-22   4.4322e-22   4.4322e-22
600.0  17.262002   2.8533e-05   2.8533e-05   2.8533e-05   2.8533e-05   4.2280e-22   4.2280e-22   4.2280e-22  -4.2280e-22  -4.2280e-22  -4.2280e-22
610.0  17.276829   2.8708e-05   2.8709e-05   2.8709e-05   2.8709e-05   5.2012e-22   5.2012e-22   5.2012e-22  -5.2012e-22  -5.2012e-22  -5.2012e-22
620.0  17.291761   2.8885e-05   2.8886e-05   2.8886e-05   2.8886e-05  -9.9706e-23  -9.9706e-23  -9.9706e-23   9.9706e-23   9.9706e-23   9.9706e-23
630.0  17.306799   2.9064e-05   2.9064e-05   2.9064e-05   2.9064e-05   4.8891e-22   4.8891e-22   4.8891e-22  -4.8891e-22  -4.8891e-22  -4.8891e-22
640.0  17.321942   2.9244e-05   2.9244e-05   2.9244e-05   2.9244e-05   2.1751e-22   2.1751e-22   2.1751e-22  -2.1751e-22  -2.1751e-22  -2.1751e-22
650.0  17.337193   2.9426e-05   2.9426e-05   2.9426e-05   2.9426e-05   8.3808e-22   8.3808e-22   8.3808e-22  -8.3808e-22  -8.3808e-22  -8.3808e-22
660.0  17.352552   2.9609e-05   2.9609e-05   2.9609e-05   2.9609e-05  -7.3093e-22  -7.3093e-22  -7.3093e-22   7.3093e-22   7.3093e-22   7.3093e-22
670.0  17.368021   2.9795e-05   2.9795e-05   2.9795e-05   2.9795e-05  -1.8823e-22  -1.8823e-22  -1.8823e-22   1.8823e-22   1.8823e-22   1.8823e-22
680.0  17.383601   2.9982e-05   2.9982e-05   2.9982e-05   2.9982e-05   4.6233e-22   4.6233e-22   4.6233e-22  -4.6233e-22  -4.6233e-22  -4.6233e-22
690.0  17.399293   3.0171e-05   3.0171e-05   3.0171e-05   3.0171e-05   4.7336e-22   4.7336e-22   4.7336e-22  -4.7336e-22  -4.7336e-22  -4.7336e-22
700.0  17.415099   3.0362e-05   3.0363e-05   3.0363e-05   3.0363e-05  -7.2115e-23  -7.2115e-23  -7.2115e-23   7.2115e-23   7.2115e-23   7.2115e-23
710.0  17.431019   3.0556e-05   3.0556e-05   3.0556e-05   3.0556e-05   1.0880e-21   1.0880e-21   1.0880e-21  -1.0880e-21  -1.0880e-21  -1.0880e-21
720.0  17.447056   3.0752e-05   3.0752e-05   3.0752e-05   3.0752e-05   9.3608e-22   9.3608e-22   9.3608e-22  -9.3608e-22  -9.3608e-22  -9.3608e-22
730.0  17.463211   3.0950e-05   3.0950e-05   3.0950e-05   3.0950e-05  -8.1140e-22  -8.1140e-22  -8.1140e-22   8.1140e-22   8.1140e-22   8.1140e-22
740.0  17.479486   3.1150e-05   3.1150e-05   3.1150e-05   3.1150e-05   1.3383e-21   1.3383e-21   1.3383e-21  -1.3383e-21  -1.3383e-21  -1.3383e-21
750.0  17.495881   3.1353e-05   3.1353e-05   3.1353e-05   3.1353e-05   4.2877e-23   4.2877e-23   4.2877e-23  -4.2877e-23  -4.2877e-23  -4.2877e-23
760.0  17.512399   3.1559e-05   3.1559e-05   3.1559e-05   3.1559e-05   1.8601e-22   1.8601e-22   1.8601e-22  -1.8601e-22  -1.8601e-22  -1.8601e-22
770.0  17.529042   3.1767e-05   3.1767e-05   3.1767e-05   3.1767e-05  -4.4900e-22  -4.4900e-22  -4.4900e-22   4.4900e-22   4.4900e-22   4.4900e-22
780.0  17.545810   3.1977e-05   3.1978e-05   3.1978e-05   3.1978e-05   1.5317e-21   1.5317e-21   1.5317e-21  -1.5317e-21  -1.5317e-21  -1.5317e-21
790.0  17.562707   3.2191e-05   3.2191e-05   3.2191e-05   3.2191e-05  -1.4836e-21  -1.4836e-21  -1.4836e-21   1.4836e-21   1.4836e-21   1.4836e-21
800.0  17.579733   3.2408e-05   3.2408e-05   3.2408e-05   3.2408e-05  -7.4780e-22  -7.4780e-22  -7.4780e-22   7.4780e-22   7.4780e-22   7.4780e-22
810.0  17.596890   3.2627e-05   3.2627e-05   3.2627e-05   3.2627e-05   1.4540e-21   1.4540e-21   1.4540e-21  -1.4540e-21  -1.4540e-21  -1.4540e-21
820.0  17.614181   3.2849e-05   3.2850e-05   3.2850e-05   3.2850e-05  -7.2349e-22  -7.2349e-22  -7.2349e-22   7.2349e-22   7.2349e-22   7.2349e-22
830.0  17.631608   3.3075e-05   3.3075e-05   3.3075e-05   3.3075e-05  -1.6222e-21  -1.6222e-21  -1.6222e-21   1.6222e-21   1.6222e-21   1.6222e-21
840.0  17.649172   3.3304e-05   3.3304e-05   3.3304e-05   3.3304e-05   9.5954e-23   9.5954e-23   9.5954e-23  -9.5954e-23  -9.5954e-23  -9.5954e-23
850.0  17.666876   3.3536e-05   3.3536e-05   3.3536e-05   3.3536e-05  -4.6371e-22  -4.6371e-22  -4.6371e-22   4.6371e-22   4.6371e-22   4.6371e-22
860.0  17.684722   3.3772e-05   3.3772e-05   3.3772e-05   3.3772e-05   8.6379e-22   8.6379e-22   8.6379e-22  -8.6379e-22  -8.6379e-22  -8.6379e-22
870.0  17.702712   3.4011e-05   3.4011e-05   3.4011e-05   3.4011e-05   1.0069e-22   1.0069e-22   1.0069e-22  -1.0069e-22  -1.0069e-22  -1.0069e-22
880.0  17.720848   3.4254e-05   3.4254e-05   3.4254e-05   3.4254e-05  -3.9973e-22  -3.9973e-22  -3.9973e-22   3.9973e-22   3.9973e-22   3.9973e-22
890.0  17.739133   3.4500e-05   3.4500e-05   3.4500e-05   3.4500e-05  -1.5595e-21  -1.5595e-21  -1.5595e-21   1.5595e-21   1.5595e-21   1.5595e-21
900.0  17.757569   3.4751e-05   3.4751e-05   3.4751e-05   3.4751e-05  -1.4435e-21  -1.4435e-21  -1.4435e-21   1.4435e-21   1.4435e-21   1.4435e-21
910.0  17.776159   3.5005e-05   3.5005e-05   3.5005e-05   3.5005e-05  -1.6856e-21  -1.6856e-21  -1.6856e-21   1.6856e-21   1.6856e-21   1.6856e-21
920.0  17.794905   3.5264e-05   3.5264e-05   3.5264e-05   3.5264e-05  -9.6794e-22  -9.6794e-22  -9.6794e-22   9.6794e-22   9.6794e-22   9.6794e-22
930.0  17.813811   3.5526e-05   3.5526e-05   3.5526e-05   3.5526e-05   1.5936e-21   1.5936e-21   1.5936e-21  -1.5936e-21  -1.5936e-21  -1.5936e-21
940.0  17.832878   3.5793e-05   3.5793e-05   3.5793e-05   3.5793e-05  -1.0421e-21  -1.0421e-21  -1.0421e-21   1.0421e-21   1.0421e-21   1.0421e-21
