#Found quasiharmonic mode : phonon
#T(K), volume, F(eV), S(J/K), H(J/K), a(-6/K), Cp(J/mol), Cv, Cpion, Bt(GPa), T_ph-D(K), T-D(K), F_el_atom, S_el_atom, C_el_atom, M_el, Seebeck_coefficients(10**-6 V/K), Lorenz_number(WOK^{-2}), Q_el, Q_p, Q_e, C_mu, W_p, W_e, Y_p, Y_e
0.0 16.64290352062022 -3.707487023172142 0.0 -357718.11676135426 0.0 0.0 0.0 0.0 75.46022331986539 400.0 400.0 0.0 0.0 0.0 0.0 0.0 2.443004551768e-08 0.0 0.0 0.0 0.0 0.0 0.0 0.0 0.0
10.0 16.64290726384895 -3.7074876865419455 0.016390508697720296 -357718.0168617231 2.656454574687492e-08 0.030668992667489375 0.030668944633958157 0.021384348907825212 75.46005587647475 449.6244829857033 400.0 -4.81143468283397e-07 0.0092846590290422 0.009284643759664165 -1.039406774191182e-07 -0.020914656657255958 2.4430000976958568e-08 0.0003394324458519342 0.0001696933629229256 0.00016970705586200408 0.009284638776728686 0.00016969724779143793 0.00016973519806049638 0.0002352766245438178 0.00023527662450789535
20.0 16.64295593387705 -3.707491980160192 0.07963351403275082 -357717.002367712 2.1650072796926462e-07 0.21944775091974186 0.21944137013365236 0.20088003940657945 75.45735759672999 426.1899386481651 400.0 -1.9245701599849596e-06 0.018569058090994284 0.01856771151316241 -4.319372121308336e-07 -0.04559854605455199 2.4428048848625866e-08 0.0006788615211112809 0.0003393832081772301 0.0003394462857918103 0.018567676303460255 0.00033935176673126696 0.000339509754380014 0.000470551898790667 0.0004705518987557765
30.0 16.6432035948528 -3.7075084853315943 0.2734576009496507 -357711.98381690856 8.812333525732597e-07 0.890736691878792 0.8905781483604089 0.8628899660447314 75.442322157339 392.86491693090284 400.0 -4.330248071943878e-06 0.027852437277758175 0.027846725834060473 -1.0244314123156004e-06 -0.07326950256195916 2.4424302871540967e-08 0.001018271421248109 0.0005090431677779802 0.0005091962259826443 0.02784661916413885 0.0005089485082932154 0.0005093229129548937 0.0007058196272487973 0.0007058196272184578
40.0 16.643943596938477 -3.7075561892884323 0.6987778228269222 -357696.83916414296 2.178922421575031e-06 2.2347831150238555 2.2334913877242246 2.1976584948643576 75.40109690328684 379.1485396767402 400.0 -7.698243027737906e-06 0.03713534766837404 0.03712462015949797 -1.8924356117221972e-06 -0.10186644988326476 2.442182548948995e-08 0.0013576739591668113 0.0006786790211370193 0.0006789629095365132 0.03712438510117208 0.0006784923075701581 0.0006791816515966533 0.0009410905714927484 0.0009410905714653142
50.0 16.645453281051036 -3.707661537336989 1.388233610385647 -357665.54313798994 3.918010998058579e-06 4.070435366644598 4.065219363096308 4.024028399602609 75.32645589183964 376.0067466602252 400.0 -1.2028960132038422e-05 0.04641983591231601 0.04640696704198918 -3.048701254676018e-06 -0.134422360518362 2.442197786635619e-08 0.0016971254464991355 0.000848317952756115 0.0008487754632160795 0.04640654267567492 0.000848009205184598 0.0008491162413145375 0.0011764012006825512 0.0011764012006603849
60.0 16.64788578246479 -3.7078506820142536 2.310330152570219 -357614.5846963596 5.834583586801434e-06 6.121166936291471 6.107304244684111 6.0654669864640685 75.21839810396999 376.3898560166975 400.0 -1.732323366871385e-05 0.055708532660219225 0.05569994982740185 -4.542540713311526e-06 -0.17531928199693406 2.442522254070372e-08 0.0020367037709839706 0.0010179936770346677 0.0010186780601633021 0.055699290036222385 0.0010175281722445827 0.001019175598739388 0.001411800370580868 0.0014118003705648127
70.0 16.651278842265263 -3.708144951239973 3.4094379380711914 -357542.936513825 7.73832082048812e-06 8.177430514930212 8.14902775698033 8.112421234113288 75.08064679718598 377.73846187903024 400.0 -2.3582294682911755e-05 0.06500412528783946 0.06500928081692219 -6.4591146088884564e-06 -0.2274181532235061 2.4431550170447294e-08 0.002376489669442974 0.0011877375783931718 0.0011887200527401338 0.06500836996718443 0.0011870723110318385 0.0011894173584111357 0.0016473382470919794 0.0016473382470401222
80.0 16.655596935228292 -3.7085597746746117 4.629956613183139 -357451.2250172976 9.522483802318387e-06 10.115987093830437 10.06692673707809 10.041648221368838 74.91807599838255 379.18790184529365 400.0 -3.08076978934461e-05 0.07430902156463294 0.07433887246159834 -8.90204242285645e-06 -0.2914657787713385 2.44404167334098e-08 0.00271655783597885 0.001357576382275956 0.0013589494096667497 0.07433773524679926 0.0013566582288787345 0.0013598996071001155 0.0018830609044058106 0.0018830609043606608
90.0 16.660767243350385 -3.70910525388868 5.925428602342194 -357340.9637152754 1.1139688173963977e-05 11.878490463352803 11.803119614904322 11.7947999763661 74.73540933414331 380.4637560931011 400.0 -3.900123902873322e-05 0.08362515040569017 0.08369048698670155 -1.1976105875095144e-05 -0.36663618334516085 2.4450971084687366e-08 0.0030569728086269703 0.001527532077179512 0.0015294086805952916 0.08368919327970975 0.001526297661000425 0.0015306751476265447 0.0021190079037472615 0.0021190079037066256
100.0 16.666703057643144 -3.7097872377185084 7.260249354465746 -357214.02879036113 1.2578170560987706e-05 13.447246101081722 13.340721897882705 13.354181880818663 74.53671108079187 381.500111988211 400.0 -4.8164877982897304e-05 0.09295391561110912 0.09306422026305991 -1.5776001915560558e-05 -0.4512618673382701 2.4462348108540135e-08 0.0033977873391505876 0.0016976223298716456 0.0017001329506533109 0.09306288625876656 0.0016959989947244432 0.0017017883444261446 0.002355211528201551 0.0023552115281628592
110.0 16.673317062441328 -3.7106083995688905 8.608499296964355 -357072.348877 1.3845123693053845e-05 14.827058167203031 14.685433685580243 14.724598942620192 74.32527884441299 382.3031824980701 400.0 -5.830067648071296e-05 0.10229625572949398 0.10245922458283967 -2.038100021899403e-05 -0.5433895176530863 2.447384852552236e-08 0.0037390423988454026 0.0018678610048424688 0.0018711493267786201 0.102458011261511 0.0018657683176730477 0.0018732740811723543 0.0025916970510340954 0.0025916970509966427
120.0 16.680527987743186 -3.7115691418090506 9.95198692684386 -356917.74290256837 1.4956436215518184e-05 16.033580630807492 15.85374297357346 15.921706313583122 74.10370785197462 382.901161704245 400.0 -6.941075282190218e-05 0.11165274939430367 0.11187431722437029 -2.5853620713099238e-05 -0.6411133384138333 2.448499708598014e-08 0.004080768272714675 0.0020382587438536005 0.002042477452335755 0.11187342699896766 0.0020356101300547844 0.0020451581426598918 0.002828483588290998 0.0028284835882536126
130.0 16.688263346020513 -3.712668296179686 11.278345726569682 -356751.8486638375 1.593089947168105e-05 17.08652892927684 16.86607381584916 16.965220557214476 73.87401000515463 383.32585775092366 400.0 -8.149725222463841e-05 0.12102372434092772 0.12130837206236762 -3.224056643554072e-05 -0.7427401234301939 2.4495526404138333e-08 0.004422986264138803 0.002208823586876817 0.0022141305908429513 0.12130804436729462 0.0022055278757686114 0.0022174583883701918 0.0030655851977576592 0.0030655851977202378
140.0 16.69646003820347 -3.7139036429505055 12.579457801964237 -356576.10235948244 1.678719432421769e-05 18.006039825030314 17.74313260613059 17.8752793098501 73.63773569311341 383.60639117185053 400.0 -9.456232956743415e-05 0.13040934966906131 0.13076051518021414 -3.95746975494815e-05 -0.8468490690558558 2.4505329608474064e-08 0.004765710615089253 0.0023795615923840985 0.0023861169258951854 0.13076102162662165 0.002375524369858746 0.0023901862452305068 0.003303011999753622 0.0033030119997136532
150.0 16.7050639006821 -3.7152722857128424 13.850240385813766 -356391.74434536305 1.7542488524704673e-05 18.810905921211038 18.504153446749324 18.670675738486235 73.39607915562935 383.76749723441117 400.0 -0.00010860814106956582 0.13980970514460297 0.14023018272480328 -4.7877322797239814e-05 -0.9522933382237773 2.4514407994337275e-08 0.005108950359861805 0.0025504774092695295 0.0025584408429761524 0.14023182228180422 0.0025456021459879384 0.002563348213873868 0.0035407711922113656 0.0035407711921686927
160.0 16.714028797426913 -3.7167709172607104 15.087747274419833 -356199.83680194954 1.821191434460388e-05 19.51785881995199 19.16620134782061 19.36814172251326 73.14996307416581 383.82952454091316 400.0 -0.00012363684186276046 0.1492248286863569 0.14971709743872724 -5.716042148423938e-05 -1.0581733299649716 2.45228259569347e-08 0.005452710945195884 0.002721574765151083 0.0027311040612771663 0.1497201919312392 0.00271576372689765 0.002736947218298234 0.0037788679025905327 0.0037788679025417466
170.0 16.723315578453462 -3.7183960057228944 16.290517950004595 -356001.2855143541 1.8808498369857532e-05 20.141404650601142 19.744029126461655 19.982183444390948 72.90010397801467 383.8089858109509 400.0 -0.00013965058715173875 0.15865474609675806 0.15922120621019598 -6.742861527835487e-05 -1.1637990925522004 2.453067710807343e-08 0.0057969955437266385 0.0028928568543584838 0.002904106559162906 0.15922609628019704 0.002886011819047989 0.00291098372467865 0.0040173058636087415 0.0040173058635575
180.0 16.732891063740922 -3.7201439232917153 17.458112164743728 -355796.8617833471 1.9343303860647765e-05 20.69392882042506 20.250201403996986 20.52518621422182 72.64706184906704 383.71921936806115 400.0 -0.00015665153521473565 0.16809948765264898 0.16874260620324139 -7.868082696153907e-05 -1.2686512762487931 2.4538061307174434e-08 0.0061418060526510125 0.0030643266251894194 0.0030774472855827914 0.16874964777447146 0.003056349437267364 0.003085456615383646 0.004256087924658982 0.0042560879246037195
190.0 16.742727122734276 -3.722011034063094 18.590779745157707 -355587.2226243023 1.98256571088409e-05 21.185915204242214 20.69532978845408 21.007633728787237 72.3912774032164 383.5710000965822 400.0 -0.00017464185114809237 0.17755909567741665 0.17828147545497688 -9.091162529191224e-05 -1.3723452096658029 2.4545070676578596e-08 0.006487143807391343 0.003235986976745333 0.0032511246769001616 0.17829103667163304 0.0032267799698415434 0.0032603638375498 0.00449521642227707 0.00449521642221891
200.0 16.75279987284664 -3.723993752928436 19.68922754091214 -355372.928555923 2.026339212453019e-05 21.62619892716798 21.088338363788566 21.438360911439506 72.13310002818613 383.3730564761617 400.0 -0.00019362371063138433 0.18703362637293797 0.18783801572847558 -0.00010411228532531385 -1.4745999566137051 2.4551782307002754e-08 0.006833010057526248 0.003407840881086946 0.0034251370106688243 0.187850474299878 0.00339730719690779 0.0034357028606184586 0.004734693436547973 0.004734693436486769
210.0 16.763088997226546 -3.7260885840733096 20.75445560651212 -355154.4588654863 2.0663082504039708e-05 22.022213087642402 21.436720240272496 21.82480067738002 71.87280873856339 383.1324886811022 400.0 -0.00021359930328460115 0.19652314833279835 0.19741241026238368 -0.00011827160478248953 -1.5752127523262103 2.4558255570383856e-08 0.007179406256416145 0.0035798914478096535 0.003599482630684238 0.19742815112973547 0.00356793527526472 0.0036114709811514243 0.004974520959233151 0.004974520959169855
220.0 16.773577171654804 -3.7282921451625057 21.78764252389078 -354932.22451113566 2.103024767866372e-05 22.380212021747983 21.746768293097908 22.173207225701077 71.61062794595287 382.8551008320036 400.0 -0.00023457083543401317 0.20602773942137068 0.20700479604690689 -0.00013337651892705155 -1.6740385005687417 2.456453236517095e-08 0.007526334212536665 0.0037521419470639274 0.0037741600752973564 0.20702420928756982 0.0037386687014412967 0.003787665511095368 0.00521470099622549 0.005214700996209399
230.0 16.78424958669409 -3.7306011815258557 22.790065542621456 -354706.5789319837 2.136953010506139e-05 22.705465304421033 22.023774788060113 22.488850055735877 71.34673938540783 382.5456625957015 400.0 -0.0002565405322411385 0.2155474831224476 0.21661524868515494 -0.0001494125542960901 -1.7709737103906833 2.4570639044818094e-08 0.007873796143551312 0.0039245958047807545 0.0039491681362625935 0.21663872757832725 0.003909512262816042 0.00396428388073527 0.005455235623149116 0.005455235623131842
240.0 16.795093550773785 -3.733012573401183 23.763045374848083 -354477.8270627855 2.168484443686628e-05 23.002422412410723 22.272200248211508 22.776178635157745 71.08129118805844 382.20811456868427 400.0 -0.00027951063920760537 0.2250824650295287 0.22624377725297765 -0.00016636415404535165 -1.8659441691793015 2.457658915142265e-08 0.008221794666125548 0.0040972565808538 0.00412450587037033 0.22627171644395208 0.00408047098429674 0.004141323681828809 0.005696127008514439 0.005696127008495395
250.0 16.806098160966204 -3.7355233383994317 24.707908445938404 -354246.23283599573 2.1979501612808203e-05 23.274850550528186 22.49581440795681 23.03896022404091 70.81440482738351 381.84572961549526 400.0 -0.00030348342311708863 0.23463276984273004 0.2358903264872741 -0.00018421490682305416 -1.9588956749822601 2.458238637254054e-08 0.008570332746728018 0.004270127938741365 0.004300172580646691 0.23592312020260436 0.004251550075896204 0.004318782670831813 0.0059373774161693435 0.005937377416148444
260.0 16.81725402985569 -3.7381306307244273 25.625961500477594 -354012.0254232673 2.225631137113131e-05 23.52594907510585 22.6978129567732 23.280394291237997 70.54618047375112 381.4612399381014 400.0 -0.000328461172552748 0.24419847903073286 0.2455547838678534 -0.00020294770138510113 -2.0497872244959643 2.4588027361961527e-08 0.008919413631947298 0.004443213612162367 0.004476167779974734 0.24559282414887756 0.004422754884676551 0.004496658747270746 0.006178989194993873 0.006178989194971358
270.0 16.828553058649348 -3.7408317382310727 26.51847494560563 -353775.40443294845 2.2517666637591684e-05 23.758444061948207 22.8809138243396 23.503207072400397 70.27670115055221 381.0569375390862 400.0 -0.0003544461980604178 0.2537796691832051 0.2552369895478084 -0.00022254482726219741 -2.1385861404697275 2.4593504225447814e-08 0.009269040771294345 0.0046165173728490065 0.004652491146144558 0.25528066448387715 0.004594090853028804 0.00467494991826554 0.00642096476190128 0.006420964761877902
280.0 16.8399882483161 -3.7436240780902494 27.386672360774572 -353536.54424594966 2.276561289538333e-05 23.974666303454374 23.047436445788243 23.709729555926973 70.00603598251935 380.63475401214436 400.0 -0.0003814408320218683 0.2633764110009337 0.2649367475274002 -0.00024298803691877316 -2.2252647081159065 2.4598806582464028e-08 0.009619217741119684 0.004790043001713101 0.004829142474604462 0.2649864394821818 0.004765563484122904 0.004853654256996784 0.006663306582185801 0.006663306582160704
290.0 16.851553541980188 -3.7465051916001926 28.231724343638774 -353295.5976411936 2.3001905215941124e-05 24.176615612887293 23.199367000208998 23.901961775994522 69.73424275208237 380.1963242290292 400.0 -0.0004094474284062972 0.27298876883037787 0.27465383689276984 -0.00026425858157756927 -2.3097979674802755 2.4603923186695215e-08 0.009969948174989815 0.004963794264657396 0.005006121633026257 0.2747099207268435 0.004937178314560257 0.00503276986042956 0.006906017149867309 0.006906017149842156
300.0 16.863243693021115 -3.7494727385219164 29.0547453868889 -353052.6988351064 2.3228055199308207e-05 24.366013879323468 23.338412151689937 24.08162585700587 69.46136992464783 379.74303731244987 400.0 -0.0004384683623715324 0.28261680063409683 0.2843880223175955 -0.0002863372302157168 -2.392162375573984 2.460884313171909e-08 0.01032123570347385 0.005137774893473476 0.005183428520194231 0.2844508636181169 0.005108940893734541 0.00521229480973931 0.0071490989696726855 0.007149098969636361
310.0 16.87505415434464 -3.7525244912053637 29.856792854128923 -352807.96603760356 2.3445369681651763e-05 24.54434890903262 23.466043392371667 24.250209845694922 69.18745826367844 379.2760783520118 400.0 -0.0004685060298205508 0.2922605582891619 0.29413906333769857 -0.00030920427858410613 -2.472335108514324 2.4613556691819985e-08 0.010673083904610314 0.005311988571700873 0.005361063030612967 0.29420901667130245 0.005280856769097848 0.005392227135512467 0.007392554541490673 0.00739255454145439
320.0 16.886980985133572 -3.7556583286852785 30.638867389097296 -352561.5036079321 2.365498272998468e-05 24.71291072974965 23.583533711273617 24.40900400759879 68.91254212694407 378.796461041416 400.0 -0.0004995628469790073 0.3019200881153661 0.30390672215086434 -0.0003328395540398192 -2.5502938210050035 2.4618055857871978e-08 0.011025496265188577 0.0054864389250620735 0.005539025025353944 0.30398412935935315 0.005452931476380935 0.005572564788807643 0.007636386347771982 0.007636386347734479
330.0 16.899020772060506 -3.758872230871461 31.40191428285681 -352313.4038789355 2.3857882160125028e-05 24.872821728669226 23.69198799489453 24.559130958795706 68.63665051308377 378.30505542971747 400.0 -0.0005316412499323665 0.31159543154959174 0.3136907698735227 -0.0003572224192720727 -2.626016719444333 2.462233462945713e-08 0.011378476152267855 0.005661129515805845 0.005717314309231289 0.3137759584335058 0.0056251705337898705 0.005753305618477984 0.007880596843796604 0.007880596843758381
340.0 16.911170562505458 -3.762164272914781 32.1468254600887 -352063.7487057508 2.4054931580654533e-05 25.025061740668047 23.7923683021937 24.701570749359565 68.35980791177298 377.80261008710494 400.0 -0.0005647436942698673 0.3212866258983213 0.3234909913084813 -0.00038233177798565254 -2.699482837036681 2.462638912027006e-08 0.011732026793930676 0.0058360638403225015 0.005895930613940129 0.323584272776268 0.005797579439243923 0.005934447354686752 0.00812518845073239 0.008125188450693915
350.0 16.923427807768718 -3.7655326197981296 32.87444184372414 -351812.6107846128 2.4246888774874756e-05 25.170488994276802 23.885514940911204 24.83718180592066 68.08203499807831 377.2897704561195 400.0 -0.0005988726547088698 0.3309937051158138 0.3333071883561373 -0.0004081460839302105 -2.7706724255683186 2.4630217527001132e-08 0.01208615126806706 0.006011245329331507 0.006074873586653216 0.3334088569181223 0.005970163669815662 0.006115987598251397 0.00837016355115921 0.008370163551120488
360.0 16.935790314626608 -3.768975521185318 33.58555592776911 -351560.0547797187 2.4434421078034488e-05 25.309857652642414 23.972164096978112 24.96671847039843 67.80334920277134 376.7670940259144 400.0 -0.0006340306248550936 0.34071670056918546 0.34313918224398565 -0.0004346433542133416 -2.8395673999266693 2.463382000386717e-08 0.012440852497917737 0.006186677350010239 0.006254142783435463 0.34324951339079374 0.006142928682648515 0.006297923815269223 0.008615524486725127 0.008615524486685651
370.0 16.94825620388375 -3.7724913065398127 34.28091443914137 -351306.13828882424 2.4618118283211273e-05 25.443832548763794 24.05296262706907 25.090845733997373 67.52376518304752 376.2350629362708 400.0 -0.0006702201169658077 0.3504556417636567 0.3529868147664213 -0.0004618011872314807 -2.9061517887339234 2.463719847689713e-08 0.012796133253142956 0.0063623632095022205 0.006433737666804574 0.35310606410643836 0.006315879916755904 0.006480253336387051 0.008861273557581852 0.008861273557542368
380.0 16.960823874800212 -3.7760783805218594 34.96122100602975 -351050.91267351207 2.4798503508290036e-05 25.57300160262368 24.12848051001274 25.210151653897952 67.24329521305607 375.69409449268454 400.0 -0.0007074436617920487 0.3602105570106946 0.36284994872573073 -0.0004895967851746981 -2.9704121583312424 2.4640356424596277e-08 0.013151996155264101 0.006538306159324279 0.006613657606765579 0.3629783509505941 0.0064890227952243 0.006662973360039802 0.009107413023258988 0.009107413023219966
390.0 16.973491974477632 -3.779735218658061 35.62713877680094 -350794.4237749315 2.497604237616264e-05 25.697886317756325 24.19922136061632 25.325157850003688 66.96194950936813 375.14454997524564 400.0 -0.0007457038084978278 0.3699814740295614 0.3727284677526347 -0.0005180069807377623 -3.032337988302794 2.4643298645013386e-08 0.013508443686451653 0.006714509400276668 0.006793901884688688 0.3728662357639774 0.006662362727459139 0.006846080958992512 0.009353945104662224 0.00935394510462284
400.0 16.986259371441452 -3.7834603632785218 36.279292952518844 -350536.7125327765 2.5151150795257347e-05 25.818950682005454 24.26563133515273 25.436328406339477 66.67973650336846 374.5867420476846 400.0 -0.0007850031246010641 0.37976842047847476 0.38262227566597556 -0.0005470082675095352 -3.0919219852514463 2.4646031023717344e-08 0.013865478200762862 0.0068909760875424456 0.006974469699447655 0.3827695998693872 0.006835905111210904 0.0070295730895519595 0.009600871986920473 0.009600871986880505
410.0 16.999125132781163 -3.787252419711045 36.91827320979661 -350277.8155220772 2.5324201574717015e-05 25.93660873835702 24.32810669779444 25.544077442848792 66.39666307031624 374.02094101302026 400.0 -0.0008253441960102258 0.3895714244156499 0.3925312955082249 -0.0005765768334092251 -3.149160328096732 2.4648560312626315e-08 0.014223101937063878 0.007067709335736047 0.0071553601752933176 0.3926883432771472 0.007009655334202172 0.007213446602861706 0.009848195822847438 0.00984819582280751
420.0 17.012088504326503 -3.791110052719546 37.54463600048313 -350017.7654199132 2.5495530067002633e-05 26.051231044209757 24.38700026882017 25.648775575838364 66.11273472254508 373.44738011429257 400.0 -0.0008667296270622547 0.3993905146935653 0.4024554683713918 -0.0006066885964556289 -3.2040528430105306 2.4650893926101477e-08 0.014581317033005413 0.007244712223726015 0.007336572371006617 0.402622383680605 0.007183618775250341 0.007397698257755072 0.010095918736820267 0.01009591873678081
430.0 17.025148893412666 -3.795031983174283 38.158906721554494 -349756.5914123246 2.566543899562112e-05 26.163150198747832 24.442626936176605 25.750755446642376 65.82795577313162 372.86626004190566 400.0 -0.0009091620406253037 0.40922572129141965 0.41239475210545223 -0.0006373192421509785 -3.256603109671261 2.4653039757952085e-08 0.014940125539531285 0.007421987799108823 0.007518105289933305 0.41257165533101536 0.007357800804832802 0.007582324734698481 0.010344042828911756 0.010344042828871471
440.0 17.038305853868103 -3.79901698493979 38.761581753437284 -349494.3195499243 2.5834202598561957e-05 26.272665586795863 24.495268380137393 25.85031646681408 65.54232947501495 372.2777527786454 400.0 -0.0009526440782476762 0.4190770755919481 0.4223491199817844 -0.0006684442617691968 -3.3068185029592225 2.4655006020972913e-08 0.015299529435509855 0.007599539082257982 0.007699957890566299 0.42253610786181206 0.0075322067850883394 0.007767322650421515 0.010592570179146527 0.010592570179106484
450.0 17.05155907290877 -3.8030638819679297 39.353130368287914 -349230.9730595226 2.6002070195157412e-05 26.380047461953257 24.545177134896115 25.947728902586835 65.25585813953286 371.68200489007637 400.0 -0.00099717840032288 0.428944610609057 0.4323185593664214 -0.0007000389909392616 -3.3547101758380267 2.4656801109173712e-08 0.015659530642163685 0.007777369069911767 0.007882129097387627 0.4325157051149447 0.007706842069277586 0.007952688572886099 0.010841502851788283 0.01084150285174914
460.0 17.064908359682413 -3.807171545581234 39.93399651201497 -348966.57261769223 2.6169269265810308e-05 26.485540470980624 24.592580089808735 26.04323740053721 64.9685432378602 371.0791403481428 400.0 -0.0010427676862962423 0.43882836117298685 0.4423030704434154 -0.0007320786478711782 -3.40029299009131 2.4658433481867413e-08 0.01602013103705913 0.007955480738285815 0.008064617811745455 0.442510424007802 0.00788171199027633 0.008138419046782802 0.011090842899575145 0.011090842899535425
470.0 17.07835363523389 -3.811338891935094 40.504600465230254 -348701.13659157214 2.6336008118869973e-05 26.58936670430898 24.637681515723106 26.13706403929336 64.68038548784499 370.46926296107745 400.0 -0.001089414634882175 0.44872836407918204 0.4523026650156199 -0.0007645383706983471 -3.44358540205208 2.4659911568114658e-08 0.016381332467474145 0.008133877045719459 0.008247422922575551 0.4525202534666055 0.008056821868486117 0.008324510598988033 0.01134059236784602 0.011340592367806317
480.0 17.091894923708146 -3.815564879646402 41.06534038922037 -348434.68125126517 2.6502478206843127e-05 26.69172834358532 24.680665687673017 26.22941097818453 64.39138492875452 369.85245846953524 400.0 -0.0011371219643450605 0.45864465820684347 0.46231736540079166 -0.0007973932535097091 -3.4846093104995077 2.466124368966638e-08 0.01674313676302555 0.008312560934888382 0.008430543316815899 0.46254519344310374 0.008232177026704842 0.008510959736320706 0.011590753298530326 0.011590753298491107
490.0 17.105532344627086 -3.819848507575557 41.61659376346798 -348167.22095741465 2.6668856143655464e-05 26.792809965572353 24.721699163566566 26.320462762139787 64.1015409855322 369.2287963590574 400.0 -0.001185892412754941 0.46857728461241493 0.47234720343256437 -0.0008306183806242168 -3.5233898737146907 2.4662438000348872e-08 0.01710554574747588 0.008491535334614513 0.008613977889403698 0.4725852540233701 0.008407782772812716 0.008697762974663166 0.01184132773396378 0.011841327733925301
500.0 17.119266106105144 -3.82418881275386 42.158718721443414 -347898.76832742296 2.6835305466655564e-05 26.89278055226656 24.76093276889762 26.4103883326966 63.81085252427689 368.59833143054675 400.0 -0.001235728738307179 0.47852628660275437 0.48239221956995837 -0.0008641888588029185 -3.5599553022823893 2.4663502439802775e-08 0.017468561249679562 0.008670803161320966 0.008797725552766556 0.48264045463191413 0.008583644397350619 0.008884916852328943 0.012092317720522128 0.012092317720484023
510.0 17.133096498886268 -3.828584868443116 42.692055291357924 -347629.33438274806 2.7001978180059946e-05 26.991795249207243 24.798503329569844 26.49934278709295 63.51931790015474 367.9611051635138 400.0 -0.0012866337196253404 0.4884917097920863 0.49245246211429344 -0.00089807984712566 -3.5943366337248452 2.466444469953539e-08 0.017832185113654902 0.008850367320179407 0.008981785245747151 0.4927108233297937 0.008759767171037961 0.009072417942616939 0.012343725312064664 0.012343725312025973
520.0 17.147023891102403 -3.833035782319186 43.216926548412275 -347358.92867973633 2.716901611063935e-05 27.089996907391132 24.834535188340578 26.58746892086177 63.226934998834054 367.31714690138756 400.0 -0.001338610156117026 0.49847360214626446 0.5025279865293625 -0.00093226658431934 -3.6265674944642474 2.4665272199379466e-08 0.018196419207791352 0.009030230705999237 0.009166155941921314 0.5027963962026396 0.008936156342227752 0.009260262865563603 0.012595552573187063 0.012595552573149548
530.0 17.161048723665964 -3.8375406947716755 43.73363968482028 -347087.55942610593 2.733655210196997e-05 27.187517438813092 24.869141534918505 26.674898583955326 62.93370127231911 366.6664748835346 400.0 -0.001391660868331106 0.5084720140172634 0.5126188548577681 -0.0009667244134233382 -3.6566838540152964 2.466599207257882e-08 0.01856126543321635 0.009210396203911116 0.0093508366572813 0.5128972168317564 0.009112817134362445 0.009448448298853905 0.012847801582295027 0.012847801582257144
540.0 17.175171506223514 -3.8420987773096726 44.24248700359078 -346815.23358463065 2.750471106932149e-05 27.28447901107941 24.902425575188182 26.761753875853678 62.639613770045194 366.00909714475233 400.0 -0.0014457886983301178 0.5184869981704026 0.5227251352257304 -0.0010014288036048744 -3.6847237756777544 2.466661115793805e-08 0.018926725731361036 0.009390866689884633 0.00953582645728392 0.5230133358410413 0.009289754743488986 0.009636970987872057 0.01310047443449132 0.013100474434453432
550.0 17.189392813606787 -3.8467092310671376 44.743746841710866 -346541.95696564164 2.7673610934243564e-05 27.38099510278485 24.934481561219656 26.848148201357894 62.34466916568406 365.34501229969374 400.0 -0.0015009965100868106 0.5285186098062941 0.5328469014269566 -0.0010363553691540323 -3.7107271674196327 2.4667135997615416e-08 0.019292802090771093 0.00957164503113395 0.009721124463255645 0.5331448105108886 0.00946697433588347 0.009825827754887623 0.013353573244305191 0.01335357324426913
560.0 17.20371328272395 -3.851371285400475 45.23768442801754 -346267.73430960637 2.7843363454902945e-05 27.477171438140385 24.96539570052549 26.934187205564108 62.04886378041034 364.67421022742917 400.0 -0.0015572871899125942 0.5385669065790781 0.5429842325762769 -0.001071479885587746 -3.7347355360716357 2.4667572839342592e-08 0.01965949655321317 0.00975273408644715 0.00990672985816975 0.5432917044504777 0.009644481045827928 0.01001501550738524 0.013607100148266075 0.013607100148230168
570.0 17.218133609845626 -3.8560841965722403 45.72455268070448 -345992.56936095445 2.8014074965900657e-05 27.573106816654064 24.995246960342154 27.019969603830337 61.752193602995575 363.9966726685518 400.0 -0.0016146636468658915 0.5486319486122747 0.5531372128237255 -0.001106778302834204 -3.7567917474284407 2.466792764201973e-08 0.020026811219134244 0.009934136706473813 0.010092641891818055 0.5534540873199046 0.009822279973576176 0.010204531245558063 0.013861057307328553 0.013861057307293225
580.0 17.232654548242643 -3.860847246514041 46.20459294905315 -345716.46493404394 2.81858470396143e-05 27.668893851462496 25.02410778044953 27.105587920342597 61.454654307044585 363.31237374588915 400.0 -0.0016731288132240552 0.5587137985131639 0.5633059311198982 -0.0011422267556115639 -3.7769397943773755 2.4668206083791364e-08 0.020394748252528495 0.010115855734011255 0.010278859885391588 0.5636320345938322 0.010000376183537135 0.010394372068991358 0.014115446909177383 0.014115446909142456
590.0 17.2472769061384 -3.865659741664089 46.67803570364365 -345439.4229722233 2.835877707895578e-05 27.764619627929626 25.05204470613151 27.19112914690568 61.156241265937474 362.62128041801896 400.0 -0.001732685644945519 0.5688125213863952 0.5734904810239463 -0.001177801570979135 -3.795224574745081 2.466841357185511e-08 0.020763309885267034 0.010297894004309633 0.01046538323550515 0.5738256273589043 0.010178774702697478 0.01058453518256956 0.01437027117040925 0.014370271170374947
600.0 17.2620015449474 -3.8705210118742315 47.1451011789944 -345161.44460072706 2.853295885060061e-05 27.860366292598446 25.079118951263162 27.276675332052214 60.85694956546751 361.92335287352523 400.0 -0.0017933371221268062 0.5789281848473994 0.5836909605462297 -0.00121347927317168 -3.8116916801639524 2.466855525338333e-08 0.021132498420947415 0.010480254345425568 0.010652211417693283 0.5840349521378614 0.0103574805193012 0.010775017901646217 0.01462553233861363 0.014625532338580405
610.0 17.276829377770714 -3.8754304093796605 47.60599997226333 -344882.5301738635 2.8708482966069176e-05 27.956211581148963 25.105386900137 27.36230410913043 60.5567740147519 361.218544872772 400.0 -0.0018550862495710935 0.5890608590359142 0.5939074720185346 -0.001249236585790835 -3.8263871969231444 2.4668636027065615e-08 0.021502316238313716 0.010662939578642356 0.010839343989410038 0.594260100734173 0.010536498581795896 0.010965817656517824 0.01488123269436121 0.014881232694327598
620.0 17.291761368122593 -3.8803873078312705 48.06093360135981 -344602.6793174898 2.8885437317346576e-05 28.052229292879446 25.130900555471875 27.44808917089444 60.255709155291406 360.5068040432193 400.0 -0.0019179360572449435 0.5992106166297584 0.6041401219850061 -0.0012850504314241367 -3.839357519483779 2.4668660554859353e-08 0.021872765794294525 0.010845952518969415 0.01102678059256759 0.6045011700912544 0.010715833798050158 0.011156931996244365 0.015137374553104538 0.015137374553071901
630.0 17.30679852887332 -3.885391101380989 48.51051748846121 -344321.6248151068 2.906390747272169e-05 28.148352002964813 25.155570223781655 27.53396298118671 59.95374926863173 359.8504039646847 400.0 -0.0019818896005356925 0.609377533116208 0.6143890217781034 -0.001320898023684619 -3.8506491562186356 2.4668633294123452e-08 0.022243849632490476 0.011029295980447598 0.01121452095671851 0.6147582628322036 0.010895491034079217 0.011348358598411266 0.015393960266455516 0.015393960266423883
640.0 17.321941921382084 -3.8904412038220784 48.95493320060443 -344039.354395719 2.924397703773758e-05 28.24465808959006 25.17945151515274 27.62000378757424 59.65088838268595 359.2502314738979 400.0 -0.0020469499543342155 0.6195616927982345 0.6246543020158217 -0.0013567589619370895 -3.8603081874662357 2.466855892747073e-08 0.022615570528240248 0.011212972887876017 0.01140256493239732 0.625031501738915 0.011075475105684041 0.011540095422556207 0.015650992219390033 0.01565099221935872
650.0 17.337192654812007 -3.895537047776074 49.39393673186477 -343756.1269647267 2.9425727985842195e-05 28.341352076290853 25.202725657642723 27.706415964225208 59.34712027677586 358.64448253847905 400.0 -0.002113120216603004 0.6297631903120602 0.6349361120656473 -0.0013926153173417662 -3.868380440672161 2.4668442247369624e-08 0.022987931558657557 0.011396986310569112 0.011590912527400557 0.6353210292059662 0.011255790814733846 0.011732140743923715 0.015908472865464394 0.015908472865434245
660.0 17.35255188560811 -3.900678083926394 49.82769868522501 -343471.9392885949 2.9609240962225058e-05 28.43849509544023 25.225429932223467 27.793260490348647 59.04243848565779 358.03309728944896 400.0 -0.0021804035178788744 0.6399821256413138 0.6452346050915816 -0.0014284496050414022 -3.874911953051283 2.4668287675115784e-08 0.02336093600733124 0.011581339372976148 0.011779563900865021 0.6456269922553173 0.011436442979646655 0.011924493027684589 0.01616640475646125 0.016166404756432537
670.0 17.36802081712835 -3.9058637802943394 50.25638283695649 -343186.7875564172 2.979459556447035e-05 28.536146172635224 25.247598927892852 27.880596235343624 58.73683630251149 357.41601223645705 400.0 -0.002248803023026769 0.6502186038650037 0.6555499372916006 -0.001464244699618071 -3.879948875945877 2.4668099263597492e-08 0.023734587360978193 0.011766035249270532 0.011968519365331323 0.6559495417465182 0.011617436434260057 0.012117150926718136 0.01642479054671026 0.016424790546681448
680.0 17.383600699417286 -3.9110936215545564 50.6801465110898 -342900.66740056395 2.9981870602784247e-05 28.634362486666966 25.26926477159466 27.968480218814985 58.430306781077974 356.7931603253836 400.0 -0.002318321932705305 0.6604727351534522 0.665882267851979 -0.0014999838424545342 -3.8835373645188977 2.466788072164324e-08 0.024108889310844574 0.01195107716239995 0.012157779389094963 0.666288832302627 0.011798776025849287 0.012310113284995292 0.016683632996395137 0.016683632996367208
690.0 17.399292829112746 -3.9163671083887124 51.09914093013691 -342613.5739149345 3.0171144342521083e-05 28.733199607968825 25.290457335738687 28.056967849024822 58.12284273695523 356.16447357169704 400.0 -0.0023889634848393627 0.6707446347718081 0.6762317589440052 -0.0015356506479588484 -3.8857234764889834 2.466763543809575e-08 0.02448384575383066 0.012136468383273777 0.012347344598143697 0.6766450222773012 0.011980466613406576 0.012503379140424086 0.016942934974734196 0.016942934974706624
700.0 17.415098549478408 -3.921683756873449 51.51351154382503 -342325.50167086656 3.0362494731301507e-05 28.832711718069213 25.31120442576979 28.14611314231373 57.814436748086614 355.52987257055986 400.0 -0.002460730956106744 0.6810344230919231 0.6865985757554833 -0.0015712291086496686 -3.8865530800619266 2.4667366505252975e-08 0.024859460793442822 0.012322212230111613 0.012537215777761061 0.6870182737559042 0.012162513066205784 0.012696947727237035 0.017202699463059405 0.01720269946303274
710.0 17.431019250556155 -3.9270430979011053 51.92339833746059 -342036.4447309448 3.0555999612755344e-05 28.93295181228892 25.331531949937816 28.2359689257386 57.5050811546227 354.88928254309656 400.0 -0.0025336276635587575 0.691342225613176 0.6969828865503209 -0.001606703599237467 -3.886071771072047 2.466707674140201e-08 0.025235738740665325 0.012508312067984376 0.012727393873857056 0.6974087525843219 0.012344920262670134 0.012890818477995192 0.017462929557842965 0.01746292955781791
720.0 17.447056369428527 -3.9324446766320875 52.32893612139834 -341746.39666096616 3.0751736928676045e-05 29.033971887651113 25.35146407316413 28.326587024900498 57.19476805814464 354.2426224811697 400.0 -0.002607656966176456 0.7016681729925848 0.7073848627506157 -0.0016420588797491965 -3.8843247992300354 2.4666768712256917e-08 0.0256126841148305 0.01269477130856299 0.012917879994089564 0.7078166284202448 0.01252769308955303 0.013084991025277475 0.017723628473695432 0.01772362847367098
730.0 17.463211390594804 -3.9378880519752784 52.730254803012436 -341455.3505400155 3.0949784911478666e-05 29.135823117818877 25.371023356677448 28.418018438782752 56.883489320152734 353.5898079031004 400.0 -0.002682822266549315 0.7120124010847796 0.7178046790361214 -0.00167728009776748 -3.8813570032760016 2.4666444751145886e-08 0.025990301644570474 0.012881593410094856 0.013108675408839669 0.7182420748020995 0.01271083644144472 0.013279465203125757 0.017984799546371017 0.01798479954634769
740.0 17.479485846446835 -3.9433727960960425 53.127479642399464 -341163.29896892415 3.115022226816279e-05 29.23855601657952 25.39023088489629 28.510313503122624 56.57123656007979 352.93075083776085 400.0 -0.0027591270125609632 0.7223750509917767 0.7282425134568937 -0.001712352789908529 -3.877212754774589 2.466610697786929e-08 0.02636859626890512 0.0130687818776188 0.013299781552084642 0.728685269231698 0.012894355220602892 0.01347424104830223 0.0182464462358095 0.018246446235786872
750.0 17.495881317847733 -3.948898493950594 53.52073149299771 -340870.2340772426 3.13531283572123e-05 29.342220591301334 25.40910638086635 28.603522043745883 56.25800115280741 352.26535979878804 400.0 -0.0028365746991557473 0.7327562691229291 0.7386985475554476 -0.0017472628825688035 -3.8719359102231703 2.46657573161677e-08 0.02674757313853179 0.013256340263426416 0.013491200022226313 0.7391463932671487 0.013078254337111614 0.013669318801420182 0.018508572129235658 0.018508572129214286
760.0 17.512399434811442 -3.9544647428428874 53.91012702819687 -340576.1475285968 3.1558583359954796e-05 29.44686648768681 25.427668311413104 28.697693521190903 55.94377422547641 351.59353974909214 400.0 -0.0029151688701698417 0.7431562072652012 0.7491729664959094 -0.0017819966920660023 -3.865569771097602 2.466539750979664e-08 0.02712723761736888 0.013444272167780998 0.013682932582915685 0.7496256326237003 0.013262538709366991 0.01386469890800189 0.018771180944350607 0.018771180944330147
770.0 17.52904187727526 -3.9600711520056677 54.295778954909935 -340281.03052481724 3.1766668446963865e-05 29.552543126853926 25.44593398303853 28.79287716765657 55.62854665400598 350.9151920562434 400.0 -0.0029949131201830715 0.7535750226636816 0.7596659591973555 -0.0018165409242175783 -3.8581570514497754 2.4665029137208967e-08 0.027507595284391895 0.013632581239890902 0.013874981163915676 0.7601231772798663 0.013447213264881566 0.014060382019510329 0.0190342765326254 0.019034276532606136
780.0 17.545810375971467 -3.965717342202595 54.67779621504626 -339984.87380872504 3.1977465941149395e-05 29.659299835903102 25.46391962947879 28.889122117432912 55.31230905891328 350.2302144388467 400.0 -0.0030758110964786934 0.7640128781126587 0.7701777184701951 -0.0018508826734643811 -3.8497398526230406 2.4664653624890713e-08 0.027888651935810613 0.013821271179147067 0.014067347862040723 0.7706392215877919 0.013632282941406079 0.014256368994404531 0.019297862882731113 0.019297862882712805
790.0 17.562706713390536 -3.9714029453500785 55.056284175709756 -339687.66766563785 3.2191059477970194e-05 29.76718597280474 25.48164049173792 28.986477531650916 54.99505180087943 349.5385009040886 400.0 -0.0031578665010646052 0.7744699420571288 0.7807084411538272 -0.0018850094215904834 -3.8403596446685437 2.4664272259391127e-08 0.028270413587614795 0.014010345736618562 0.014260034942206953 0.7811739643862061 0.013817752688356912 0.01445266089925788 0.019561944124114397 0.019561944124097504
800.0 17.579732724840067 -3.977127604159236 55.43134480891891 -339389.40192378865 3.2407534164056476e-05 29.876251046535096 25.49911089132556 29.084992718279928 54.67676497565192 348.83994167668635 400.0 -0.0032410830927505924 0.7849463887049665 0.7912583282551665 -0.0019189090361330827 -3.8300572540197297 2.4663886198118943e-08 0.028652886478524677 0.014199808716810439 0.01445304483862477 0.791727609115604 0.0140036274685436 0.014649259009981081 0.01982652453074659 0.019826524530730538
810.0 17.59689029959932 -3.9828909717947596 55.803076861572286 -339090.0659534934 3.262697673497918e-05 29.986544833243524 25.516344297348603 29.184717248156172 54.357438408585224 348.1344231190101 400.0 -0.0033254646893335453 0.7954423981498655 0.8018275850873522 -0.001952569768525195 -3.818872856997814 2.4663496478968888e-08 0.029036077073373807 0.014389663979679387 0.014646380156166117 0.8023003639350231 0.014189912260187235 0.014846164813186576 0.02009160852505834 0.020091608525043412
820.0 17.614181382165143 -3.9886927115523036 56.17157601631505 -338789.6486653691 3.284947571279581e-05 30.098117489124387 25.533353388037867 29.28570106771583 54.03706164874045 347.4218276428617 400.0 -0.0034110151698526926 0.8059581565050004 0.8124164214085575 -0.0019859802520673575 -3.806845978726468 2.4663104028862754e-08 0.029419992066942506 0.014579915442904386 0.01484004367192719 0.8128924418403665 0.014376612059216951 0.015043380007725553 0.020357200682079527 0.02035720068206607
830.0 17.63160797359843 -3.994532496550775 56.53693504395531 -338488.1385073514 3.3075121564516365e-05 30.211019660762716 25.550150107230905 29.38799460920146 53.71562396241253 346.7020336123601 400.0 -0.0034977384769358977 0.8164938560478655 0.8230250515612575 -0.002019129499770105 -3.794015497035362 2.4662709671282435e-08 0.029804638388274622 0.014770567084413072 0.015034038337018898 0.823504060784627 0.014563731881840404 0.01524090650643422 0.020623305733804304 0.020623305733791453
840.0 17.649172132964857 -4.000410009441154 56.899243947983024 -338185.5234607964 3.330400686187748e-05 30.325302593508848 25.566745716277563 29.491648898896834 53.39311432633273 345.97491523826363 400.0 -0.003585638619239134 0.8270496953761944 0.8336536946120123 -0.0020520069021208996 -3.780419650964539 2.4662314132874677e-08 0.03019002320548795 0.014961622945154594 0.015228367278604322 0.8341354438000763 0.014751276767373393 0.01543874643811455 0.020889928573789785 0.020889928573778478
850.0 17.666875978877155 -4.006324942128742 57.258590101746435 -337881.79103544704 3.353622644339502e-05 30.441018238526727 25.583150841787937 29.59671566403411 53.06952142029251 345.24034246327193 400.0 -0.0036747196740032516 0.8376258795753931 0.8443025744926143 -0.0020846022248679355 -3.766096053481189 2.4661918049210572e-08 0.030576153931103914 0.015153087132123402 0.015423033802204712 0.8447868191232509 0.014939251781323219 0.015636902149780692 0.021157074262017274 0.02115707426200712
860.0 17.684721691137803 -4.012276995510717 57.615058378774286 -337576.9282635414 3.377187757930156e-05 30.55821935907 25.599375519599644 29.703247438926727 52.74483361938971 344.49818083843394 400.0 -0.00376498578970489 0.8482226203976408 0.8549719201432766 -0.0021169056068231036 -3.7510817080507706 2.4661521969779495e-08 0.030963038227910373 0.01534496382162332 0.015618041394298116 0.8554584203233865 0.015127662018714594 0.01583537620919578 0.021424748030018897 0.02142474803000973
870.0 17.702711512487888 -4.018265879225538 57.96873127671911 -337270.92169279425 3.401106014014185e-05 30.676959636527513 25.615429235304127 29.81129767086891 52.41903898565704 343.7482913900266 400.0 -0.003856441188830422 0.8588401364530741 0.8656619656586051 -0.002148907557773274 -3.7354130287204477 2.466112636228629e-08 0.03135068401537836 0.015537257262775545 0.01581339372522815 0.8661504864350109 0.015316512603726089 0.016034171411652278 0.021692955286297395 0.02169295528628964
880.0 17.72084775046214 -4.024291311415908 58.31968903534547 -336963.7573784903 3.425387676967675e-05 30.797293776769347 25.631320961637403 29.920920826331894 52.09212525934683 342.99053047724493 400.0 -0.003949090170761462 0.8694786534133225 0.8763729504374538 -0.002180598956535846 -3.7191258633967172 2.466073161633014e-08 0.03173909947664614 0.015729971781264847 0.016009094652441852 0.876863262095763 0.015505808669237876 0.01623329080740827 0.021961701622050456 0.02196170162204381
890.0 17.739132779357522 -4.0303530185031775 58.66800974898059 -336655.42087453086 3.450043306289393e-05 30.919277617303614 25.647059193012247 30.03217249796596 51.76407984957781 342.2247496395645 400.0 -0.0040429371148068965 0.8801384042279548 0.8871051193376545 -0.002211971049188892 -3.702255520016984 2.4660338046526225e-08 0.03212829306609293 0.015923111783324072 0.0162051482240789 0.8875969976903889 0.015695555415767205 0.016432737650325734 0.022230992817218548 0.022230992817213288
900.0 17.757569042315865 -4.0364507349734 59.01376947379475 -336345.89722351136 3.475083774980393e-05 31.04296823574896 25.662651977440397 30.14510951291227 51.43488982454689 341.45079543420087 400.0 -0.004137986483363845 0.8908196293541749 0.8978587228366881 -0.0022430154475448624 -3.684836795344386 2.4659945895135174e-08 0.03251827351751564 0.01611668175995614 0.016401558682926275 0.8983519495019308 0.015885758097352317 0.01663251542016333 0.02250083484687601 0.022500834846870918
910.0 17.77615905352813 -4.042584203174215 59.35704233027629 -336035.1709457783 3.500520288578936e-05 31.168424060102613 25.67810694607083 30.259790042903226 51.10454190105344 340.66850926279557 400.0 -0.004234242825215928 0.9015225770004243 0.9086340171993839 -0.00227372412786762 -3.6669040061330165 2.4659555334252308e-08 0.032909049852931624 0.0163106862913921 0.01659833047076304 0.9091283798711672 0.01607642201863545 0.016832627834296173 0.022771233887979664 0.02277123388797642
920.0 17.794905400561262 -4.048753173122293 59.69790060122094 -335723.22602748504 3.526364404920921e-05 31.29570498131367 25.69343134054817 30.376273716659913 50.773022433682065 339.8777271868976 400.0 -0.004331710778990294 0.9122475033843206 0.9194312646537534 -0.0023040894299350633 -3.648491022437739 2.465916646761145e-08 0.03330063139202185 0.01650513005178961 0.016795468233104956 0.9199265573653521 0.016267552539483292 0.01703307885253856 0.02304219632650403 0.023042196326501597
930.0 17.813810746819943 -4.054957402320909 60.0364148255695 -335410.0459076058 3.552628054725415e-05 31.424872468672888 25.70863203837677 30.494621735096455 50.44031740313299 339.07827973198863 400.0 -0.0044303950767989346 0.9229946730058773 0.9302507335764307 -0.0023341040563912554 -3.629631302855064 2.4658779332049788e-08 0.0336930277622464 0.016700017814170295 0.016992976824382597 0.9307467569576927 0.0164591550798123 0.017233872682434103 0.023313728764972612 0.023313728764972463
940.0 17.83287783414066 -4.061196655586983 60.37265388836145 -335095.6134638835 3.579323563060377e-05 31.555989688481155 25.723715576457653 30.614896989792943 50.10641240413947 338.2699916790172 400.0 -0.004530300548028633 0.9337643589363578 0.9410926986882119 -0.0023637610725258788 -3.6103579315260395 2.465839389866631e-08 0.0340862489096428 0.016895354455602994 0.017190861313556495 0.9415892602180094 0.01665123512461124 0.017435013785031567 0.023585838030420275 0.02358583803042057
